Size 1300x1160
Image 
PenColor 0404A4
BrushColor -1
TextOut Arial, 36, 51, 174, Коломна, 1
TextOut Arial, 20, 19, 210, схема движения трамваев

PenColor 0000FF
TextOut Arial, 16, 56, 420, 1 - Конькобежный центр — Голутвин (внутреннее кольцо), 1
PenColor 5DA130
TextOut Arial, 16, 56, 440, 2 Улица Спирина — Голутвин (внутреннее кольцо), 1
PenColor DC143C
TextOut Arial, 16, 56, 460, 3 Конькобежный центр — Голутвин (внешнее кольцо), 1
PenColor ADFF2F
TextOut Arial, 16, 56, 480, 4 Улица Спирина — Голутвин (внешнее кольцо), 1
PenColor F36223
TextOut Arial, 16, 56, 500, 5 Улица Осипенко — Станция «Коломна», 1
PenColor 884535
TextOut Arial, 16, 56, 520, 6 Трамвайное управление — Голутвин (внутреннее кольцо), 1
PenColor 808080
TextOut Arial, 16, 56, 540, 7 Мясокомбинат — Конькобежный центр, 1
PenColor 42AAFF
TextOut Arial, 16, 56, 560, 8 Трамвайное управление — Голутвин (внешнее кольцо), 1
PenColor 900090
TextOut Arial, 16, 56, 580, 9 Конькобежный центр — Станция «Коломна», 1
PenColor DC004B
TextOut Arial, 16, 56, 600, 10 Станция «Коломна» — Улица Спирина, 1

PenColor 808080
Railway 4, 6, 4, 768,1, 754,97, 769,198, 810,270, 901,347, 1086,464, 1299,580
Railway 4, 6, 4, 5,924, 74,934, 149,923, 237,882, 326,839, 490,767, 607,747, 738,762, 823,745, 914,741, 1035,706, 1119,708, 1205,642, 1221,572, 1190,527
TextOut Arial, 18, 772, 150, ст. Коломна
TextOut Arial, 18, 1050, 419, ст. Голутвин
TextOut Arial, 18, 1011, 735, ст. Бочманово
TextOut Arial, 18, 283, 778, ст. Разъезд 6 км
TextOut Arial, 18, 35, 908, ст. Сычево

BrushColor D0D0D0
Polygon 756,181, 749,154, 759,151, 766,178
Polygon 1054,453, 1030,439, 1036,429, 1060,444
Polygon 989,726, 986,717, 1011,709, 1014,718
Polygon 421,802, 400,812, 396,804, 418,794
Polygon 51,939, 25,936, 27,926, 52,929

; река
PenColor B1DFF7
BrushColor B1DFF7
Spline 1299,372, 1267,364, 1234,354, 1207,335, 1175,315, 1091,268, 1025,228, 994,208, 951,121, 919,85, 890,48, 871,21, 856,1, 3
Spline 803,1, 863,73, 913,142, 963,220, 1017,256, 1059,286, 1125,331, 1149,343, 1182,362, 1207,375, 1235,389, 1275,400, 1299,406, 3
Polygon 1300,372, 1267,364, 1234,354, 1207,335, 1175,315, 1091,268, 1025,228, 994,208, 950,118, 919,85, 890,48, 871,21, 856,0, 803,0, 863,73, 913,142, 963,222, 1017,256, 1059,286, 1125,331, 1149,343, 1182,362, 1207,375, 1235,389, 1275,400, 1300,406

Spline 1299,766, 1196,776, 1122,806, 1048,825, 968,861, 912,880, 857,898, 791,932, 729,959, 681,991, 619,1035, 548,1097, 490,1159, 3
Spline 557,1159, 576,1134, 605,1116, 647,1082, 687,1053, 724,1031, 768,1010, 809,992, 859,972, 906,957, 1016,928, 1136,901, 1299,873, 3
Polygon 1300,766, 1204,773, 1122,806, 1048,825, 968,861, 912,880, 857,898, 791,932, 729,959, 681,991, 619,1035, 548,1097, 489,1160, 557,1160, 576,1134, 605,1116, 647,1082, 687,1053, 724,1031, 768,1010, 809,992, 859,972, 906,957, 1016,928, 1136,901, 1300,873

PenColor 0404A4
BrushColor -1
AngleTextOut 25, Arial, 22, 705, 990, река Ока -->
AngleTextOut -30, Arial, 20, 1122, 292, река Москва -->
