Size 475x920

; реки
PenColor E3E4F0
BrushColor E3E4F0
Spline 384,896, 394,869, 405,849, 418,827, 414,804, 411,787, 421,774, 443,760, 457,739, 465,726, 475,718, 8
Polygon 298,893, 297,888, 299,881, 301,875, 305,874, 312,871, 344,871, 347,874, 350,876, 353,875, 355,874, 360,878, 361,881, 367,886, 362,894
Polygon 474,701, 471,700, 466,703, 462,709, 456,713, 452,713, 449,711, 449,708, 452,701, 455,692, 456,682, 462,672, 465,665, 468,662, 471,665
Polygon 220,495, 224,495, 228,492, 229,486, 227,482, 245,486, 248,490, 250,495, 250,502, 248,508, 242,514, 238,520, 234,530, 230,537, 227,544, 223,555, 220,558, 216,560, 211,560, 207,560, 205,554, 202,543, 202,535, 205,530, 208,525, 207,521, 204,516, 202,513, 207,509, 211,506, 223,506, 223,502
Polygon 236,443, 245,437, 249,437, 256,440, 260,450, 258,459, 256,462, 252,463, 247,460, 244,456, 241,451, 237,446
Polygon 475,607, 458,600, 447,580, 450,560, 440,545, 415,527, 404,517, 404,511, 410,504, 410,495, 408,489, 413,484, 408,481, 408,470, 407,454, 409,429, 409,387, 410,367, 407,356, 406,314, 406,284, 402,276, 389,260, 375,247, 364,242, 336,221, 331,217, 327,209, 323,209, 306,190, 294,171, 287,166, 274,166, 242,156, 234,153, 232,148, 231,125, 227,124, 225,129, 226,139, 228,151, 247,165, 277,174, 294,191, 303,199, 308,204, 314,204, 317,214, 331,226, 361,253, 381,269, 394,302, 396,344, 400,386, 395,439, 400,481, 400,507, 396,516, 400,525, 411,534, 431,548, 439,554, 440,579, 447,600, 475,612
Polygon 80,0, 91,17, 114,39, 127,58, 147,66, 167,81, 172,82, 169,77, 168,70, 176,79, 187,81, 204,89, 216,99, 223,105, 229,110, 229,119, 222,119, 219,114, 220,110, 212,103, 198,94, 184,90, 168,90, 163,93, 156,90, 139,81, 125,72, 117,61, 107,41, 94,33, 80,16, 70,0
Spline 475,607, 458,600, 447,580, 450,560, 440,545, 415,527, 404,517, 404,511, 410,504, 410,495, 408,489, 413,484, 408,481, 408,470, 407,454, 409,429, 409,387, 410,367, 407,356, 406,314, 406,284, 402,276, 389,260, 375,247, 364,242, 336,221, 331,217, 327,209, 323,209, 306,190, 294,171, 287,166, 274,166, 242,156, 234,153, 232,148, 231,125, 227,124, 225,129, 226,139, 228,151, 247,165, 277,174, 294,191, 303,199, 308,204, 314,204, 317,214, 331,226, 361,253, 381,269, 394,302, 396,344, 400,386, 395,439, 400,481, 400,507, 396,516, 400,525, 411,534, 431,548, 439,554, 440,579, 447,600, 475,612
Spline 80,0, 91,17, 114,39, 127,58, 147,66, 167,81, 172,82, 169,77, 168,70, 176,79, 187,81, 204,89, 216,99, 223,105, 229,110, 229,119, 222,119, 219,114, 220,110, 212,103, 198,94, 184,90, 168,90, 163,93, 156,90, 139,81, 125,72, 117,61, 107,41, 94,33, 80,16, 70,0

; серые улицы
PenColor DDDDDD
Spline 34,0, 31,12, 23,25, 18,43, 18,67, 19,111, 20,147, 19,170, 28,183, 44,181, 63,173, 86,170, 128,170, 156,171, 170,168, 171,155, 179,139, 190,123, 197,111, 203,104, 206,93, 213,79, 223,67, 236,54, 242,41, 234,13, 233,0, 9
Spline 167,172, 184,172, 201,177, 214,183, 228,186, 249,185, 270,183, 286,180, 307,177, 334,177, 355,177, 9
Spline 0,119, 12,118, 20,118, 28,116, 33,115, 40,114, 47,109, 49,101, 53,92, 60,85, 66,80, 77,68, 9
Spline 177,175, 207,226, 234,267, 253,303, 273,343, 295,390, 317,435, 342,477, 381,520, 400,545, 406,576, 6
Spline 249,591, 319,587, 367,582, 397,580, 414,583, 428,597, 448,610, 475,622, 6
Spline 476,622, 465,649, 445,685, 426,722, 404,763, 392,783, 385,793, 379,798, 367,799, 6
Line 196,799, 437,799, 8
Line 207,765, 209,876, 6
Line 196,814, 304,815, 2
Line 246,803, 247,868, 236,894, 2
Line 208,839, 247,840, 3
Spline 209,870, 246,870, 259,870, 270,870, 277,866, 284,854, 292,850, 302,845, 308,839, 308,824, 2
Spline 312,713, 335,715, 346,715, 355,717, 364,723, 381,733, 411,746, 2
Line 398,685, 433,707, 6
Line 356,593, 356,507, 2
Line 355,508, 325,508, 2
Line 304,501, 303,436, 2
Line 265,501, 265,360, 2
Line 233,360, 261,361, 2
Line 226,477, 276,478, 340,478, 2
Line 265,449, 344,449, 378,450, 2
Spline 342,449, 308,381, 287,336, 278,316, 263,296, 245,279, 2
Line 160,278, 439,279, 2
Line 202,309, 202,200, 2
Line 149,200, 268,199, 2
Spline 424,634, 434,634, 442,625, 449,616, 2

PenColor 000000
BrushColor -1
AngleTextOut 0, Arial, 20, 134, 285, Minneapolis
AngleTextOut 0, Arial, 20, 40, 121, Downtown
AngleTextOut 0, Arial, 20, 35, 136, Minneapolis
AngleTextOut 0, Arial, 20, 211, 771, Bloomington
AngleTextOut -64, Arial, 15, 303, 372, Hiawatha Ave.
AngleTextOut -60, Arial, 15, 177, 175, Hiawatha Ave.
AngleTextOut 90, Arial, 15, 313, 792, 34th Ave.
AngleTextOut 0, Arial, 15, 201,520, Lake
AngleTextOut 0, Arial, 15, 201,530, Nokomis

PenColor 0404A4
BrushColor -1
TextOut Arial, 32, 10, 440, Minneapolis - St.Paul
TextOut Arial, 17, 10, 470, Light Rail Transit Haiwatha Line (Route 55)
