Size 1x1

PenColor B4E3EB
;PenColor CCECF4
Spline 677,678, 696,649, 712,638, 741,635, 787,628, 817,621, 852,601, 864,588, 866,580, 862,559, 850,542, 827,522, 816,494, 814,458, 823,432, 830,419, 827,400, 817,391, 798,380, 788,368, 789,350, 791,331, 783,308, 771,296, 753,281, 746,267, 738,246, 719,227, 690,215, 665,203, 654,185, 659,170, 679,157, 698,146, 713,133, 730,114, 739,95, 5
Spline 921,987, 871,987, 820,993, 779,1001, 750,987, 750,958, 774,941, 780,916, 768,893, 740,888, 697,894, 667,905, 645,907, 630,900, 621,881, 623,860, 645,841, 683,827, 703,809, 715,785, 718,746, 702,708, 680,679, 641,647, 611,630, 578,620, 554,621, 534,626, 514,636, 494,651, 466,683, 448,711, 419,753, 398,779, 371,802, 341,819, 303,821, 274,792, 275,759, 289,741, 322,713, 355,685, 369,663, 377,634, 371,610, 353,597, 307,599, 271,601, 249,595, 233,569, 236,535, 233,518, 215,505, 190,499, 172,484, 158,451, 150,410, 136,383, 109,362, 84,358, 57,358, 17,361, 20
Spline 707,798, 706,767, 693,739, 667,704, 639,679, 604,659, 564,651, 534,652, 503,660, 480,672, 13

PenColor 040464
AngleTextOut 0, Arial, 18, 740, 1180, Время движения условное
AngleTextOut 0, Arial, 13, 45, 950, ЛИНИИ МОСКОВСКОГО МЕТРОПОЛИТЕНА
