Size 850x954
; реки
PenColor D9F5FF
Spline 200,26, 228,30, 278,60, 300,82, 310,80, 314,64, 316,52, 324,40, 330,24, 350,24, 376,44, 390,64, 422,68, 458,64, 492,76, 516,96, 528,104, 542,104, 558,98, 570,104, 588,112, 616,116, 652,112, 682,108, 712,112, 4
Spline 200,524, 228,510, 254,492, 282,496, 286,518, 274,534, 264,552, 270,566, 282,590, 282,604, 276,628, 286,640, 296,626, 300,600, 316,588, 336,596, 336,616, 326,634, 330,652, 350,664, 380,654, 412,656, 432,668, 452,688, 474,720, 488,740, 506,760, 522,776, 548,792, 564,808, 572,820, 596,836, 622,854, 634,880, 644,924, 644,954, 6

PenColor 808080
Railway 4, 6, 3, 446,956, 448,912, 468,832, 478,792, 494,770, 516,756, 536,744, 544,728, 536,702, 528,668, 516,652, 484,628, 454,602, 446,588, 444,570, 444,544, 444,526, 456,508, 492,492, 540,476, 568,464, 592,456, 616,452, 654,452, 680,444, 712,432
Railway 4, 6, 3, 468,832, 476,816, 488,802, 498,788, 512,776, 534,764, 558,746, 572,720, 592,688, 608,662, 628,642, 642,614, 652,580, 652,546, 652,488, 672,454, 702,436

PenColor FFFFFF
BrushColor FFFFFF
Polygon 568,464, 567,460, 564,475, 573,473, 575,457
Polygon 437,535, 453,537, 454,548, 438,545
Polygon 647,520, 645,534, 661,518, 658,508

PenColor 808080
Railway 4, 6, 3, 444,526, 450,516, 464,510, 492,508, 552,488, 566,474, 568,460, 566,446, 552,432, 514,416, 472,402, 448,394, 430,386, 396,384, 376,382, 342,368, 296,348, 272,344, 238,348, 200,356
Railway 4, 6, 3, 714,496, 668,510, 632,544, 610,560, 584,564, 542,558, 500,554, 460,546, 428,540, 406,544

PenColor 0404A4
BrushColor -1
TextOut Arial, 35, 222, 134, Sendai, 1
TextOut Arial, 15, 222, 184, Attention! All time intervals
TextOut Arial, 15, 222, 198, in this version equal 2 minutes

; logo
PenColor 4B0092
BrushColor 4B0092
Polygon 306,234, 280,234, 274,236, 270,240, 248,278, 244,280, 234,280, 234,276, 224,294, 250,294, 256,292, 260,288, 282,250, 286,248, 298,248
Polygon 332,248, 306,248, 300,250, 296,254, 274,292, 270,294, 258,294, 250,308, 276,308, 282,306, 286,302, 308,264, 312,262, 322,262, 322,266
