Size 1050x1220
PenColor B4E3EB
;PenColor CCECF4
Spline 677,678, 696,649, 712,638, 741,635, 787,628, 817,621, 852,601, 864,588, 866,580, 862,559, 850,542, 827,522, 816,494, 814,458, 823,432, 830,419, 827,400, 817,391, 798,380, 788,368, 789,350, 791,331, 783,308, 771,296, 753,281, 746,267, 738,246, 719,227, 690,215, 665,203, 654,185, 659,170, 679,157, 698,146, 713,133, 730,114, 739,95, 5
Spline 820,994, 779,1001, 743,993, 744,954, 776,943, 780,916, 768,893, 740,889, 699,902, 663,915, 644,916, 631,908, 625,886, 629,870, 653,851, 684,831, 704,809, 715,785, 720,746, 701,710, 679,681, 640,646, 611,630, 577,619, 552,620, 534,626, 514,636, 493,650, 466,683, 448,711, 419,753, 398,779, 371,802, 341,819, 303,821, 274,792, 275,759, 289,741, 322,713, 355,685, 369,663, 377,634, 371,610, 353,597, 307,599, 271,601, 249,595, 233,569, 236,535, 233,518, 215,505, 190,499, 172,484, 158,451, 150,410, 136,383, 109,362, 84,358, 59,358, 11,361, 20
Spline 708,797, 706,767, 693,739, 667,704, 639,679, 604,659, 564,651, 534,652, 504,660, 483,669, 13
PenColor 040464
AngleTextOut 0, Arial, 34, 76, -1, СХЕМА ЛИНИЙ СКОРОСТНОГО ТРАНСПОРТА МОСКВЫ, 1
AngleTextOut 0, Arial, 8, 835, 965, ЛИНИИ МОСКОВСКОГО МЕТРОПОЛИТЕНА

BrushColor -1
AngleTextOut 0, Arial, 15, 797, 39, Схема движения электропоездов, 5
SpotRect 773, 36, 241, 22, LoadMap RailWay.map
AngleTextOut 0, Arial, 15, 797, 64, Схема движения речных трамваев, 5
SpotRect 771, 61, 250, 22, LoadMap RechnoyTramvay.map
AngleTextOut 0, Arial, 15, 797, 89, Схема движения трамваев, 5
SpotRect 771, 86, 250, 22, LoadMap Tramways.map

AngleTextOut 0, Arial, 15, 797, 124, Другие схемы, 5
SpotRect 771, 121, 250, 22, LoadMap Index.map

AngleTextOut 0, Arial, 15, 797, 149, Другие схемы, 5
SpotRect 771, 146, 250, 22, LoadMap Trolleys.map

PenColor F7782E
AngleTextOut 0, Arial, 8, 322, 1054, [Битцевский парк]
PenColor 1C54BC
AngleTextOut 0, Arial, 8, 289, 574, [Деловой
AngleTextOut 0, Arial, 8, 335, 574, центр]


Image Vokzals_logo.vec, 773, 36
Image Rechnoy_logo.vec, 771, 61
