Size 800x440

PenColor 99D9EA
BrushColor 99D9EA
Polygon 0,0, 800,0, 800,440, 0,440

PenColor FFFFFF
BrushColor FFFFFF
Polygon 233,0, 233,36, 205,57, 191,94, 198,103, 217,97, 219,91, 225,88, 234,90, 234,105, 229,113, 218,116, 214,130, 210,138, 211,149, 194,148, 188,153, 196,159, 194,172, 187,172, 188,163, 180,162, 175,158, 166,154, 181,130, 173,121, 156,146, 119,159, 102,173, 121,184, 119,191, 132,192, 143,231, 131,250, 116,259, 118,280, 98,301, 89,303, 87,323, 61,345, 26,391, 24,401, 12,405, 10,433, 45,431, 151,431, 193,442, 227,436, 256,433, 300,405, 309,411, 336,371, 352,371, 389,323, 551,226, 594,209, 620,207, 629,217, 646,223, 666,218, 679,204, 717,183, 751,144, 800,69, 800,0

PenColor CCE4A6
BrushColor CCE4A6

Polygon 252,90, 247,85, 279,32, 291,40, 304,24, 305,3, 330,5, 329,19, 322,30, 333,31, 352,31, 361,50, 341,57, 339,48, 319,65, 282,71
Polygon 224,382, 232,376, 254,376, 250,383, 259,393, 247,397
Polygon 290,256, 308,254, 319,256, 337,265, 338,247, 352,255, 364,279, 350,305, 335,291, 318,290, 314,283, 314,276, 297,268
Polygon 456,265, 399,263, 379,246, 368,226, 370,214, 408,206, 455,173, 443,152, 444,130, 464,135, 461,109, 482,91, 512,105, 519,116, 547,98, 548,114, 568,105, 580,110, 564,111, 552,121, 538,123, 539,136, 554,133, 553,160, 543,160, 528,200, 516,195, 516,211, 495,231, 487,220, 468,222, 482,228

PenColor 6EC8C6
BrushColor 6EC8C6
Line 457,264, 452,241, 447,237, 448,229, 455,230, 457,234, 5
Line 456,265, 435,256, 5
Line 452,253, 433,245, 431,239, 414,236, 412,232, 5
Polygon 530,71, 531,58, 524,50, 514,48, 500,38, 495,28, 492,32, 498,39, 505,46, 516,52, 511,59, 511,61, 517,57
Spline 109,350, 114,343, 122,340, 125,331, 5

PenColor 0404A4
BrushColor -1
TextOut Arial, 25, 18, 9, Salvador, 1
TextOut Arial, 10, 18, 32, (Attention! All time intervals in this version equal 2 minutes)
TextOut Arial, 10, 618, 307, Linha 1
TextOut Arial, 10, 618, 327, Linha 2

PenColor 000000
BrushColor 000000
Polygon 721,98, 723,101, 723,108, 738,115, 738,118, 723,116, 723,124, 722,127, 727,129, 727,131, 722,130, 721,132, 720,130, 715,131, 715,129, 720,127, 719,124, 719,116, 704,118, 704,115, 719,108, 719,101
