Size 1260x1460

; река
PenColor D9F5FF
Line 454,6, 643,195, 643,206, 557,292, 415,292, 300,407, 300,601, 479,780, 719,780, 781,718, 1021,718, 20
Line -39,1575, -39,1460, 73,1460, 73,1558, 301,1558, 464,1395, 647,1395, 647,1375, 559,1287, 559,1220, 620,1159, 758,1159, 807,1110, 807,1066, 716,975, 716,898, 786,828, 968,828, 1021,775, 1021,701, 972,652, 972,611, 1038,545, 1177,545, 1295,663, 1569,663, 20

; дороги
PenColor DDDDDD
Line 177,1537, 177,361, 539,-1, 10
Line 299,972, 177,850, 10
Line 300,1608, 300,916, 246,862, 246,385, 558,73, 558,59, 498,-1, 10
Line 179,404, 625,404, 767,500, 1189,500, 1313,624, 1569,624, 10
Line 246,832, 668,832, 705,869, 10
Line -71,1575, -71,1434, 89,1434, 89,1540, 280,1540, 535,1285, 535,1212, 610,1137, 749,1137, 782,1104, 782,1077, 691,986, 691,888, 744,835, 10

PenColor 0404A4
BrushColor -1
TextOut Arial, 35, 975, 1196, Chongqing, 1
TextOut Arial, 10, 975, 1233, (Attention! All time intervals in this version equal 2 minutes)

PenColor DC231E
TextOut Arial, 12, 1037, 1265, 1, 1

PenColor 029141
TextOut Arial, 12, 1037, 1285, 2, 1

PenColor 007CC2
TextOut Arial, 12, 1037, 1305, 3, 1

PenColor D43969
TextOut Arial, 12, 1037, 1325, 6, 1
