Size 1600x950

; река
PenColor D9F5FF
BrushColor D9F5FF
;PenColor 000000
Polygon 1600,1200, 0,1200, 0,0, 1037,0, 1037,139, 779,398, 512,398, 169,741, 78,742, 18,802, 18,992, 101,1075, 263,1075, 353,985, 402,985, 611,776, 873,776, 932,835, 1103,835, 1201,737, 1201,594, 1097,490, 889,490, 875,476, 875,420, 997,378, 997,365, 972,340, 972,328, 1016,284, 1043,284, 1057,323, 1077,323, 1098,315, 1106,294, 1106,286, 1087,279, 1094,260, 1162,260, 1210,396, 1253,396, 1258,407, 1230,407, 1243,445, 1262,445, 1265,437, 1332,437, 1351,388, 1351,349, 1285,325, 1258,251, 1258,239, 1325,239, 1347,301, 1405,301, 1386,249, 1352,237, 1352,202, 1386,214, 1386,237, 1461,264, 1479,264, 1507,189, 1600,189
Polygon 1600,154, 1585,115, 1585,89, 1600,50

PenColor 0404A4
BrushColor -1
TextOut Arial, 35, 1286, 498, Dalian, 1
TextOut Arial, 10, 1286, 526, (Attention! All time intervals in this version equal 2 minutes)

PenColor 008542
TextOut Arial, 20, 1366, 545, 1, 1
PenColor 0066A1
TextOut Arial, 20, 1366, 565, 2, 1
PenColor E91A38
TextOut Arial, 20, 1366, 585, 3, 1
PenColor FF8000
TextOut Arial, 20, 1366, 605, 7, 1
PenColor 4F2D8C
TextOut Arial, 20, 1366, 625, 8, 1
