Size 500x700
BrushColor EFD6BD
Polygon 0,0, 500,0, 500,700, 0,700
BrushColor 9CBDDE
Polygon 397,0, 397,35, 399,39, 410,42, 418,52, 421,68, 427,89, 426,96, 427,137, 436,143, 437,159, 425,160, 427,171, 438,175, 438,193, 422,193, 417,230, 410,236, 411,270, 421,275, 438,275, 437,289, 400,288, 400,296, 404,304, 416,304, 419,308, 414,314, 414,325, 410,411, 403,420, 384,426, 368,426, 351,425, 334,414, 350,429, 369,430, 389,429, 398,429, 397,440, 390,449, 393,460, 409,464, 435,464, 437,481, 406,485, 404,508, 388,522, 386,527, 374,533, 371,548, 363,557, 331,560, 294,573, 277,586, 260,586, 265,598, 249,618, 261,620, 267,614, 280,614, 290,644, 272,633, 235,636, 252,637, 277,644, 285,658, 276,660, 264,660, 260,664, 260,668, 244,681, 244,688, 236,691, 220,691, 215,687, 215,682, 200,681, 195,671, 177,669, 172,676, 167,678, 167,685, 137,688, 80,700, 500,700, 500,0

PenColor 0404A4
BrushColor EFD6BD
TextOut Arial, 40, 3, 412, Miami, 1
TextOut Arial, 10, 4, 450, Attention! All time intervals in this version equal 2 minutes
TextOut Arial, 20, 58, 180, Airport, 1

PenColor 007BB5
TextOut Arial, 12, 53, 321, Omni Loop, 1
PenColor CE4A73
TextOut Arial, 12, 53, 341, Brickell Loop, 1
PenColor DE8C42
TextOut Arial, 12, 53, 361, Downtown Loop, 1
PenColor 6BB510
TextOut Arial, 12, 53, 381, Metrorail, 1
