Size 640x570
PenColor 0404A4
TextOut Arial, 28, 108, 25, TBILISI, 1

PenColor E0044C
TextOut Arial, 14, 74, 120, Akhmeteli-Varketili line
PenColor 008438
TextOut Arial, 14, 74, 138, Saburtalo line

; река
PenColor D9F5FF
BrushColor D9F5FF
Spline 258,1, 262,69, 258,139, 240,215, 222,273, 254,336, 292,412, 340,471, 389,571, 10
Polygon 640,324, 468,131, 437,122, 414,132, 408,160, 414,190, 640,342
Spline 637,324, 626,305, 602,290, 546,212, 525,194, 497,171, 472,135, 450,124, 425,125, 411,145, 412,170, 429,204, 447,219, 466,220, 475,234, 484,244, 503,256, 528,265, 535,267, 526,268, 539,278, 578,307, 607,319, 628,335, 642,344, 15
PenColor FFFFFF
Line 645,309, 645,353, 10
Line 382,573, 395,573, 7
Line 253,-2, 263,-2, 5

; лого
PenColor C00000
BrushColor C00000
Polygon 27,61, 44,31, 51,46, 58,31, 75,61, 78,61, 78,62, 62,62, 62,61, 65,61, 58,49, 51,62, 44,49, 37,61, 40,61, 40,62, 24,62, 24,61
PenColor 000080
BrushColor -1
Ellipse 19,19, 85,86, 3
