Size 1050x700

; острова
PenColor CCECAC
BrushColor CCECAC
Polygon 0,26, 71,30, 83,134, 102,170, 0,162
Polygon 1010,418, 1050,422, 1050,472, 1019,442

; река

PenColor 9CB4FC
BrushColor 9CB4FC
Spline 1024,448, 990,432, 902,396, 848,372, 814,346, 814,336, 802,330, 764,310, 730,291, 688,273, 648,267, 576,250, 504,218, 478,207, 442,207, 428,210, 412,215, 392,208, 380,200, 356,193, 306,206, 268,219, 253,221, 242,206, 222,176, 192,149, 178,146, 176,152, 194,171, 204,180, 212,174, 224,193, 242,221, 238,229, 218,213, 188,186, 156,158, 126,135, 90,130, 93,139, 110,148, 126,181, 155,183, 176,198, 186,208, 194,206, 212,222, 216,235, 194,228, 164,227, 152,239, 142,241, 144,232, 144,221, 120,225, 100,224, 102,230, 100,235, 91,226, 84,221, 77,226, 81,246, 84,254, 78,263, 68,266, 60,262, 50,260, 54,257, 69,248, 71,236, 61,229, 51,236, 46,244, 45,248, 39,245, 31,248, 20,228, 13,209, 13,205, 25,209, 34,215, 32,209, 25,203, 19,199, 26,200, 19,193, 0,193, 5
Spline 0,121, 30,121, 53,127, 68,129, 79,133, 83,142, 77,142, 84,151, 100,169, 76,162, 74,151, 69,145, 62,141, 57,142, 48,136, 41,140, 43,147, 34,138, 27,133, 30,146, 42,153, 47,155, 36,154, 14,149, 0,147, 5
Spline 1024,327, 956,300, 920,274, 904,269, 862,242, 786,218, 750,204, 764,189, 768,182, 736,198, 682,195, 620,187, 620,196, 594,179, 552,162, 532,141, 500,36, 478,21, 447,-2, 5
Spline 0,63, 10,65, 25,74, 40,83, 54,84, 64,86, 64,82, 52,70, 45,64, 45,59, 33,55, 14,46, 13,39, 14,40, 19,49, 26,46, 33,43, 32,40, 20,32, 0,29, 5
Spline 539,154, 512,152, 458,122, 418,77, 380,55, 372,33, 380,27, 372,14, 360,8, 324,15, 304,2, 286,7, 300,17, 312,33, 270,22, 254,0, 5
Spline 45,248, 24,258, 0,256, 6
Polygon 1050,343, 1024,327, 955,299, 919,272, 906,270, 866,243, 751,205, 755,192, 733,199, 674,195, 618,189, 616,193, 592,178, 541,158, 526,156, 491,143, 453,119, 419,77, 377,53, 370,34, 381,26, 365,7, 325,16, 302,1, 287,7, 301,17, 313,32, 302,31, 269,22, 254,0, 0,0, 0,29, 20,31, 33,43, 25,46, 20,51, 45,58, 49,67, 64,84, 59,85, 42,85, 13,66, 0,62, 0,121, 26,120, 77,131, 81,136, 89,134, 93,128, 110,130, 122,131, 179,178, 234,228, 241,229, 244,223, 211,175, 204,180, 175,152, 177,145, 194,151, 219,173, 246,215, 256,224, 277,217, 322,201, 345,195, 367,194, 396,211, 411,216, 435,209, 469,207, 491,212, 558,244, 621,263, 675,269, 722,285, 813,335, 815,349, 861,379, 959,418, 1024,448, 1050,485, 1050,464, 1024,439, 1019,439, 1013,424, 1023,420, 1038,428, 1050,439
Polygon 100,140, 110,148, 126,181, 159,183, 186,208, 194,206, 212,222, 216,235, 194,228, 164,227, 150,242, 142,241, 146,222, 141,221, 120,225
Polygon 81,137, 86,133, 102,142, 128,226, 101,225, 101,236, 84,221, 77,224, 84,255, 72,266, 52,260, 70,248, 72,237, 61,229, 50,236, 45,246, 40,245, 31,248, 12,205, 34,214, 27,206, 23,200, 25,195, 10,192, 0,193, 0,147, 39,154, 35,149, 28,143, 28,135, 41,144, 41,139, 48,136, 57,142, 62,141, 75,150, 76,162, 84,166, 100,169, 86,154, 79,142
Polygon 1050,601, 1035,601, 1001,700, 1050,700

; острова

PenColor CCECAC
BrushColor CCECAC
Spline 834,272, 819,263, 799,258, 782,249, 779,242, 783,238, 788,241, 798,242, 806,241, 819,241, 834,244, 850,252, 853,261, 850,267, 840,273, 834,272, 5
Polygon 854,256, 846,270, 837,272, 786,252, 778,241, 802,242, 828,243
Spline 381,99, 384,104, 390,106, 398,107, 402,107, 399,104, 392,99, 381,99, 5
Polygon 383,100, 393,101, 400,106, 388,105
Spline 383,109, 397,113, 411,120, 408,125, 394,120, 383,109, 5
Polygon 386,111, 411,119, 409,124, 396,121
Spline 337,125, 312,121, 293,104, 280,92, 285,88, 286,83, 301,76, 308,78, 313,81, 319,82, 327,91, 343,93, 354,100, 370,115, 366,117, 365,122, 355,123, 357,130, 350,131, 343,125, 343,121, 334,110, 325,109, 327,117, 337,125, 5
Polygon 284,84, 304,77, 321,84, 330,92, 347,95, 369,117, 366,117, 357,124, 356,130, 347,129, 340,114, 333,108, 324,110, 331,123, 317,122, 298,110, 282,92
Spline 256,36, 242,36, 239,34, 229,37, 226,35, 236,31, 256,36, 5
Spline 219,37, 195,38, 190,38, 175,40, 150,31, 143,31, 144,26, 158,29, 180,30, 187,29, 199,34, 215,32, 219,35, 219,37, 5
Polygon 154,31, 187,29, 199,34, 218,34, 217,37, 193,36, 178,40

PenColor DBDBDB
BrushColor DBDBDB
Spline 638,206, 663,220, 667,217, 703,221, 740,224, 743,218, 738,216, 690,212, 638,206, 5
Polygon 645,208, 744,218, 743,222, 714,222, 667,217, 664,219

PenColor FFFFFF

Line -3,261, -3,-3, 456,-3, 6


; мосты
PenColor FFFFFF
Line 375,206, 399,144, 450,92, 10
Line 727,298, 782,205, 10
Line 949,290, 898,404, 10

; ж/д
PenColor 808080
Railway 4, 6, 3, 1051,259, 1008,202, 965,145, 922,104, 871,111, 825,144, 794,190, 723,308, 689,331, 642,343, 600,351, 549,334, 506,330, 460,333, 415,345, 369,348, 305,366, 219,400, 179,429, 150,460, 96,464, 53,465, -1,477
Railway 4, 6, 3, 1054,509, 988,622, 962,701


; надписи
PenColor FFFFFF
BrushColor -1
AngleTextOut -20, Arial, 30, 460, 148, р. Днепр, 1
PenColor 040464
AngleTextOut 0, Arial, 30, 582, 16, МЕТРО Г.ДНЕПР, 1
;PenColor 8080B0
;AngleTextOut 0, Arial, 25, 295, 32, Map of Dnepr's subway, 1

