Size 950x580
Angle -25

;пути

BrushColor 5D87C3
Polygon 505,336, 955,336, 955,366, 505,366
Polygon 505,256, 955,256, 955,226, 505,226

BrushColor -1
PenColor 5D87C3
AngleTextOut 0, Arial, 20, 506, 202, << Металлургов
AngleTextOut 0, Arial, 20, 831, 366, Вокзальная >>
AngleTextOut 0, Arial, 25, 645, 278, Метростроителей, 1

;правый торец
PenColor 000000
Line 955,336, 955,256

; левый вестибюль

Line 505,256, 505,273, 476,273, 476,277
Line 505,336, 505,319, 476,319, 476,315
Line 272,277, 272,270, 255,253, 183,253, 183,271, 169,271, 169,151, 95,151
Line 95,169, 145,169, 145,398, 89,398
Line 89,416, 311,416
Line 311,398, 169,398, 169,321, 183,321, 183,339, 255,339, 272,322, 272,315
Stairs 97,169, 97,151, 143,169
Stairs 91,398, 91,416, 137,398
Stairs 309,398, 309,416, 263,398

BrushColor D0D0D0
Polygon 169,292, 183,292, 183,300, 169,300

; эскалатор 3 гор
PenColor 7F7F7F
Stairs 270,280, 270,312, 484,280
PenColor 000000
BrushColor 9B5509
Polygon 264,277, 488,277, 488,280, 264,280
Polygon 264,288, 488,288, 488,292, 264,292
Polygon 264,300, 488,300, 488,304, 264,304
Polygon 264,312, 488,312, 488,315, 264,315

;улицы
BrushColor -1
PenColor 00AFAF
AngleTextOut 0, Arial, 15, 9, 280, проспект Калинина
AngleTextOut 90, Arial, 15, 191, 578, проспект Петровского

PenColor 000000
AngleTextOut 0, Arial, 15, 55, 468, Украинский дом\n(ДК им. Ильича)
