Size 1100x630
Angle 10

;пути

BrushColor 5D87C3
Polygon 316,398, 766,398, 766,428, 316,428
Polygon 316,318, 766,318, 766,288, 316,288

BrushColor -1
PenColor 5D87C3
AngleTextOut 0, Arial, 20, 317, 264, << тупик
AngleTextOut 0, Arial, 20, 583, 428, Проспект Свободы >>
AngleTextOut 0, Arial, 25, 446, 340, Покровская, 1

; правый вестибюль

PenColor 000000
Line 846,240, 926,254, 913,330, 899,328, 900,320, 844,310, 818,328, 766,328, 766,318
Line 1029,272, 949,258, 907,496, 990,511
Line 801,477, 884,492, 898,415, 884,413, 883,421, 837,413, 818,387, 766,387, 766,398
Line 798,494, 987,528
Line 849,223, 1032,255
Stairs 770,387, 770,328, 816,387
Stairs 1029,272, 1032,255, 983,264
Stairs 990,511, 987,528, 941,502
Stairs 846,240, 849,223, 892,248
Stairs 801,477, 798,494, 850,486

BrushColor D0D0D0
Polygon 909,351, 895,349, 888,391, 902,393


; левый вестибюль

PenColor 000000
Line 234,237, 184,237, 184,314, 198,314, 198,307, 243,307, 264,328, 316,328, 316,318
Line 234,220, 111,220
Line 111,237, 161,237, 161,479, 111,479
Line 111,499, 234,499
Line 234,479, 184,479, 184,402, 198,402, 198,409, 242,409, 264,387, 316,387, 316,398
Stairs 312,387, 312,328, 266,387
Stairs 113,237, 113,220, 159,237
Stairs 232,237, 232,220, 186,237
Stairs 232,479, 232,499, 186,479
Stairs 113,479, 113,499, 159,479

BrushColor D0D0D0
Polygon 184,379, 198,379, 198,336, 184,336


;улицы
BrushColor -1
PenColor 00AFAF
AngleTextOut 0, Arial, 15, 510, 244, площадь Единения
AngleTextOut 0, Arial, 15, -6, 351, улица\nБратьев Трофимовых
AngleTextOut -10, Arial, 15, 944, 373, улица\n Братьев Трофимовых
AngleTextOut -70, Arial, 15, 892, 62, Коммунаровская улица
AngleTextOut -100, Arial, 15, 899, 536, Коммунаровская улица
