Size 970x400
Angle 5

;пути

BrushColor 5D87C3
Polygon 498,274, 948,274, 948,304, 498,304
Polygon 498,194, 948,194, 948,164, 498,164

BrushColor -1
PenColor 5D87C3
AngleTextOut 0, Arial, 20, 499, 140, << Покровская
AngleTextOut 0, Arial, 20, 832, 304, Заводская >>
AngleTextOut 0, Arial, 25, 628, 216, Проспект Свободы, 1

;правый торец
PenColor 000000
Line 948,274, 948,194

; левый вестибюль

Line 498,194, 498,211, 469,211, 469,215
Line 498,274, 498,257, 469,257, 469,253
Line 265,215, 265,208, 248,191, 176,191, 176,209, 162,209, 162,1, 212,1
Line 212,-17, 88,-17
Line 88,1, 138,1, 138,336, 82,336
Line 82,354, 219,354
Line 219,336, 162,336, 162,259, 176,259, 176,277, 248,277, 265,260, 265,253
Stairs 90,1, 90,-17, 136,1
Stairs 84,336, 84,354, 130,336
Stairs 217,336, 217,354, 171,336
Stairs 210,1, 210,-17, 164,1

; эскалатор 3 гор
PenColor 7F7F7F
Stairs 263,218, 263,250, 477,218
PenColor 000000
BrushColor 9B5509
Polygon 257,215, 481,215, 481,218, 257,218
Polygon 257,226, 481,226, 481,230, 257,230
Polygon 257,238, 481,238, 481,242, 257,242
Polygon 257,250, 481,250, 481,253, 257,253

;улицы
BrushColor -1
PenColor 00AFAF
AngleTextOut 0, Arial, 15, 4, 231, проспект Свободы
AngleTextOut 0, Arial, 15, 94, 91, площадь Дзержинского
