Size 1630x970
Angle -10

; пути

PenColor 000000
BrushColor D03036
Polygon 810,389, 1260,389, 1260,419, 810,419
Polygon 810,499, 1260,499, 1260,529, 810,529

BrushColor -1
PenColor D03036
AngleTextOut 0, Arial, 20, 810, 364, << Суконная слобода
AngleTextOut 0, Arial, 20, 1183, 529, Горки >>
AngleTextOut 0, Arial, 25, 972, 438, Аметьево, 1

PenColor 000000
BrushColor D0D0D0
Polygon 1013,429, 1054,429, 1054,433, 1013,433
Polygon 1013,484, 1054,484, 1054,488, 1013,488

;левый вестибюль

;Здания беж
PenColor DDDDDD
BrushColor FEFBF1
Polygon 517,531, 659,389, 801,531
PenColor 000000
BrushColor D0D0D0
Polygon 517,531, 622,426, 622,531

PenColor 000000
Line 810,419, 810,429, 687,429
Line 687,489, 810,489, 810,499
Stairs 690,429, 690,489, 736,429

Opaque 85
PenColor 000000
BrushColor D0D0D0
Polygon 696,531, 696,426, 801,531
Opaque 100

PenColor D0D0D0
Line 434,169, 457,169, 605,317, 607,315
Line 434,198, 458,198, 582,322
Line 600,340, 616,324

PenColor 000000
Line 517,531, 625,423, 627,425
Line 649,403, 647,401, 659,389, 801,531, 517,531

Line 386,198, 434,198, 434,169, 386,169
Stairs 388,169, 388,198, 434,169

Line 471,548, 471,592, 697,592, 741,548
Line 801,531, 801,548, 679,548
Line 696,531, 659,568, 622,531
Line 536,548, 380,548
Spline 536,548, 554,550, 589,557, 639,548
Line 469,536, 394,536
Line 464,516, 470,516, 527,459, 589,459
Stairs 517,469, 496,448, 475,511
Line 535,409, 448,496
Line 566,374, 600,340, 582,322, 539,365, 532,358, 426,464
Stairs 568,372, 550,354, 600,340
Line 683,413, 683,375, 667,359, 659,367, 607,315, 677,245
Line 582,322, 676,228, 694,246, 616,324

;кассы
BrushColor -1
PenColor 000000
Line 646,531, 646,539, 672,539, 672,531
AngleTextOut 0, Arial, 10, 647, 528, кассы

;турникеты
Line 658,484, 658,489, 687,489, 0.5
Line 658,434, 658,429, 687,429, 0.5
Line 662,456, 673,456, 0.5
Ellipse 655,478, 662,485
PenColor 009900
Stairs 660,474, 656,474, 660,457
PenColor FF0000
Stairs 656,454, 660,454, 656,432

;стрелки
PenColor FF0000
Arrow 685,444, 673,444
PenColor 009900
Arrow 673,473, 685,473

;правый вестибюль

PenColor D0D0D0
Line 1613,661, 1554,720
Line 1544,710, 1564,690, 1461,587, 1441,607
Line 1431,597, 1452,576, 1449,573

Line 1591,639, 1571,659, 1488,576, 1524,540
Line 1508,524, 1465,567, 1460,562

PenColor 000000
Line 1412,514, 1460,562
Line 1401,525, 1449,573
Line 1260,419, 1260,429, 1312,429, 1312,404, 1385,404, 1401,420, 1401,498, 1399,500, 1397,498
Line 1385,510, 1387,512, 1385,514, 1312,514, 1312,489, 1260,489, 1260,499
Stairs 1309,429, 1309,489, 1263,429

Line 1429,404, 1588,404
Line 1523,494, 1538,494, 1508,524
Line 1523,413, 1588,413
Line 1318,514, 1318,569, 1138,569
Stairs 1525,494, 1525,413, 1535,494
Line 1138,587, 1318,587, 1355,672
Stairs 1311,569, 1311,587, 1289,569
Stairs 1281,569, 1281,587, 1259,569
Stairs 1251,569, 1251,587, 1229,569
Stairs 1221,569, 1221,587, 1199,569
Stairs 1192,569, 1192,587, 1170,569
Stairs 1163,569, 1163,587, 1141,569

Spline 1307,721, 1304,735, 1316,747, 1329,743
Line 1329,743, 1466,606
Line 1318,732, 1460,590
Line 1442,608, 1431,597, 1307,721
Spline 1408,822, 1405,836, 1416,847, 1430,844
Line 1408,822, 1545,685
Line 1419,833, 1556,696
Line 1430,844, 1554,720, 1543,709
Line 1625,605, 1591,639, 1613,661, 1647,627
Stairs 1646,628, 1624,606, 1613,661

Line 1460,590, 1453,583
Line 1482,582, 1468,568, 1453,583
Stairs 1515,543, 1479,579, 1506,534

Spline 1508,524, 1506,533, 1515,542, 1524,540
Line 1524,540, 1542,522
Stairs 1525,507, 1541,523, 1508,524
Line 1506,528, 1520,542

PenColor 000000
BrushColor D0D0D0
Polygon 1412,458, 1454,458, 1454,464, 1412,464

;кассы
BrushColor -1
PenColor 000000
Line 1368,404, 1368,396, 1342,396, 1342,404
AngleTextOut 0, Arial, 10, 1343, 393, кассы

;турникеты
Line 1312,429, 1343,429, 1343,432, 0.5
Line 1312,489, 1343,489, 1343,486, 0.5
Line 1338,461, 1320,461, 0.5
Line 1348,461, 1373,461, 0.5
Ellipse 1340,432, 1347,439
PenColor 009900
Stairs 1341,442, 1345,442, 1341,459
PenColor FF0000
Stairs 1345,462, 1341,462, 1345,487

;стрелки
PenColor FF0000
Arrow 1318,473, 1330,473
PenColor 009900
Arrow 1330,444, 1318,444
Arrow 1539,509, 1526,522
Arrow 1641,611, 1629,623
Arrow 1435,548, 1422,535
Arrow 1457,604, 1442,619
Arrow 1545,695, 1533,707
PenColor 000000
Arrow 1539,458, 1515,458
Arrow 1501,563, 1482,544


;PenColor FF0000
;Line -530,-647, -530,-647, 2804
;PenColor FFFFFF
;Line -530,-647, -530,-647, 2800
;PenColor 009900
;Line -530,-647, -530,-647, 2744
;PenColor FFFFFF
;Line -530,-647, -530,-647, 2740


; ж/д
PenColor D0D0D0
Railway 10, 14, 4, 888,-18, 718,152, 531,339, 381,485, 218,613, 30,719

PenColor D0D0D0
BrushColor D0D0D0
Polygon 50,725, 100,700, 146,675, 187,651, 225,626, 268,597, 306,568, 343,539, 383,504, 426,464, 447,485, 404,526, 363,561, 325,592, 284,622, 242,651, 201,677, 161,701, 115,726, 63,752

PenColor 000000
Line 63,752, 50,725
Spline 50,725, 146,675, 225,626, 306,568, 383,504
Line 383,504, 426,464, 447,485, 435,497, 433,495
Line 413,514, 415,516, 404,526
Spline 404,526, 325,592, 242,651, 161,701, 63,752

;кассы
BrushColor -1
PenColor 000000
Line 445,536, 445,544, 419,544, 419,536
AngleTextOut 0, Arial, 10, 420, 533, кассы

BrushColor -1
AngleTextOut 34, Arial, 15, 160, 674, 'ж/д платформа "метро Аметьево"'

;названия улиц голубым

PenColor 00AFAF
BrushColor -1
AngleTextOut 45, Arial, 15, 1055, 355, Аметьевская магистраль
AngleTextOut 45, Arial, 15, 1433, 706, Даурская улица
AngleTextOut 0, Arial, 15, 366, 91, Моторная улица

PenColor 000000
AngleTextOut 0, Arial, 10, 1444, 468, вход на\nпешеходный мост

PenColor E0E0E0
;Ellipse 1280,376, 1452,545
Spline 1436,413, 1416,392, 1391,380, 1365,376, 1332,383, 1305,401, 1287,426, 1280,460, 1287,493, 1305,519, 1332,537, 1366,544, 1395,539, 1419,526, 1436,508
Spline 1381,448, 1388,461, 1381,475
Line 1436,413, 1381,448
Line 1411,429, 1411,434, 1408,434
Line 1408,454, 1411,454, 1411,468, 1408,468
Line 1408,488, 1411,488, 1411,493
Line 1381,475, 1436,508
