Size 1000x710
Angle -45
; пути

BrushColor D03036
Polygon 265,273, 715,273, 715,303, 265,303
Polygon 265,383, 715,383, 715,413, 265,413

BrushColor -1
PenColor D03036
AngleTextOut 0, Arial, 20, 265, 248, << Аметьево
AngleTextOut 0, Arial, 20, 537, 413, Проспект Победы >>
AngleTextOut 0, Arial, 25, 458, 326, Горки, 1

;левый вестибюль
PenColor 000000
Line 265,303, 265,313, 213,313, 213,288, 142,288, 142,331, 88,331, 88,424, 20,424, 20,468
Line 38,468, 38,442, 162,442
Line 162,424, 112,424, 112,355, 142,355, 142,398, 213,398, 213,373, 265,373, 265,383
Stairs 216,313, 216,373, 262,313
Stairs 40,424, 40,442, 62,424
Stairs 38,466, 20,466, 38,444
Stairs 160,424, 160,442, 114,424

;кассы
BrushColor -1
PenColor 000000
Line 142,363, 134,363, 134,389, 142,389
AngleTextOut 90, Arial, 10, 131, 388, кассы

;турникеты
Line 182,368, 182,373, 182,398, 0.5
Line 182,318, 182,288, 0.5
Ellipse 179,362, 186,369
PenColor 009900
Stairs 184,358, 180,358, 184,341
PenColor FF0000
Stairs 180,338, 184,338, 180,316

;стрелки
PenColor FF0000
Arrow 212,328, 200,328
PenColor 009900
Arrow 200,357, 212,357

;правый вестибюль

PenColor 000000
Line 715,303, 715,313, 767,313, 767,288, 838,288, 838,331, 856,331, 856,264, 806,264
Line 779,454, 724,454, 724,426, 856,426, 856,355, 838,355, 838,398, 767,398, 767,373, 715,373, 715,383
Line 779,442, 736,442, 736,438, 856,438, 856,442, 797,442
Line 797,460, 880,460, 880,49, 806,49, 806,65, 848,65
Line 814,57, 856,57, 856,73, 806,73
Line 806,97, 856,97, 856,227, 806,227
Line 806,237, 856,237, 856,254, 806,254
Stairs 764,313, 764,373, 718,313
Stairs 799,442, 799,460, 845,442
Stairs 808,254, 808,264, 854,254
Stairs 808,227, 808,237, 854,227
Stairs 808,73, 808,97, 854,73

;кассы
BrushColor -1
PenColor 000000
Line 838,322, 846,322, 846,296, 838,296
AngleTextOut 90, Arial, 10, 835, 321, кассы

;турникеты
Line 798,288, 798,313, 798,316, 0.5
Line 798,398, 798,373, 798,370, 0.5
Ellipse 795,316, 802,323
PenColor 009900
Stairs 796,326, 800,326, 796,343
PenColor FF0000
Stairs 800,346, 796,346, 800,371

;стрелки
PenColor FF0000
Arrow 773,357, 785,357
PenColor 009900
Arrow 785,328, 773,328

;названия улиц голубым

PenColor 00AFAF
BrushColor -1
AngleTextOut 0, Arial, 15, 898, 266, улица Рихарда Зорге
AngleTextOut 0, Arial, 15, 9, 361, улица
AngleTextOut 0, Arial, 15, -16, 377, Рихарда Зорге
AngleTextOut 90, Arial, 15, -23, 527, Танковая улица
AngleTextOut 90, Arial, 15, 972, 236, улица Родины
