Size 1050x762

;фон
PenColor 94B193
BrushColor 94B193
Polygon 0,0, 0,65, 1050,65, 1050,0
;PenColor C5C7C6
;BrushColor C5C7C6
;Polygon 415,787, 0,787, 0,944, 415,944
;PenColor D9DBDA
;BrushColor D9DBDA
;Polygon 569,787, 415,787, 415,944, 569,944
;PenColor 9D9F9E
;BrushColor 9D9F9E
;Polygon 1050,787, 569,787, 569,944, 1050,944

; река
PenColor 91ABCC
BrushColor 91ABCC
Polygon 0,65, 760,65, 761,762, 0,762

; кварталы

PenColor F5CD99
BrushColor F5CD99
Polygon 0,65, 163,147, 206,208, 286,202, 276,269, 296,317, 376,331, 423,363, 412,365, 398,383, 405,387, 403,393, 394,390, 386,410, 364,407, 364,424, 376,437, 360,442, 343,432, 311,432, 266,408, 220,387, 161,401, 71,372, 0,343

PenColor D4DC62
BrushColor D4DC62
Polygon 0,483, 76,547, 131,565, 209,606, 190,719, 160,762, 0,762

PenColor A3D1AC
BrushColor A3D1AC
Polygon 0,65, 715,65, 701,161, 651,131, 420,190, 206,208, 163,147

PenColor CFBBD6
BrushColor CFBBD6
Polygon 286,202, 420,190, 505,168, 511,233, 527,300, 516,310, 510,311, 508,318, 502,320, 491,342, 472,354, 445,362, 423,363, 376,331, 296,317, 276,269

PenColor D0CEDB
BrushColor D0CEDB
Polygon 505,168, 651,131, 701,161, 698,189, 688,198, 691,223, 707,239, 689,252, 696,265, 696,282, 683,303, 677,299, 673,300, 672,295, 668,292, 674,310, 667,320, 661,321, 657,317, 645,318, 641,311, 647,306, 655,307, 664,311, 667,308, 662,300, 661,290, 667,284, 662,281, 656,293, 648,302, 634,312, 635,320, 626,323, 625,331, 618,332, 609,337, 619,345, 614,351, 597,341, 591,342, 584,321, 584,310, 571,309, 559,304, 554,306, 543,306, 539,309, 527,300, 511,233

PenColor FFF48E
BrushColor FFF48E
Polygon 722,65, 706,171, 713,181, 710,193, 721,195, 745,187, 724,219, 729,231, 702,250, 706,257, 704,278, 688,302, 691,306, 687,308, 681,308, 677,318, 682,320, 687,316, 692,318, 697,315, 698,323, 685,345, 679,362, 668,377, 660,376, 649,362, 664,403, 702,462, 730,452, 820,494, 841,592, 901,626, 942,630, 996,674, 1009,740, 1025,762, 1050,762, 1050,65

PenColor F7C2DC
BrushColor F7C2DC
Polygon 425,401, 427,395, 463,408, 494,381, 507,378, 512,380, 521,379, 543,367, 562,367, 573,377, 579,385, 585,386, 598,381, 606,382, 635,362, 649,362, 664,403, 702,462, 682,522, 574,546, 574,544, 570,539, 570,529, 568,522, 572,513, 559,492, 511,434, 498,414, 496,415, 508,436, 543,480, 544,487, 540,491, 552,512, 552,528, 554,536, 560,550, 527,557, 478,484, 482,469, 464,440, 463,423, 434,409

PenColor B9D8C9
BrushColor B9D8C9
Polygon 402,762, 402,742, 429,735, 435,747, 442,753, 448,739, 470,718, 444,685, 419,664, 403,649, 426,642, 439,659, 476,685, 487,674, 481,615, 485,597, 470,575, 453,584, 426,630, 405,632, 415,613, 438,586, 437,555, 464,535, 473,518, 473,496, 478,484, 527,557, 560,550, 579,566, 581,590, 574,591, 580,627, 591,636, 595,648, 624,670, 623,685, 627,688, 633,686, 644,705, 654,705, 653,714, 642,720, 646,727, 654,723, 657,727, 667,727, 674,716, 673,694, 661,691, 657,681, 657,675, 644,660, 641,651, 624,643, 624,639, 618,631, 614,635, 603,634, 595,625, 595,620, 598,613, 593,610, 588,591, 590,579, 583,565, 573,552, 574,546, 682,522, 702,462, 730,452, 820,494, 841,592, 901,626, 942,630, 996,674, 1009,740, 1025,762

; мосты
PenColor F7C2DC
BrushColor F7C2DC
Polygon 535,463, 531,466, 533,468, 537,465
Polygon 526,452, 522,455, 524,457, 528,454
Polygon 517,440, 513,443, 515,445, 519,442
Polygon 507,426, 503,429, 505,431, 509,428
PenColor B9D8C9
BrushColor B9D8C9
Polygon 589,584, 580,582, 579,587, 588,589
PenColor AAAAAA
BrushColor AAAAAA
Polygon 701,151, 710,153, 709,157, 700,155
Polygon 405,387, 427,395, 425,401, 403,393

; дороги

PenColor FFFFFF
Line 189,101, 251,106, 463,110, 3
Line 474,66, 463,110, 428,179, 477,217, 492,244, 494,251, 505,293, 3
Line 433,170, 544,144, 567,213, 567,300, 3
Line 556,179, 625,162, 620,254, 3
Line 677,256, 596,335, 641,361, 657,424, 631,517, 577,568, 562,570, 3
Line 1,307, 50,324, 119,322, 188,356, 242,369, 293,391, 343,390, 385,381, 400,347, 495,307, 512,287, 617,313, 3
Line 921,761, 895,729, 857,698, 781,611, 795,523, 737,465, 657,434, 608,425, 564,382, 488,393, 483,406, 532,484, 3
Line 830,66, 873,95, 855,185, 831,238, 784,286, 768,387, 689,417, 627,423, 470,527, 3
Line 691,633, 711,675, 807,699, 3
Line 552,473, 602,541, 623,580, 691,633, 817,661, 891,695, 957,568, 935,541, 870,490, 863,436, 774,335, 751,333, 620,254, 567,249, 494,251, 438,247, 309,272, 280,263, 266,263, 243,309, 3
Line 817,661, 798,734, 774,761, 3
Line 635,761, 579,650, 562,570, 475,414, 396,387, 363,366, 336,323, 256,319, 230,301, 148,292, 174,233, 510,216, 622,214, 693,266, 704,269, 756,323, 757,333, 3
Line 934,541, 831,538, 804,492, 757,466, 743,471, 3
Line 582,452, 523,388, 3

; ж/д
PenColor AAAAAA
Railway 3, 5, 3, 0,225, 292,198, 464,180, 575,147, 651,128, 708,154, 746,126, 788,65, 0.5
Railway 3, 5, 3, 784,78, 784,116, 815,176, 786,262, 781,291, 755,329, 754,373, 739,413, 762,465, 753,505, 722,539, 684,592, 653,600, 607,592, 563,583, 520,578, 506,545, 490,478, 468,420, 406,393, 353,364, 268,360, 136,350, 0,320, 0.5

; мосты

PenColor 000000
Line 579,580, 580,582, 589,584, 591,583, 0.5
Line 577,588, 579,587, 588,589, 589,591, 0.5

Line 579,571, 579,569, 583,565, 585,565, 0.5
Line 575,566, 577,566, 581,562, 581,560, 0.5

Line 542,483, 543,481, 547,478, 549,478, 0.5
Line 539,478, 541,478, 545,475, 546,473, 0.5
Line 532,470, 533,468, 537,465, 539,465, 0.5
Line 529,466, 531,466, 535,463, 536,461, 0.5
Line 523,459, 524,457, 528,454, 530,454, 0.5
Line 520,455, 522,455, 526,452, 527,450, 0.5
Line 514,447, 515,445, 519,442, 521,442, 0.5
Line 511,443, 513,443, 517,440, 517,438, 0.5
Line 504,433, 505,431, 509,428, 511,428, 0.5
Line 501,429, 503,429, 507,426, 508,424, 0.5

Line 404,385, 405,387, 427,395, 429,395, 0.5
Line 401,393, 403,393, 425,401, 426,403, 0.5

Line 618,344, 619,346, 640,358, 642,358, 0.5
Line 615,349, 617,349, 638,361, 639,363, 0.5

Line 684,296, 686,296, 691,299, 692,301, 0.5
Line 687,291, 688,293, 693,296, 695,296, 0.5
Line 692,269, 694,268, 705,271, 706,273, 0.5
Line 694,263, 695,265, 706,268, 708,267, 0.5
Line 698,156, 700,155, 709,157, 710,159, 0.5
Line 700,149, 701,151, 710,153, 712,152, 0.5

; синий поезд
PenColor 392D81
BrushColor 392D81
Ellipse 402,163, 422,183
PenColor FFFFFF
BrushColor FFFFFF
Line 408,165, 411,165, 411,166
Line 416,165, 413,165, 413,166
Line 408,173, 408,168, 416,168, 416,173
Line 410,178, 410,179, 405,179
Line 414,178, 414,179, 419,179
Line 412,168, 412,173
Polygon 408,173, 416,173, 416,176, 408,176

; синий поезд
PenColor 392D81
BrushColor 392D81
Ellipse 680,548, 700,568
PenColor FFFFFF
BrushColor FFFFFF
Line 686,550, 689,550, 689,551
Line 694,550, 691,550, 691,551
Line 686,558, 686,553, 694,553, 694,558
Line 688,563, 688,564, 683,564
Line 692,563, 692,564, 697,564
Line 690,553, 690,558
Polygon 686,558, 694,558, 694,561, 686,561

; синий поезд
PenColor 392D81
BrushColor 392D81
Ellipse 452,430, 472,450
PenColor FFFFFF
BrushColor FFFFFF
Line 458,432, 461,432, 461,433
Line 466,432, 463,432, 463,433
Line 458,440, 458,435, 466,435, 466,440
Line 460,445, 460,446, 455,446
Line 464,445, 464,446, 469,446
Line 462,435, 462,440
Polygon 458,440, 466,440, 466,443, 458,443

; синий якорь
PenColor 392D81
BrushColor 392D81
Ellipse 443,519, 463,539
PenColor FFFFFF
Ellipse 451,522, 455,526
Line 453,526, 453,535
Spline 447,531, 453,535, 459,531
Spline 447,531, 453,536, 459,531

; синий автобус
PenColor 392D81
BrushColor 392D81
Ellipse 480,519, 500,539
PenColor FFFFFF
BrushColor FFFFFF
Line 481,528, 483,525, 497,525, 499,528
Line 486,525, 486,528
Line 490,525, 490,528
Line 494,525, 494,528
Polygon 481,528, 499,528, 499,530, 481,530
PenColor 392D81
Line 485,530, 485,530, 3
Line 495,530, 495,530, 3
PenColor FFFFFF
Line 485,530, 485,530, 2.6
Line 495,530, 495,530, 2.6

; синий самолет
PenColor 392D81
BrushColor 392D81
Ellipse 960,712, 980,732
Arrow 950,713, 950,731
PenColor FFFFFF
BrushColor FFFFFF
Polygon 970,714, 971,716, 970,728, 969,716
Line 968,728, 970,726, 972,728
Polygon 964,724, 964,723, 970,718, 976,723, 976,724, 970,721

BrushColor -1

PenColor C3D2F1
TextOut Arial, 18, 120, 474, р. Волга, 1
TextOut Arial, 18, 507, 336, р. Казанка, 1

PenColor 000000
TextOut Arial, 16, 9, 248, Кировский район
TextOut Arial, 16, 299, 283, Московский район
TextOut Arial, 16, 214, 130, Авиастроительный район
TextOut Arial, 16, 519, 192, Ново-Савиновский
TextOut Arial, 16, 557, 207, район
TextOut Arial, 16, 559, 407, Вахитовский
TextOut Arial, 16, 585, 422, район
TextOut Arial, 16, 853, 303, Советский район
TextOut Arial, 16, 547, 676, Приволжский район

TextOut Arial, 14, 396, 516, Речной
TextOut Arial, 14, 396, 525, порт
TextOut Arial, 14, 435, 450, ЖД
TextOut Arial, 14, 435, 460, вокзал
TextOut Arial, 14, 509, 518, Авто
TextOut Arial, 14, 509, 527, вокзал


PenColor FFFFFF
TextOut Arial, 49, 101, 9, СХЕМА КАЗАНСКОГО МЕТРОПОЛИТЕНА

;логотип 
PenColor 04562C
BrushColor ACBAAC
Ellipse 912,77, 1031,196
PenColor FFFFFF
BrushColor 04562C
Polygon 923,166, 952,166, 971,125, 951,96
Polygon 990,167, 971,125, 991,96, 1019,167
Polygon 971,125, 979,143, 976,143, 971,148, 966,143, 963,143
