Size 750x1130
Angle -70

; пути

BrushColor D03036
Polygon 248,526, 698,526, 698,556, 248,556
Polygon 248,636, 698,636, 698,666, 248,666

BrushColor -1
PenColor D03036
AngleTextOut 0, Arial, 20, 248, 503, << Яшьлек
AngleTextOut 0, Arial, 20, 545, 666, Кремлёвская >>
AngleTextOut 0, Arial, 25, 396, 579, Козья слобода, 1

;левый вестибюль

PenColor E0E0E0
Line 135,744, 121,744
Line 135,753, 122,753
PenColor 000000
Line 248,556, 248,566, 231,566, 231,569
Line 175,569, 175,566, 158,566, 158,556, 118,556, 118,585, 108,585, 108,340, 28,340
Line 28,358, 84,358, 84,363, -141,363
Line -141,381, -90,381, -90,758
Line -72,758, -72,708, 90,708, 90,758
Line 122,744, 121,744, 121,685, 108,685, 108,609, 118,609, 118,638, 158,638, 158,626, 175,626, 175,622
Line 231,622, 231,626, 248,626, 248,636
Line -66,387, 84,387, 84,684, -66,684, -66,387

Line 124,758, 124,681, 145,681, 145,753, 135,753
Line 135,744, 136,744, 136,690, 133,690, 133,758
Line 122,753, 111,753, 111,708, 108,708, 108,758

Stairs 30,358, 30,340, 52,358
Stairs 60,358, 60,340, 82,358
Stairs -138,381, -138,363, -120,381
Stairs -111,381, -111,363, -93,381
Stairs -72,755, -90,755, -72,737
Stairs -72,729, -90,729, -72,711
Stairs 108,755, 90,755, 108,737
Stairs 108,729, 90,729, 108,711

; эскалатор 4 гор
PenColor 7F7F7F
Stairs 233,619, 233,572, 172,619
PenColor 000000
BrushColor 9B5509
Polygon 240,572, 167,572, 167,569, 240,569
Polygon 240,580, 240,585, 167,585, 167,580
Polygon 240,593, 240,598, 167,598, 167,593
Polygon 240,606, 240,611, 167,611, 167,606
Polygon 240,619, 167,619, 167,622, 240,622

;кассы
BrushColor -1
PenColor 000000
Line 118,611, 110,611, 110,637, 118,637
AngleTextOut 90, Arial, 10, 107, 636, кассы

;турникеты
Line 118,597, 132,597, 0.5
Ellipse 133,591, 140,598
PenColor 009900
Stairs 138,634, 134,634, 138,600
PenColor FF0000
Stairs 134,587, 138,587, 134,556

;стрелки
PenColor FF0000
Arrow 157,575, 145,575
PenColor 009900
Arrow 146,615, 158,615

;правый вестибюль

PenColor 000000
Line 698,556, 698,568, 731,568
Line 746,568, 783,568, 783,556, 823,556, 823,585, 833,585, 833,393, 777,393
Line 777,375, 913,375
Line 913,393, 857,393, 857,675, 913,675
Line 913,693, 777,693
Line 777,675, 833,675, 833,609, 823,609, 823,638, 783,638, 783,627, 769,627, 769,623
Line 713,623, 713,627, 698,627, 698,636
Stairs 779,393, 779,375, 801,393
Stairs 809,393, 809,375, 831,393
Stairs 911,393, 911,375, 889,393
Stairs 881,393, 881,375, 859,393
Stairs 779,675, 779,693, 801,675
Stairs 809,675, 809,693, 831,675
Stairs 911,675, 911,693, 889,675
Stairs 881,675, 881,693, 859,675

; эскалатор 3 гор
PenColor 7F7F7F
Stairs 771,620, 771,586, 710,620
PenColor 000000
BrushColor 9B5509
Polygon 778,586, 705,586, 705,583, 778,583
Polygon 778,594, 778,599, 705,599, 705,594
Polygon 778,607, 778,612, 705,612, 705,607
Polygon 778,620, 705,620, 705,623, 778,623

;кассы
BrushColor -1
PenColor 000000
Line 823,583, 831,583, 831,557, 823,557
AngleTextOut 270, Arial, 10, 834, 558, кассы

;турникеты
Ellipse 808,603, 801,596
PenColor 009900
Stairs 803,560, 807,560, 803,594
PenColor FF0000
Stairs 807,607, 803,607, 807,638

;стрелки
PenColor FF0000
Arrow 784,616, 796,616
PenColor 009900
Arrow 797,589, 785,589

;лифты
PenColor 000000
BrushColor D0EFFF
Polygon 731,568, 746,568, 746,583, 731,583
BrushColor -1
AngleTextOut 90, Arial, 6, 734, 582, лифт



;названия улиц голубым

PenColor 00AFAF
BrushColor -1
AngleTextOut 0, Arial, 15, 186, 458, улица Декабристов
AngleTextOut 90, Arial, 15, -1, 294, улица Мулланура Вахитова


Opaque 70
; "закрыто"
PenColor FFD0D0
BrushColor FFD0D0
Polygon -143,361, -143,760, 82,760, 82,361
PenColor FF4040

Opaque 100
PenColor FF4040
BrushColor -1
AngleTextOut 90, Arial, 15, -1, 591, Строится
Dashed -143,361, -143,760, 82,760, 82,361, -143,361
BrushColor 000000
