Size 900x800
Angle -35

; пути

BrushColor D03036
Polygon 254,401, 704,401, 704,431, 254,431
Polygon 254,511, 704,511, 704,541, 254,541

BrushColor -1
PenColor D03036
AngleTextOut 0, Arial, 20, 254, 377, << Козья слобода
AngleTextOut 0, Arial, 20, 546, 541, Площадь Тукая >>
AngleTextOut 0, Arial, 25, 402, 454, Кремлёвская, 1

;левый вестибюль

PenColor 000000
Line 254,511, 254,506, 239,506, 239,502
Line 239,440, 239,436, 254,436, 254,431
Line 183,502, 183,512, 107,512, 107,504, 96,504, 96,522, 72,588
Line 153,356, 100,376, 77,376, 77,390, 96,409, 96,438, 107,438, 107,430, 183,430, 183,440
Line 147,340, 99,358, 59,358, 59,382, -29,382
Line -29,388, 32,388
Line -29,407, 32,407
Line -29,413, 37,413, 37,416
Line 55,416, 55,413, 59,413, 72,426, 72,518, 49,580
Stairs 183,488, 183,454, 205,488
Stairs 219,488, 219,454, 241,488
Stairs 144,341, 150,357, 102,357
Stairs -20,388, -20,407, 26,388

BrushColor D0D0D0
Polygon 107,487, 96,487, 96,455, 107,455

; эскалатор  гор
PenColor 7F7F7F
Stairs 181,443, 181,451, 242,443
Stairs 181,499, 181,491, 242,499
PenColor 000000
BrushColor 9B5509
Polygon 174,499, 247,499, 247,502, 174,502
Polygon 174,491, 174,488, 247,488, 247,491
Polygon 174,454, 174,451, 247,451, 247,454
Polygon 174,443, 247,443, 247,440, 174,440

;кассы
PenColor 000000
BrushColor FFFFFF
Polygon 99,484, 107,484, 107,458, 99,458
BrushColor -1
AngleTextOut 90, Arial, 10, 96, 483, кассы

;турникеты
BrushColor -1
Ellipse 145,510, 138,503
PenColor 009900
Stairs 140,468, 144,468, 140,502
PenColor FF0000
Stairs 144,432, 140,432, 144,465

;стрелки
PenColor FF0000
Arrow 171,461, 159,461
PenColor 009900
Arrow 114,491, 126,491

; закрыто
PenColor FF0000
Line 168,488, 171,502
Line 171,488, 168,502
Line 168,440, 171,454
Line 171,440, 168,454
Line 253,488, 250,502
Line 250,488, 253,502
Line 250,440, 253,454
Line 253,440, 250,454

;правый вестибюль

PenColor 000000
Line 704,431, 704,436, 719,436, 719,440
Line 719,502, 719,506, 704,506, 704,511
Line 775,440, 775,431, 851,431, 851,439, 862,439, 862,380, 945,380, 945,409
Line 858,524, 862,524, 862,503, 851,503, 851,511, 775,511, 775,502
Line 890,524, 886,524, 886,398, 927,398, 927,409
Stairs 775,454, 775,488, 753,454
Stairs 739,454, 739,488, 717,454

BrushColor D0D0D0
Polygon 851,455, 862,455, 862,487, 851,487

; эскалатор  гор
PenColor 7F7F7F
Stairs 777,499, 777,491, 716,499
Stairs 777,443, 777,451, 716,443
PenColor 000000
BrushColor 9B5509
Polygon 784,443, 711,443, 711,440, 784,440
Polygon 784,451, 784,454, 711,454, 711,451
Polygon 784,488, 784,491, 711,491, 711,488
Polygon 784,499, 711,499, 711,502, 784,502

;кассы
PenColor 000000
BrushColor FFFFFF
Polygon 859,458, 851,458, 851,484, 859,484
BrushColor -1
AngleTextOut 90, Arial, 10, 848, 483, кассы

;турникеты
BrushColor -1
Ellipse 813,433, 820,440
PenColor 009900
Stairs 818,475, 814,475, 818,441
PenColor FF0000
Stairs 814,509, 818,509, 814,476

;стрелки
PenColor FF0000
Arrow 787,479, 799,479
PenColor 009900
Arrow 843,448, 831,448

; закрыто
PenColor FF0000
Line 39,413, 53,416
Line 53,413, 39,416

;названия улиц голубым

PenColor 00AFAF
BrushColor -1
AngleTextOut 50, Arial, 15, 164, 314, Кремль
AngleTextOut -30, Arial, 15, -67, 279, улица Баумана
AngleTextOut 0, Arial, 15, 904, 461, Профсоюзная улица
Arrow 179,326, 213,285

Opaque 70
; "закрыто"
PenColor FFD0D0
BrushColor FFD0D0
Polygon 47,506, 47,590, 98,590, 98,506
Polygon 706,429, 706,513, 861,513, 861,429
PenColor FF4040

Opaque 100
PenColor FF4040
BrushColor -1
AngleTextOut 90, Arial, 15, 64, 584, Строится
AngleTextOut 90, Arial, 15, 791, 499, Закрыто
Dashed 47,506, 47,590, 98,590, 98,506, 47,506
Dashed 706,429, 706,513, 861,513, 861,429, 706,429
BrushColor 000000
