Size 890x870
Angle -45
; пути

BrushColor D03036
Polygon 351,373, 801,373, 801,403, 351,403
Polygon 351,483, 801,483, 801,513, 351,513

BrushColor -1
PenColor D03036
AngleTextOut 0, Arial, 20, 351, 349, << Кремлёвская
AngleTextOut 0, Arial, 20, 617, 513, Суконная слобода >>
AngleTextOut 0, Arial, 25, 499, 426, Площадь Тукая, 1

;левый вестибюль
PenColor 000000
Line 351,403, 351,413, 299,413, 299,401, 259,401, 259,432, 186,432, 186,385, 223,348
Line 206,331, 162,375, 162,432, 122,432, 96,406, 54,406, 28,432, -12,432, -12,374, -55,331
Line -72,348, -35,385, -35,503, -72,540
Line -55,557, -11,513, -11,456, 28,456, 54,482, 54,532
Line 210,553, 174,517
Line 96,532, 96,482, 122,456, 162,456, 162,513, 206,557
Line 84,532, 84,482, 66,482, 66,532
Line 223,540, 186,503, 186,456, 259,456, 259,485, 299,485, 299,473, 351,473, 351,483

Stairs 302,413, 302,473, 348,413
Stairs 221,350, 204,333, 188,383
Stairs 221,538, 208,551, 188,505
Stairs -70,350, -53,333, -37,383
Stairs -70,538, -53,555, -37,505
Stairs 96,530, 84,530, 96,484
Stairs 66,530, 54,530, 66,484
Stairs 162,458, 186,458, 162,468
Stairs 162,430, 186,430, 162,420
Stairs -35,430, -12,430, -35,420
Stairs -35,458, -11,458, -35,468

;кассы
BrushColor -1
PenColor 000000
Line 259,458, 251,458, 251,484, 259,484
AngleTextOut 90, Arial, 10, 248, 483, кассы

;турникеты
Line 277,461, 277,485, 0.5
Ellipse 274,431, 281,438
PenColor 009900
Stairs 279,461, 275,461, 279,440
PenColor FF0000
Stairs 275,427, 279,427, 275,401

;стрелки
PenColor FF0000
Arrow 298,422, 286,422
Line 86,482, 94,484
Line 94,482, 86,484
Line 56,482, 64,484
Line 64,482, 56,484
PenColor 009900
Arrow 287,462, 299,462

;правый вестибюль
PenColor 000000
Line 801,403, 801,421, 853,421, 853,399, 893,399, 893,435, 898,435, 898,431, 908,431, 908,471, 962,471, 962,468, 920,468, 920,437, 924,437
Line 932,437, 936,437, 936,452, 978,452, 978,487, 898,487, 898,477, 893,477, 893,487, 853,487, 853,465, 801,465, 801,483
Stairs 850,421, 850,465, 804,421
Stairs 960,471, 960,487, 938,471
Stairs 938,468, 938,452, 960,468

BrushColor D0D0D0
Polygon 893,443, 898,443, 898,468, 893,468

;кассы
BrushColor -1
PenColor 000000
Line 893,428, 901,428, 901,402, 893,402
AngleTextOut 90, Arial, 10, 890, 427, кассы

;турникеты
Ellipse 878,447, 871,440
PenColor 009900
Stairs 873,402, 877,402, 873,436
PenColor FF0000
Stairs 877,451, 873,451, 877,486

;стрелки
PenColor FF0000
Arrow 854,457, 866,457
PenColor 009900
Arrow 866,428, 854,428

;названия улиц голубым

PenColor 00AFAF
BrushColor -1
AngleTextOut 0, Arial, 15, 915, 410, улица Петербургская
AngleTextOut 90, Arial, 15, 66, 357, улица Татарстан
