Size 860x750
Angle -40
; пути

BrushColor D03036
Polygon 193,268, 643,268, 643,298, 193,298
Polygon 193,378, 643,378, 643,408, 193,408

BrushColor -1
PenColor D03036
AngleTextOut 0, Arial, 20, 193, 243, << Площадь Тукая
AngleTextOut 0, Arial, 20, 534, 408, Аметьево >>
AngleTextOut 0, Arial, 25, 319, 319, Суконная слобода, 1

;левый вестибюль
PenColor 000000
Line 193,298, 193,308, 141,308, 141,283, 70,283, 70,326, 16,326, 16,419, -34,419
Line -34,443, 84,443
Line -34,449, 90,449, 90,437, 41,437
Line 90,419, 40,419, 40,350, 70,350, 70,393, 141,393, 141,368, 193,368, 193,378
Stairs 144,308, 144,368, 190,308
Stairs -32,419, -32,443, 14,419
Stairs 88,419, 88,437, 42,419

;кассы
BrushColor -1
PenColor 000000
Line 70,358, 62,358, 62,384, 70,384
AngleTextOut 90, Arial, 10, 59, 383, кассы

;турникеты
Line 110,363, 110,368, 141,368, 0.5
Line 110,313, 110,308, 141,308, 0.5
Ellipse 107,357, 114,364
PenColor 009900
Stairs 112,353, 108,353, 112,336
PenColor FF0000
Stairs 108,333, 112,333, 108,311

;стрелки
PenColor FF0000
Arrow 140,323, 128,323
PenColor 009900
Arrow 128,352, 140,352

;правый вестибюль
PenColor 000000
Line 643,298, 643,308, 695,308, 695,283, 766,283, 766,326, 784,326, 784,283, 802,283, 802,422
Line 784,422, 784,350, 766,350, 766,393, 695,393, 695,368, 643,368, 643,378
Stairs 692,308, 692,368, 646,308
Stairs 784,420, 802,420, 784,374

;кассы
BrushColor -1
PenColor 000000
Line 766,317, 774,317, 774,291, 766,291
AngleTextOut 90, Arial, 10, 763, 316, кассы

;турникеты
Line 695,308, 726,308, 726,311, 0.5
Line 695,368, 726,368, 726,365, 0.5
Ellipse 723,311, 730,318
PenColor 009900
Stairs 724,321, 728,321, 724,338
PenColor FF0000
Stairs 728,341, 724,341, 728,366

;стрелки
PenColor FF0000
Arrow 701,352, 713,352
PenColor 009900
Arrow 713,323, 701,323

;названия улиц голубым

PenColor 00AFAF
BrushColor -1
AngleTextOut 0, Arial, 15, 821, 331, улица Петербургская
AngleTextOut 0, Arial, 15, -131, 355, улица Петербургская
AngleTextOut 90, Arial, 15, 830, 513, улица Эсперанто
