Size 950x1000
Angle -60

;пути
BrushColor D03036
Polygon 789,449, 789,479, 339,479, 339,449
Polygon 789,369, 789,339, 339,339, 339,369
PenColor D03036
BrushColor -1
AngleTextOut 0, Arial, 20, 637, 479, Козья слобода >>
AngleTextOut 0, Arial, 20, 340, 317, << Северный вокзал
AngleTextOut 0, Arial, 25, 512, 395, Яшьлек, 1

;левый вестибюль

PenColor 000000
Line 339,369, 339,387, 285,387
Line 285,431, 339,431, 339,449
Line 311,387, 311,375, 285,375, 285,353, 216,353, 216,359, 204,359, 204,278, 259,278
Line 311,431, 311,443, 285,443, 285,466, 216,466, 216,460, 204,460, 204,540, 259,540
Line 259,260, 180,260, 180,557, 259,557
Stairs 337,387, 337,431, 287,387
Stairs 257,260, 257,278, 211,260
Stairs 257,540, 257,557, 211,540

BrushColor D0D0D0
Polygon 216,431, 216,387, 204,387, 204,431

; кассы
PenColor 000000
BrushColor FFFFFF
Polygon 251,474, 251,466, 224,466, 224,474
BrushColor -1
AngleTextOut 0, Arial, 10, 225, 463, кассы

; турникеты
BrushColor FFFFFF
Polygon 261,464, 255,464, 255,458, 261,458
Line 216,387, 260,387, 0.5
PenColor 009900
Stairs 260,390, 256,390, 260,455

;стрелки
PenColor FF0000
Arrow 219,373, 204,373
PenColor 009900
Arrow 204,446, 219,446

;правый вестибюль

PenColor 000000
Line 789,449, 789,431, 843,431
Line 843,387, 789,387, 789,369
Line 817,431, 817,443, 843,443, 843,465, 912,465, 912,459, 924,459, 924,540, 869,540
Line 817,387, 817,375, 843,375, 843,352, 912,352, 912,358, 924,358, 924,278, 869,278
Line 869,558, 948,558, 948,261, 869,261
Stairs 791,431, 791,387, 841,431
Stairs 871,558, 871,540, 917,558
Stairs 871,278, 871,261, 917,278

BrushColor D0D0D0
Polygon 912,387, 912,431, 924,431, 924,387

; кассы
PenColor 000000
BrushColor FFFFFF
Polygon 877,344, 877,352, 904,352, 904,344
BrushColor -1
AngleTextOut 0, Arial, 10, 878, 341, кассы

; турникеты
BrushColor FFFFFF
Polygon 867,354, 873,354, 873,360, 867,360
Line 912,431, 868,431, 0.5
PenColor 009900
Stairs 868,428, 872,428, 868,363

;стрелки
PenColor FF0000
Arrow 909,445, 924,445
PenColor 009900
Arrow 924,372, 909,372

;названия улиц
BrushColor -1
PenColor 00AFAF
AngleTextOut 55, Arial, 15, -103, 705, улица Шамиля Усманова
AngleTextOut 80, Arial, 15, 109, 239, Волгоградская улица
AngleTextOut 0, Arial, 15, 967, 402, улица Декабристов
AngleTextOut 0, Arial, 15, -12, 397, улица Декабристов
