Size 600x620

PenColor 0404A4
BrushColor -1
TextOut Arial, 30, 380, 5, Montreal, 1

PenColor B8ACA9
BrushColor B8ACA9

Polygon 600,150, 580,154, 570,170, 561,172, 544,201, 498,246, 484,253, 435,319, 416,400, 421,424, 388,481, 328,500, 302,556, 159,600, 81,575, 36,502, 26,501, 9,491, 9,488, 26,497, 35,498, 37,494, 16,481, 8,481, 0,477, 0,541, 21,552, 20,556, 28,568, 29,576, 42,592, 45,605, 59,613, 60,618, 62,620, 459,620, 466,593, 463,584, 471,560, 470,550, 474,520, 466,487, 481,417, 485,411, 480,397, 487,342, 489,339, 488,334, 492,321, 492,285, 497,275, 542,270, 600,224
Polygon 0,73, 7,72, 15,77, 55,68, 56,70, 74,66, 81,54, 95,52, 99,54, 126,47, 143,56, 168,49, 171,41, 180,40, 203,1, 211,0, 235,0, 215,32, 189,38, 180,55, 167,58, 162,68, 154,69, 143,63, 130,67, 116,60, 76,69, 73,75, 62,79, 56,76, 24,83, 21,89, 0,92

;Line 600,150, 580,154, 570,170, 561,172, 544,201, 498,246, 484,253, 435,319, 416,400, 421,424, 388,481, 328,500, 302,556, 159,600, 81,575, 36,502, 26,501, 9,491, 9,488, 26,497, 35,498, 37,494, 16,481, 8,481, 0,477,
;Line 0,541, 21,551, 20,556, 28,568, 29,576, 42,592, 45,605, 59,613, 60,618, 62,620
;Line 459,620, 466,593, 463,584, 471,560, 470,550, 474,520, 466,487, 481,417, 485,411, 480,397, 487,342, 489,339, 488,334, 492,321, 492,285, 497,275, 542,270, 600,224
;Line 0,73, 7,72, 15,77, 55,68, 56,70, 74,66, 81,54, 95,52, 99,54, 126,47, 143,56, 168,49, 171,41, 180,40, 203,1, 211,0, 235,0, 215,32, 189,38, 180,55, 167,58, 162,68, 154,69, 143,63, 130,67, 116,60, 76,69, 73,75, 62,79, 56,76, 24,83, 21,89, 0,92

PenColor 5E5B5B
Line 600,150, 580,154, 570,170, 561,172, 544,201, 498,246, 484,253, 435,319, 416,400, 421,424, 388,481, 328,500, 302,556, 159,600, 81,575, 36,502, 26,501, 9,491, 9,488, 26,497, 35,498, 37,494, 16,481, 8,481, 0,477
Line 0,541, 21,552, 20,556, 28,568, 29,576, 42,592, 45,605, 59,613, 60,618, 62,620
Line 459,620, 466,593, 463,584, 471,560, 470,550, 474,520, 466,487, 481,417, 485,411, 480,397, 487,342, 489,339, 488,334, 492,321, 492,285, 497,275, 542,270, 600,224

Line 0,73, 7,72, 15,77, 55,68, 56,70, 74,66, 81,54, 95,52, 99,54, 126,47, 143,56, 168,49, 171,41, 180,40, 203,1, 211,0
Line 235,0, 215,32, 189,38, 180,55, 167,58, 162,68, 154,69, 143,63, 130,67, 116,60, 76,69, 73,75, 62,79, 56,76, 24,83, 21,89, 0,92

Line 470,418, 452,479, 454,488, 454,539, 457,547, 447,580, 448,585, 441,601, 441,605, 435,620, 7
Line 381,484, 375,495, 7
Line 346,494, 360,502, 7
Line 395,520, 470,560, 7
Line 0,536, 25,549, 7
Line 66,549, 47,566, 7
Line 36,577, 32,581, 7
Line 228,15, 223,0, 7
Line 181,53, 170,43, 7
Line 71,76, 68,67, 7
Line 24,84, 21,76, 7

BrushColor FFFFFF
Polygon 480,276, 483,283, 479,287, 475,287, 473,291, 474,297, 478,300, 482,297, 482,317, 460,346, 454,357, 451,358, 448,348, 445,322, 461,291, 467,290, 475,277
Polygon 486,321, 467,343, 453,367, 454,373, 452,377, 457,400, 461,402, 467,426, 479,410, 477,405, 479,401, 476,393, 482,342, 485,337, 483,332
Polygon 305,563, 327,527, 335,506, 344,506, 358,503, 363,497, 372,495, 379,494, 386,495, 395,517, 397,526, 377,530, 348,565, 344,566, 339,575, 327,574, 318,580, 305,577

PenColor FFFFFF
Polygon 24,548, 29,546, 40,552, 42,560, 48,566, 53,583, 51,585, 54,597, 66,605, 66,607, 86,617, 105,613, 148,620, 73,620, 65,615, 65,611, 51,603, 47,592, 32,573, 32,567, 24,554

PenColor 5E5B5B
Line 24,554, 24,548, 29,546, 40,552, 42,560, 48,566, 53,583, 51,585, 54,597, 66,605, 66,607, 86,617, 105,613, 148,620
Line 73,620, 65,615, 65,611, 51,603, 47,592, 32,573, 32,567, 24,554


PenColor FFFFFF
Line 470,418, 452,479, 454,488, 454,539, 457,547, 447,580, 448,585, 441,601, 441,605, 435,620, 5
Line 381,484, 375,495, 5
Line 346,494, 360,502, 5
Line 395,520, 470,560, 5
Line 0,536, 25,549, 5
Line 66,549, 47,566, 5
Line 36,577, 32,581, 5
Line 228,15, 223,0, 5
Line 181,53, 170,43, 5
Line 71,76, 68,67, 5
Line 24,84, 21,76, 5

Line 66,547, 68,550, 5
Line -3,541, -3,532, 5
Line 29,580, 32,584, 5
Line 433,622, 437,622, 5
Line 472,562, 472,559, 5
Line 344,493, 348,492, 5
Line 378,482, 382,481, 5
Line 231,12, 228,17, 6
Line 220,-3, 226,-3, 5
Line 168,44, 170,40, 5
Line 181,56, 184,52, 5
Line 70,78, 73,76, 5
Line 65,65, 70,64, 5
Line 19,74, 22,73, 5
Line 25,87, 26,85, 5

PenColor 92576C
Arrow 368,401, 11,401, 2
Arrow 327,385, 408,417, 495,408, 582,408, 2
Arrow 251,193, 108,4, 2
Arrow 141,155, 10,155, 2
Arrow 18,605, 28,620, 2
Line 327,385, 154,161, 2
Spline 154,161, 149,156, 141,155, 2
Spline 108,401, 75,391, 63,363, 80,332, 2
Line 80,332, 250,207, 2
Spline 250,207, 254,201, 251,193, 2
Spline 108,401, 87,405, 74,418, 70,441, 2
Line 70,441, 70,524, 2
Spline 70,524, 67,536, 59,544, 2
Line 59,544, 21,583, 2
Spline 21,583, 15,595, 18,605, 2

PenColor 000000
BrushColor -1
AngleTextOut 0, Arial, 12, 31, 19, Direction Nlainville
AngleTextOut 0, Arial, 12, 32, 139, Direction Deux-Montagnes
AngleTextOut 0, Arial, 12, 29, 420, Direction Dorion-Rigaud
AngleTextOut 0, Arial, 12, 29, 467, Direction Delson
AngleTextOut 0, Arial, 12, 463, 414, Direction Mont-Saint-Hilaire

AngleTextOut 0, Arial, 15, 128, 4, Laval STL, 1
AngleTextOut 0, Arial, 15, 492, 373, Longueuil STL, 1

Opaque 80

PenColor 000000
BrushColor FFFFFF
Polygon 289,501, 597,501, 597,590, 289,590

BrushColor -1
PenColor 02802C
TextOut Arial, 12, 351, 508, 1 GREEN ANGRIGNON - HONORÉ-BEAUGRAND, 1
PenColor E94B0F
TextOut Arial, 12, 351, 529, 2 ORANGE CÔTE-VERTU - MONTMORENCY, 1
PenColor 0258B1
TextOut Arial, 12, 351, 550, 3 BLUE SNOWDON - SAINT-MICHEL, 1
PenColor FD9E02
TextOut Arial, 12, 351, 571, 4 YELLOW BERRI-UQAM - LONGUEUIL, 1
