Size 1200x1000
PenColor 0404A4
BrushColor -1
TextOut Arial, 35, 605, 27, Сочи, 1
TextOut Arial, 15, 604, 58, (Внимание! Все интервалы в этой версии равны 2 минутам)
PenColor E713E8
TextOut Arial, 14, 685, 126, Линия 1, 1
PenColor 128D6F
TextOut Arial, 14, 685, 156, Линия 2, 1
PenColor 00CDCB
TextOut Arial, 14, 685, 186, Линия 3, 1

PenColor 05FCFC
BrushColor 05FCFC
Polygon 0,50, 130,262, 140,280, 151,300, 160,320, 166,340, 171,370, 175,398, 181,423, 191,447, 205,475, 219,499, 236,524, 257,547, 275,563, 294,577, 321,594, 347,607, 374,619, 400,629, 426,638, 454,647, 484,662, 511,681, 540,705, 566,727, 839,1000, 0,1000
PenColor 0404A4
Spline 0,50, 100,213, 130,262, 140,280, 151,300, 160,320, 166,340, 171,370, 175,398, 181,423, 191,447, 205,475, 219,499, 236,524, 257,547, 275,563, 294,577, 321,594, 347,607, 374,619, 400,629, 426,638, 454,647, 484,662, 511,681, 540,705, 566,727, 632,793, 839,1000

TextOut Arial, 32, 160, 776, Черное море, 2
