Size 780x705

PenColor F4E2BA
BrushColor F4E2BA
Polygon 0,-60, 925,-60, 925,705, 0,705

PenColor FFF3E3
BrushColor FFF3E3
Polygon 208,-53, 925,-60, 920,448, 905,457, 868,438, 844,457, 766,412, 738,498, 688,525, 674,520, 626,598, 579,610, 555,692, 534,695, 448,652, 395,583, 196,510, 12,360, 117,194, 156,162, 154,114, 86,50, 74,-8, 159,-4, 202,-20

PenColor BFD8FF
BrushColor BFD8FF
Polygon 194,-60, 925,-60, 925,456, 791,248, 785,250, 680,42, 676,10, 643,2, 625,41, 634,51, 563,76, 497,57, 454,46, 440,56, 382,36, 325,3

PenColor 000000
Line 848,454, 854,466, 842,532, 869,578, 874,622, 858,670, 801,690, 797,705
Line 356,706, 395,583, 250,614, 203,666, 130,674, 69,705
Line 925,456, 791,248, 785,250, 680,42, 676,10, 643,2, 625,41, 634,51, 563,76, 497,57, 454,46, 440,56, 382,36, 325,3, 194,-60
Line 208,-53, 202,-20, 159,-4, 74,-8, 86,50, 154,114, 156,162, 117,194, 12,360, 196,510, 395,583, 448,652, 534,695, 555,692, 579,610, 626,598, 674,520, 688,525, 738,498, 766,412, 844,457, 868,438, 905,457, 920,448


PenColor 0404A4
BrushColor -1
TextOut Arial, 25, 401, 315, Fortaleza, 1
TextOut Arial, 10, 401, 340, (Attention! All time intervals in this version equal 2 minutes)

PenColor FF0000
TextOut Arial, 10, 449, 371, Linha Sul

PenColor 008000
TextOut Arial, 10, 449, 391, Linha Oeste

PenColor 0000C4
TextOut Arial, 10, 449, 411, Linha Leste

PenColor FFA500
TextOut Arial, 10, 449, 431, Linha Mucuripe
