Size 1450x1170
Angle 45
Line 1246,301, 20,301
Line 1246,680, 31,680
Line 782,368, 782,310, 871,310
Line 801,438, 801,311
Line 835,437, 835,310
Line 823,311, 823,438
Line 801,379, 823,379
Line 872,311, 872,438
Line 1076,438, 939,438
Line 1246,680, 1246,301
Line 1209,680, 1209,301
Line 783,613, 783,671, 1069,671
Line 802,549, 802,671
Line 822,671, 822,549
Line 872,550, 872,671
Line 1076,550, 939,550
Line 1209,431, 1162,431, 1162,441, 1209,441
Line 1209,543, 1162,543, 1162,553, 1209,553
Line 1028,437, 1028,549
Line 1069,550, 1069,510, 1028,510
Line 821,618, 803,618


PenColor 666666
Railway 22, 22, 10, 872,323, 1067,323
Railway 22, 22, 10, 872,367, 1067,367
Railway 22, 22, 10, 872,599, 1069,599
Railway 22, 22, 10, 872,637, 1069,637


BrushColor FB0505
Polygon 227,367, 228,529, 783,613, 783,459
BrushColor CCCCCC
Polygon 227,459, 227,367, 783,367, 783,459
Polygon 227,528, 227,613, 783,613, 783,528

BrushColor 663300
Polygon 872,367, 1067,367, 1067,345, 872,345
Polygon 872,588, 872,599, 1069,599, 1069,588
Polygon 872,659, 872,671, 1069,671, 1069,659
Polygon 872,620, 872,637, 1069,637, 1069,620
Polygon 872,403, 872,388, 1067,388, 1067,403
Polygon 872,323, 1067,323, 1067,311, 872,311

BrushColor 339999
Polygon 1209,543, 1209,553, 1247,553, 1247,543
Polygon 1209,431, 1209,441, 1247,441, 1247,431

BrushColor 999999
Polygon 783,459, 783,438, 939,438, 939,459
Polygon 939,550, 939,528, 783,528, 783,550

PenColor 505050
Railway 16, 20, 7, 85,471, 1023,471
Railway 16, 20, 7, 85,499, 1022,499


BrushColor -1
PenColor DC004B
AngleTextOut 0, Arial, 20, 620, 528, Комсомольская >>
AngleTextOut 0, Arial, 20, 238, 438, << Площадь Чекистов
AngleTextOut 0, Arial, 20, 238, 421, << Профсоюзная (2009)

BrushColor -1
PenColor FFFFFF
AngleTextOut 0, Arial, 30, 409, 474, Пионерская, 1
AngleTextOut 0, Arial, 14, 786, 441, Служебная платформа, 1
AngleTextOut 0, Arial, 14, 785, 532, Служебная платформа, 1
AngleTextOut 0, Arial, 0, 143, 243, 

PenColor 00699C
AngleTextOut -90, Arial, 16, 1357, 421, ул. Краснознаменская, 1

AngleTextOut 0, Arial, 16, 774, 751, Астраханский мост, 1
AngleTextOut 0, Arial, 16, 1405, 773, пр-т им. Ленина, 1
AngleTextOut 0, Arial, 16, 282, 724, ул. Рабоче-Крестьянская, 1
AngleTextOut -90, Arial, 10, 1235, 577, Не используется, 1
AngleTextOut -90, Arial, 10, 1205, 590, Выход, 1
AngleTextOut -90, Arial, 10, 1257, 344, Нет входа, 1
AngleTextOut -90, Arial, 10, 1206, 347, Выход, 1
AngleTextOut -90, Arial, 10, 1259, 584, Нет входа, 1
AngleTextOut -90, Arial, 10, 1257, 477, Вход, 1
AngleTextOut -90, Arial, 10, 1205, 467, Нет выхода, 1

PenColor 009966
Stairs 835,437, 835,310, 856,437
Stairs 872,438, 872,403, 1069,438
Stairs 834,671, 834,550, 857,671
Stairs 872,550, 872,588, 1069,550


