Size 830x800
Angle 49
Line 400,305, 400,432
Line -39,305, -39,432
Line 163,305, 163,431
Line 437,305, 465,305
Line 465,420, 437,420
Line 465,305, 465,420
Line 599,305, 400,305
Line 599,432, 400,432
Line 465,386, 539,386
Line 539,305, 539,386
Line 599,432, 599,305
Line 599,516, 599,221
Line 674,219, 674,704
Line 465,420, 539,420, 599,420
Line 109,395, 109,340
Line 109,340, 163,340
Line 109,395, 164,395
Line 71,305, 71,431
Line 578,305, 578,420
Line 534,173, 734,173
Line 534,221, 599,221
Line 734,219, 674,219
Line 543,560, 599,560, 599,705
Line 543,516, 599,516


BrushColor FB0505
Polygon -40,280, 400,280, 400,305, -40,305
Polygon -39,432, 400,432, 400,456, -39,456


Stairs 400,305, 400,432, 437,305
Stairs 465,420, 465,386, 539,420
Stairs 109,305, 109,340, 163,305
Stairs 109,395, 109,431, 164,395
Stairs 599,221, 599,173, 534,221
Stairs 674,219, 674,173, 734,219
Stairs 674,608, 599,608, 674,704
Stairs 599,516, 599,560, 543,516



PenColor 505050
Railway 16, 20, 7, -58,284, 598,285
Railway 16, 20, 7, -52,436, 596,436

PenColor 000000
BrushColor CCCCCC
Polygon 465,374, 539,374, 539,386, 465,386
Polygon 465,335, 539,335, 539,356, 465,356
Polygon 465,305, 539,305, 539,318, 465,318
Polygon 599,347, 578,347, 578,379, 599,379


Railway 17, 17, 8, 465,318, 539,318
Railway 18, 18, 8, 465,356, 539,356

BrushColor -1
PenColor DC004B
AngleTextOut 0, Arial, 20, 259, 254, ТК «Европа» >>
AngleTextOut 0, Arial, 20, 167, 452, << Комсомольская
AngleTextOut 0, Arial, 25, 183, 357, Площадь Ленина, 1


AngleTextOut 0, Arial, 10, -36, 366, Неиспользуемая часть, 1
PenColor 00699C
AngleTextOut 0, Arial, 16, 389, 762, Площадь Ленина, 1

AngleTextOut 0, Arial, 16, 27, 469, пр-т им. Ленина, 1
AngleTextOut 0, Arial, 16, 92, 235, пр-т им. Ленина, 1


AngleTextOut -90, Arial, 8, 578, 310, Выход, 1
AngleTextOut -90, Arial, 8, 609, 307, Нет входа, 1
AngleTextOut -90, Arial, 8, 609, 387, Вход, 1
AngleTextOut -90, Arial, 7, 578, 381, Нет выхода, 1
AngleTextOut 0, Arial, 10, 542, 419, Кассы, 1

