Size 1320x1500
Angle -45
BrushColor 666666
Polygon 927,566, 878,566, 878,877, 927,877
Polygon 816,566, 765,566, 765,877, 816,877

BrushColor 3399CC
Polygon 878,566, 878,877, 816,877, 816,566

BrushColor FB0505
Polygon 139,575, 256,480, 550,840, 437,933

Railway 16, 20, 7, 854,1579, 856,731, 856,623, 848,452, 830,358, 824,253
Railway 16, 20, 7, 840,20, 840,651, 842,859, 865,1095, 871,1200

PenColor 505050
Railway 16, 20, 7, 630,308, 632,1586
Railway 16, 20, 7, 590,1253, 559,1106, 461,943, 243,686, 115,528, 76,422, 85,312, 136,233, 206,173, 290,129, 378,103, 474,96, 570,111, 657,154, 716,215, 745,275, 763,333, 769,405, 766,455, 753,552, 734,660, 687,913, 645,1214, 632,1428
Railway 16, 20, 7, 840,118, 824,245, 786,351, 759,514
Railway 16, 20, 7, 590,1253, 587,1027, 578,932, 530,857, 290,566, 185,414, 203,265, 374,164, 588,199, 708,381, 647,734, 631,888
Railway 16, 20, 7, 606,1176, 605,1586
Railway 16, 20, 7, 579,308, 583,512, 618,605, 631,697

BrushColor 999999
Polygon 79,624, 139,575, 437,933, 374,984
Polygon 167,552, 225,505, 520,865, 467,910

BrushColor 006666
Polygon 935,620, 1012,620, 1012,844, 935,844

BrushColor -1
PenColor DC004B
AngleTextOut 130, Arial, 20, 412, 944, << Хлебозавод

PenColor 00AFAF
AngleTextOut 90, Arial, 16, -55, 581, пр-т им. Ленина, 1

BrushColor -1
PenColor FFFFFF
AngleTextOut 130, Arial, 25, 375, 856, Тракторный завод, 1
AngleTextOut 130, Arial, 25, 459, 865, Для отправления не используется, 1
AngleTextOut 90, Arial, 24, 833, 873, Тракторная - Пассажирская, 1
AngleTextOut 90, Arial, 20, 878, 874, << Тракторная - Товарная
AngleTextOut 90, Arial, 20, 956, 813, Здание станции
