Size 890x1000

; река
PenColor D9F5FF
BrushColor D9F5FF
Spline 161,1004, 205,928, 281,819, 331,745, 445,637, 518,540, 581,421, 660,301, 758,160, 808,110, 834,53, 886,-3, 20
Spline 206,1005, 242,939, 276,885, 304,832, 368,765, 432,698, 451,697, 472,752, 464,796, 445,850, 432,927, 427,958, 414,993, 401,955, 401,933, 391,956, 397,1001, 20
Spline 421,1000, 438,946, 474,887, 480,840, 497,800, 527,653, 558,606, 626,567, 636,544, 650,532, 674,527, 648,530, 635,533, 619,534, 620,549, 594,570, 561,596, 528,615, 540,572, 570,511, 595,457, 623,422, 674,405, 740,392, 793,370, 848,354, 900,275, 20
Spline 672,329, 707,266, 731,246, 794,163, 845,124, 846,146, 847,202, 826,275, 802,321, 763,353, 735,369, 714,363, 729,345, 742,328, 695,346, 686,338, 725,319, 690,325, 699,303, 672,329, 5
Polygon 170,1000, 282,828, 334,752, 436,657, 532,520, 554,535, 523,643, 432,689, 333,794, 206,1000
Polygon 442,678, 530,637, 494,807, 448,938, 433,905, 479,767
Polygon 526,523, 556,540, 611,430, 848,357, 890,298, 890,2, 815,84, 848,125, 846,152, 849,190, 836,246, 817,298, 797,326, 756,360, 728,370, 713,363, 721,352, 741,330, 693,346, 686,345, 684,340, 719,321, 690,326, 696,305, 678,321, 659,312
Polygon 657,316, 763,160, 827,91, 851,122, 832,131, 803,153, 776,184, 727,249, 715,258, 705,268, 675,322
PenColor FFFFFF
Line 832,-10, 900,-10, 900,314, 20
Line 151,1010, 430,1010, 20
Line 520,512, 569,539, 4

PenColor 040464
BrushColor -1
TextOut Arial, 30, 60, 20, ВОЛГОГРАД, 1
TextOut Arial, 20, 60, 50, схема скоростного трамвая, 1
