Size 2000x1630
;Image 1.gif


BrushColor 5050FF
PenColor 5050FF
Polygon 1090,843, 1110,836, 1134,836, 1166,836, 1168,855, 1148,857, 1126,851, 1114,853, 1108,855, 1094,855, 1088,852, 1088,847
Polygon 674,815, 682,803, 702,807, 714,806, 742,804, 756,809, 768,811, 780,817, 780,822, 776,826, 770,828, 748,829, 742,832, 722,831, 708,824, 692,821, 682,821
Polygon 1198,838, 1204,837, 1210,827, 1216,820, 1234,818, 1252,819, 1268,823, 1278,820, 1296,819, 1300,821, 1300,826, 1294,831, 1274,834, 1250,834, 1236,838, 1226,842, 1212,842, 1202,841
Polygon 1422,673, 1422,655, 1428,655, 1428,636, 1442,637, 1448,648, 1450,661, 1448,671, 1438,675
Polygon 418,1263, 434,1278, 440,1295, 452,1306, 462,1321, 460,1332, 448,1329, 436,1316, 428,1301, 422,1287, 416,1270
Polygon 472,1375, 482,1388, 486,1397, 492,1403, 492,1413, 504,1426, 506,1447, 498,1447, 490,1437, 482,1423, 478,1402, 472,1383
Spline 768,809, 786,801, 802,806, 832,812, 844,817, 868,821, 884,813, 902,816, 936,795, 960,796, 972,816, 982,827, 982,842, 992,851, 1000,852, 1004,845, 1008,852, 1020,852, 1036,849, 1052,842, 1064,848, 1086,849, 3
Spline 1300,829, 1326,840, 1350,866, 1342,893, 1330,921, 1326,934, 1336,939, 1342,939, 1346,945, 1368,947, 1400,944, 1434,944, 1446,942, 1456,945, 1472,944, 1486,940, 1490,953, 1508,967, 1526,983, 1552,993, 1578,996, 1592,986, 1600,971, 1618,970, 1636,981, 1658,986, 1674,991, 1683,989, 1690,998, 1696,994, 1704,1000, 1720,1002, 1732,1005, 1740,1011, 1750,1010, 1758,1013, 1778,1016, 1798,1018, 1834,1036, 1866,1036, 1880,1032, 1890,1018, 1904,1022, 1924,1023, 1940,1019, 1956,1026, 1970,1027, 1986,1040, 2002,1048, 3
Spline 674,813, 646,822, 616,825, 602,817, 594,815, 584,808, 584,799, 576,796, 564,778, 550,760, 522,740, 492,729, 448,724, 412,720, 372,701, 348,674, 344,637, 342,596, 332,563, 328,513, 334,472, 336,433, 320,390, 290,343, 3
Spline 294,707, 292,674, 304,649, 326,639, 344,635, 3
Spline 832,813, 832,802, 820,786, 808,763, 796,749, 794,726, 790,686, 784,652, 770,636, 766,616, 772,585, 794,564, 810,537, 848,505, 3
Spline 1536,988, 1548,969, 1530,952, 1506,927, 1506,912, 1510,901, 1490,899, 1478,889, 1472,874, 1464,860, 1464,845, 1468,840, 1468,830, 1476,829, 1486,812, 1496,808, 1508,803, 1516,803, 1522,793, 1530,790, 1532,781, 1548,782, 1562,772, 1568,759, 1568,746, 1582,746, 1596,747, 1610,748, 1616,744, 1618,734, 1630,732, 1642,732, 1648,725, 1642,705, 1634,701, 1628,696, 1622,697, 1616,689, 1608,681, 1602,683, 1594,676, 1584,665, 1574,652, 1562,633, 1550,621, 1544,610, 1518,591, 1504,577, 1498,573, 1500,566, 1506,566, 1506,560, 1498,558, 1484,551, 1474,540, 1454,527, 1438,513, 1430,501, 1412,491, 1402,476, 1414,433, 1410,419, 1416,404, 1414,394, 1424,389, 1416,374, 1422,360, 1418,342, 1414,317, 1418,309, 1426,296, 1434,284, 3
Spline 1642,704, 1648,693, 1656,693, 1662,688, 1658,684, 1672,675, 1678,664, 1680,655, 1694,637, 1706,632, 1724,612, 1734,605, 1742,606, 1758,597, 1770,597, 1780,591, 1786,591, 1798,581, 1814,572, 1836,570, 1848,564, 1856,553, 1870,534, 1906,515, 1934,505, 1964,492, 1986,477, 2000,473, 3
Spline 458,1331, 470,1359, 472,1377, 3
Spline 502,1449, 508,1454, 504,1467, 500,1484, 494,1498, 494,1519, 478,1539, 476,1551, 486,1566, 486,1583, 474,1603, 3
Spline 708,1248, 712,1264, 728,1275, 742,1281, 754,1295, 760,1321, 760,1333, 764,1345, 760,1357, 766,1373, 780,1383, 778,1403, 780,1425, 794,1441, 790,1455, 788,1474, 788,1508, 786,1544, 782,1577, 776,1603, 3
Polygon 1324,1179, 1328,1171, 1334,1171, 1340,1176, 1348,1179, 1354,1187, 1354,1193, 1350,1196, 1344,1194, 1340,1190, 1334,1191, 1332,1194, 1326,1191, 1324,1186

BrushColor -1
AngleTextOut -8, 100, 20, 435, 693, Сходня, 2
AngleTextOut 0, 100, 20, 998, 852, Сходня, 2
AngleTextOut -8, 100, 20, 1646, 954, Сходня, 2
TextOut 100, 14, 1300, 1198, оз. Щепкино болото, 2
TextOut 100, 14, 1406, 679, оз. Черное, 2

PenColor 000000
Railway 6, 8, 8, 672,1026, 624,960, 530,845, 502,793, 502,640, 522,562, 597,498, 705,470, 805,443, 3

Line 628,13, 2000,782, 2
Line 606,13, 2000,792, 2

BrushColor -1
AngleTextOut -29, 100, 21, 1602, 525, в Москву, 1
AngleTextOut -29, 100, 25, 1143, 316, Ленинградское шоссе, 1
Arrow 1672,581, 1705,600, 2

TextOut 100, 30, 225, 555, пос. Алабушево, 1
TextOut 100, 45, 903, 870, Зеленоград, 5

TextOut 100, 25, 1070, 362, 1 МКР, 1
TextOut 100, 25, 1014, 505, 2 МКР, 1
TextOut 100, 25, 1193, 640, 3 МКР, 1
TextOut 100, 25, 1042, 611, 4 МКР, 1
TextOut 100, 25, 1341, 494, 5 МКР, 1
TextOut 100, 25, 1460, 661, 6 МКР, 1
TextOut 100, 25, 1357, 883, 7 МКР, 1
TextOut 100, 25, 980, 1140, 8 МКР, 1
TextOut 100, 25, 918, 958, 9 МКР, 1
TextOut 100, 25, 692, 891, 10 МКР, 1
TextOut 100, 25, 803, 669, 11 МКР, 1
TextOut 100, 25, 929, 710, 12 МКР, 1
;TextOut 100, 25, 692, 891, 13 МКР, 1
TextOut 100, 25, 308, 912, 14 МКР, 1
TextOut 100, 25, 350, 1099, 15 МКР, 1
TextOut 100, 25, 344, 1241, 16 МКР, 1
;TextOut 100, 25, 692, 891, 17 МКР, 1
TextOut 100, 25, 520, 1091, 18 МКР, 1
TextOut 100, 25, 684, 1160, 19 МКР, 1
TextOut 100, 25, 557, 1241, 20 МКР, 1

TextOut 100, 45, 42, 25, Схема движения автобусов, 1
TextOut 100, 45, 127, 84, города Зеленоград, 1

TextOut 100, 18, 1130, 26, Крюково - СТО ВАЗ, 1
TextOut 100, 18, 1130, 61, Крюково - СТО ВАЗ, 1
TextOut 100, 18, 1130, 96, Крюково - Алабушево, 1
TextOut 100, 18, 1130, 131, Крюково - Крюково, 1
TextOut 100, 18, 1130, 166, 16-й МКР - Крюково, 1
TextOut 100, 18, 1130, 201, Северная - Роддом, 1
TextOut 100, 18, 1360, 26, Западная - Фирсановка, 1
TextOut 100, 18, 1360, 61, 41-й км - 41-й км, 1
TextOut 100, 18, 1360, 96, 41-й км - 41-й км, 1
TextOut 100, 18, 1365, 131, Крюково - Роддом, 1
TextOut 100, 18, 1365, 166, Северная - Северная, 1
TextOut 100, 18, 1365, 201, Крюково - МЖК, 1
TextOut 100, 18, 1595, 26, Крюково - Западная, 1
TextOut 100, 18, 1595, 61, 14-й МКР - Крюково, 1
TextOut 100, 18, 1595, 96, Северная - 16-й МКР, 1
TextOut 100, 18, 1595, 131, Корпус 1420 - Крюково, 1
TextOut 100, 18, 1595, 166, 16-й МКР - Крюково, 1
TextOut 100, 18, 1595, 201, Крюково - Алабушево, 1
TextOut 100, 18, 1825, 26, 14-й МКР - Роддом, 1
TextOut 100, 18, 1825, 61, 14-й МКР - Детский мир, 1
TextOut 100, 18, 1825, 96, 16-й МКР - "Рожки", 1
TextOut 100, 18, 1825, 131, Крюково - Малино, 1
TextOut 100, 18, 1825, 166, 16-й МКР - Крюково, 1
TextOut 100, 18, 1825, 201, Северная - Крюково, 1
TextOut 100, 18, 1825, 236, Крюково - "Рожки", 1

TextOut 100, 20, 1115, 25, 1, 1
TextOut 100, 20, 1115, 60, 2, 1
TextOut 100, 20, 1115, 95, 3, 1
TextOut 100, 20, 1115, 130, 4, 1
TextOut 100, 20, 1115, 165, 5, 1
TextOut 100, 20, 1115, 200, 6, 1
TextOut 100, 20, 1345, 25, 7, 1
TextOut 100, 20, 1345, 60, 8, 1
TextOut 100, 20, 1345, 95, 9, 1
TextOut 100, 20, 1342, 130, 10, 1
TextOut 100, 20, 1342, 165, 11, 1
TextOut 100, 20, 1342, 200, 12, 1
TextOut 100, 20, 1572, 25, 13, 1
TextOut 100, 20, 1572, 60, 14, 1
TextOut 100, 20, 1572, 95, 15, 1
TextOut 100, 20, 1572, 130, 16, 1
TextOut 100, 20, 1572, 165, 17, 1
TextOut 100, 20, 1572, 200, 18, 1
TextOut 100, 20, 1802, 25, 19, 1
TextOut 100, 20, 1797, 60, 19к, 1
TextOut 100, 20, 1802, 95, 20, 1
TextOut 100, 20, 1802, 130, 21, 1
TextOut 100, 20, 1802, 165, 22, 1
TextOut 100, 20, 1802, 200, 23, 1
TextOut 100, 20, 1802, 235, 27, 1
