Size 1009x576
;Image Wuppertal_schwebstrecke.gif
PenColor 040464
TextOut Arial, 30, 50, 6, Wuppertal Schwebebahn, 1
TextOut Arial, 10, 50, 38, (Attention! All time intervals in this version equal 2 minutes)
;TextOut Arial, 20, 60, 100, Линии, 2
;PenColor 4369FD
;TextOut Arial, 18, 60, 125, Schwebebahn, 1


PenColor B3B4B9
BrushColor B3B4B9
Polygon 0,508, 15,524, 32,510, 28,500, 40,491, 34,484, 20,492, 11,484, 7,470, 12,462, 16,468, 47,462, 69,471, 80,471, 85,474, 84,466, 26,411, 44,411, 51,420, 70,424, 76,440, 80,438, 85,426, 90,416, 108,406, 114,394, 121,386, 146,388, 143,376, 120,360, 128,351, 126,349, 126,332, 152,291, 170,298, 178,322, 164,340, 166,360, 176,358, 202,339, 203,320, 219,288, 223,290, 254,263, 280,243, 301,244, 294,256, 273,296, 288,300, 294,289, 316,292, 321,296, 332,296, 336,310, 342,319, 344,326, 355,333, 364,330, 376,318, 358,280, 348,266, 334,236, 336,232, 332,226, 328,226, 316,206, 350,192, 351,175, 345,168, 312,172, 303,156, 306,132, 333,132, 325,114, 333,100, 330,98, 322,102, 302,100, 279,110, 276,112, 246,112, 260,80, 300,59, 330,35, 336,52, 367,84, 380,81, 400,92, 410,112, 435,108, 442,132, 456,132, 458,120, 474,108, 474,94, 445,78, 451,64, 469,43, 486,32, 500,12, 586,0, 716,0, 705,14, 686,30, 676,18, 660,11, 643,32, 643,70, 668,74, 674,70, 736,66, 770,48, 771,39, 760,20, 866,18, 908,7, 1009,4, 1009,189, 990,210, 982,212, 976,208, 970,228, 941,233, 915,262, 938,285, 936,298, 910,284, 892,302, 878,328, 860,330, 854,311, 866,276, 883,249, 918,222, 922,204, 910,187, 894,179, 894,188, 874,202, 869,207, 873,227, 866,231, 852,221, 840,206, 821,210, 806,221, 796,216, 774,215, 768,221, 768,234, 756,232, 751,227, 742,230, 739,234, 738,250, 732,249, 723,239, 714,237, 703,237, 696,245, 696,247, 674,247, 672,263, 666,271, 651,272, 654,284, 650,308, 638,296, 634,274, 624,266, 616,268, 608,301, 594,299, 568,312, 570,349, 560,344, 548,330, 536,338, 536,344, 542,361, 533,368, 534,383, 526,387, 513,357, 502,342, 487,347, 495,360, 506,372, 506,382, 501,384, 485,376, 469,396, 472,400, 496,391, 518,395, 577,394, 588,424, 554,454, 550,454, 514,482, 500,504, 518,530, 516,550, 524,576, 472,576, 462,564, 462,560, 477,557, 484,540, 485,531, 470,518, 462,510, 462,494, 468,482, 456,466, 439,443, 441,422, 460,402, 458,364, 447,356, 435,372, 430,368, 414,392, 398,400, 394,385, 400,376, 396,369, 388,361, 365,360, 336,356, 316,362, 329,369, 338,378, 333,393, 316,409, 318,414, 316,428, 310,426, 304,422, 298,422, 294,426, 297,434, 294,434, 292,432, 287,433, 278,431, 268,436, 264,436, 259,445, 250,448, 236,448, 239,453, 250,452, 265,458, 269,454, 268,449, 273,450, 276,444, 282,444, 290,438, 300,440, 295,449, 296,460, 292,468, 284,472, 276,473, 267,481, 252,478, 240,484, 220,472, 218,475, 230,490, 219,499, 187,476, 163,486, 152,504, 144,504, 138,498, 130,502, 120,504, 112,523, 127,551, 137,556, 158,548, 170,558, 168,572, 164,576, 40,576, 36,564, 45,554, 40,554, 28,567, 16,560, 6,576, 0,576
Polygon 18,576, 20,570, 25,576
Polygon 722,576, 690,546, 687,478, 687,458, 694,424, 695,421, 674,396, 648,398, 634,383, 648,356, 719,312, 744,299, 748,310, 730,331, 732,350, 765,383, 750,404, 790,426, 807,419, 836,428, 839,448, 846,456, 862,455, 863,452, 898,452, 894,471, 861,478, 859,500, 837,532, 858,546, 866,546, 876,516, 906,494, 944,520, 960,542, 966,574, 914,575, 882,550, 854,552, 856,574

PenColor FFFFFF
BrushColor FFFFFF
Polygon 372,211, 387,206, 405,192, 402,179, 390,170, 391,164, 423,160, 438,151, 427,182, 434,181, 474,190, 441,196, 420,204, 392,218, 372,220
Polygon 506,172, 503,162, 551,140, 572,118, 580,114, 612,118, 594,140, 570,153, 533,156
Polygon 530,234, 564,204, 562,201, 579,191, 580,186, 614,188, 629,202, 598,231, 578,244, 566,258, 560,256, 560,254, 542,252, 532,245

PenColor 5E8EBE
BrushColor 5E8EBE
Spline 269,576, 268,558, 276,546, 290,534, 291,520, 280,512, 260,512, 242,504, 231,494, 214,477, 202,463, 196,454, 200,446, 211,444, 230,444, 250,444, 259,439, 261,429, 261,414, 262,400, 264,391, 274,384, 278,374, 284,362, 294,353, 306,352, 318,348, 330,344, 348,346, 359,350, 370,348, 384,338, 392,336, 403,336, 408,324, 420,314, 436,305, 452,296, 466,287, 475,289, 488,288, 502,280, 514,280, 525,291, 536,292, 545,282, 558,270, 570,260, 582,246, 599,234, 618,231, 635,217, 641,208, 647,197, 658,192, 673,194, 688,194, 702,190, 717,184, 730,176, 738,170, 751,170, 761,166, 768,162, 777,160, 786,158, 786,146, 796,139, 806,135, 818,136, 828,139, 833,132, 842,130, 858,126, 872,126, 883,133, 894,146, 909,154, 921,160, 934,175, 938,187, 934,200, 930,210, 926,222, 922,232, 914,244, 909,254, 906,266, 911,277, 917,285, 930,290, 939,292, 954,292, 965,293, 977,292, 987,287, 998,284, 1009,285, 16
