size 1587x625

BrushColor 3C3C3C
Polygon 0,0, 1587,0, 1587,625, 0,625, 1

PenColor 3C8CAC
Spline 1444,-2, 1518,71, 1534,89, 1549,98, 1561,113, 1591,168, 12
Line 1566,631, 1595,603, 18

PenColor 444444
BrushColor 444444
Line 91,625, 109,426, 9
Line 2,490, 209,626, 9
Line 2,448, 65,427, 369,408, 574,361, 9
Line 1,376, 203,419, 682,588, 827,628, 9
Line 1,288, 353,277, 419,304, 369,408, 232,305, 237,243, 9
Line 419,304, 440,304, 444,387, 9
Line 328,378, 353,278, 364,235, 9
Line 291,240, 285,344, 9
Line 504,381, 540,412, 984,418, 9
Line 462,515, 416,602, 468,625, 9
Line 497,528, 502,626, 9
Line 5,243, 10,132, 32,2, 107,34, 102,158, 9
Line 10,132, 344,229, 9
Line 105,78, 367,111, 9
Line 136,82, 134,167, 9
Line 105,113, 200,126, 201,92, 9
Line 177,88, 174,179, 9
Line 250,202, 264,99, 378,55, 542,47, 626,73, 678,116, 821,124, 888,99, 9
Line 214,194, 211,237, 9
Line 343,229, 378,55, 9
Line 413,228, 414,275, 972,253, 9
Line 437,224, 440,304, 583,297, 597,220, 9
Line 460,268, 471,227, 9
Line 654,401, 692,207, 721,33, 9
Line 641,375, 749,413, 9
Line 623,321, 810,388, 9
Line 712,462, 934,501, 931,608, 9
Line 514,50, 513,86, 940,100, 1003,132, 9
Line 1084,291, 993,419, 1080,407, 9
Line 758,28, 754,62, 946,85, 1097,125, 9
Line 1092,23, 1245,113, 1271,169, 9
Line 1245,67, 1279,3, 9
Line 1375,135, 1442,1, 9
Line 1464,-1, 1591,69, 9
Line 1540,42, 1564,-2, 9
Line 1590,3, 1427,315, 1502,299, 9
Line 1540,318, 1587,361, 9
Line 1590,102, 1324,605, 1311,623, 9
Line 1455,315, 1360,497, 9
Line 1377,506, 1330,482, 9
Line 1198,295, 1004,194, 9
Line 1134,202, 1109,249, 9
Line 1527,316, 1388,582, 1377,626, 9
Line 1331,200, 1508,290, 9
Line 1388,582, 1472,625, 9
Line 1229,251, 1003,132, 9
Line 1397,429, 1412,438, 9

Line 1,250, 1271,169, 1375,135, 15
Line 1587,247, 1120,0, 15
Line 1506,624, 1551,537, 15
Line 1586,555, 899,194, 15
Line 1311,625, 1278,582, 634,214, 15
Line 474,215, 488,2, 15
Line 537,1, 571,15, 1032,49, 1331,200, 15
Line 650,1, 626,73, 594,122, 568,185, 547,299, 700,626, 15
Line 724,27, 629,210, 613,269, 616,299, 623,321, 708,574, 776,596, 15
Line 851,37, 691,526, 980,625, 15
Line 985,1, 899,194, 837,329, 787,475, 778,626, 15
Line 692,-6, 862,9, 979,1, 1058,22, 1092,23, 15
Line 1081,0, 1032,49, 934,386, 934,501, 990,627, 15
Line 1091,1, 1097,125, 1096,181, 1074,370, 1098,531, 1080,568, 1052,594, 996,626, 15
Line 1072,624, 1077,573, 1116,497, 15
Line 1111,478, 1359,2, 15
Line 1103,624, 1294,256, 15
Line 1193,625, 1395,237, 15
Line 1258,625, 1413,319, 15
Line 1210,358, 1317,155, 15
Line 1271,244, 1458,341, 15
Line 1229,324, 1420,424, 15
Line 1163,394, 1330,482, 15
Line 1524,272, 1509,300, 1525,309, 

Line 1306,407, 1306,407, 40
Line 1084,291, 1084,291, 40
Line 1491,195, 1491,195, 45
Line 899,194, 899,194, 40
Line 562,214, 562,214, 40
Line 1375,135, 1375,135, 40
Polygon 1501,302, 1521,262, 1539,272, 1534,283, 1555,294, 1541,321, 

PenColor 9C6464
Line 1,250, 340,229, 
Line 215,194, 211,237, 
Line 1,128, 339,229, 
Line 413,228, 414,275, 719,263, 1278,583, 1311,625, 
Line 700,626, 547,299, 568,185, 594,122, 626,73, 650,1, 
Line 437,224, 440,304, 583,297, 588,269, 
Line 613,269, 616,299, 641,375, 660,381, 667,337, 623,321, 
Line 778,625, 787,475, 837,329, 984,0, 
Line 787,475, 712,462, 797,202, 851,37, 1032,49, 1324,197, 
Line 782,557, 931,608, 934,501, 990,627, 
Line 934,501, 934,386, 978,236, 1084,291, 993,419, 1080,407, 1074,370, 1084,291, 1235,372, 1103,624, 
Line 1229,555, 1193,625, 
Line 1210,418, 1330,482, 1354,433, 
Line 1330,482, 1377,506, 1402,458, 
Line 1506,624, 1551,537, 
Line 1586,555, 1235,372, 1294,256, 
Line 1210,358, 1229,324, 1420,424, 1412,438, 1397,429, 1402,417, 
Line 1372,398, 1413,319, 1502,299, 1540,318, 1586,360, 
Line 1444,335, 1271,244, 1317,155, 1375,135, 1444,-2, 
Line 1427,315, 1588,8, 
Line 1483,302, 1528,216, 
Line 1564,54, 1540,42, 1562,1, 
Line 1587,247, 1120,0, 
Line 1271,169, 1229,251, 940,100, 513,86, 514,49, 
Line 468,49, 543,47, 626,73, 678,116, 821,124, 888,99, 
Line 678,116, 724,27, 571,15, 537,1, 
Line 758,28, 754,62, 946,85, 1097,125, 
Line 1084,291, 1096,181, 1097,125, 1092,23, 1092,1, 
Line 993,1, 1058,22, 1092,23, 1245,113, 1271,169, 1240,171, 
Line 1134,202, 1109,249, 1091,239, 
Line 1359,2, 1271,169, 
Line 1245,67, 1280,1, 

PenColor FCFC04
BrushColor -1
TextOut Arial,40,184,8, Torino
TextOut Arial,10,145,45, (Attention! All time intervals in this version equal 2 minutes)
PenColor A0A0A0
AngleTextOut -18,Arial,12,72,154, via De Amicis
AngleTextOut 3,Arial,12,479,230, corso Francia
AngleTextOut 3,Arial,12,812,207, corso Francia
AngleTextOut 3,Arial,12,1163,185, corso Francia
AngleTextOut 60,Arial,12,648,187, corso Telesio
AngleTextOut 73,Arial,12,1015,133, corso Swizzera
AngleTextOut -87,Arial,12,1116,54, corso Tassoni
AngleTextOut -27,Arial,12,1199,49, corso Regina Margherila
AngleTextOut 63,Arial,12,1260,58, via Livorno
AngleTextOut 63,Arial,12,1323,92, corso Principe Oddone
AngleTextOut 63,Arial,12,1391,121, via Cigna
AngleTextOut -27,Arial,12,1322,172, piazza Statuto
AngleTextOut 84,Arial,12,1097,275, corso Ferrucci
AngleTextOut -27,Arial,12,1304,271, via Cernaia
AngleTextOut 63,Arial,12,1439,399, via XX Settembre
AngleTextOut -27,Arial,12,1424,482, corso Vittorio Emmanuele II
AngleTextOut -27,Arial,12,1106,315, corso Vittorio Emmanuele II
AngleTextOut 63,Arial,12,1290,576, corso Re Umberto
AngleTextOut 63,Arial,12,1226,583, corso Galileo Ferraris
AngleTextOut 63,Arial,12,1142,569, corso Duco degli Abruzzi
AngleTextOut -30,Arial,12,997,433, corso Peschiera
AngleTextOut 74,Arial,12,950,352, corso Racconigi
AngleTextOut 67,Arial,12,853,321, corso Trapani
AngleTextOut 73,Arial,12,745,396, corso Monte Cucco
AngleTextOut -65,Arial,12,579,314, via De Sanctis

PenColor FFFFFF
Line -10,-10, 1597,-10, 1597,635, -10,635, -10,-10, 20
