Size 1595x1520

BrushColor F5E8C6
Polygon 0,0, 1595,0, 1595,1520, 0,1520

;зелень
BrushColor D0FFD0
PenColor D0FFD0
Polygon 69,422, 160,422, 160,375, 301,375, 301,604, 69,604
Polygon 324,409, 386,409, 386,552, 372,552, 372,755, 324,755
Polygon 1344,388, 1351,388, 1447,484, 1344,484
Polygon 1148,484, 1262,598, 1198,662, 1084,548
Polygon 689,643, 614,568, 406,775, 406,925
Polygon 725,662, 771,708, 689,790, 643,744
Polygon 895,813, 961,813, 961,831, 895,831
Polygon 0,1194, 383,1194, 382,1251, 334,1251, 334,1520, 0,1520
Polygon 737,1040, 820,1040, 820,1075, 737,1075
Polygon 897,1029, 943,1029, 943,1082, 897,1082
Polygon 1211,995, 1299,995, 1299,1056, 1211,1056
Polygon 1331,1429, 1443,1429, 1443,1490, 1331,1490

;озерки
BrushColor C0C0FF
PenColor C0C0FF
Polygon 525,0, 525,0, 525,0, 557,19, 770,84, 913,118, 1313,242, 1313,207, 1146,157, 1156,126, 1332,181, 1462,181, 1462,210, 1340,210, 1338,263, 1350,275, 1366,279, 1402,317, 1406,313, 1438,344, 1435,347, 1470,379, 1484,365, 1556,435, 1541,450, 1595,502, 1595,6, 1171,5, 1160,0, 974,0, 857,40, 776,16, 763,0
Polygon 1357,331, 1380,308, 1394,322, 1384,331, 1417,364, 1426,355, 1461,389, 1458,392, 1528,460, 1530,457, 1541,467, 1535,473, 1595,533, 1595,571
Polygon 173,389, 303,389, 303,733, 228,733, 228,520, 173,520
Polygon 0,1216, 347,1216, 347,1242, 0,1242
Polygon 0,1140, 109,1140, 190,1181, 279,1181, 371,1135, 371,1183, 382,1183, 383,1194, 0,1194

;речки
PenColor C0C0FF
Line 566,8, 566,482, 716,632, 990,632, 1142,480, 12
Line 564,129, 471,223, 471,416, 451,438, 451,708, 366,791, 366,1148, 11
Line 767,77, 738,109, 738,347, 802,411, 881,411, 901,390, 980,390, 11
Line 743,71, 707,107, 707,385, 788,467, 913,467, 980,404, 11
Line 718,61, 675,103, 675,417, 775,518, 917,518, 979,454, 11
Line 691,55, 640,102, 640,437, 757,554, 934,554, 979,509, 11
Line 980,391, 980,567, 1036,622, 1036,837, 1069,871, 1069,972, 951,1089, 951,1520, 12
Line 936,117, 936,170, 1283,274, 9

;граница
PenColor FF8000
Line 313,0, 313,48, 459,48, 459,0, 10
Line 393,49, 393,111, 481,199, 481,576, 424,633, 424,717, 410,731, 410,761, 400,771, 400,980, 374,980, 374,1178, 388,1178, 388,1256, 928,1256, 928,1204, 1080,1356, 1080,1526, 1225,1381, 1225,1355, 1596,1355, 10
Line 0,942, 289,942, 289,1085, 374,1085, 10
Line 0,1085, 295,1085, 10
Line 0,1256, 405,1256, 10
Line 339,1520, 339,1256, 10
Line 928,1520, 928,1147, 10
Line 699,0, 752,42, 858,73, 1393,73, 1499,179, 1205,473, 1340,608, 1321,627, 1321,733, 1186,868, 1186,954, 955,954, 932,978, 880,926, 640,926, 561,1005, 425,1005, 400,980, 10
Line 1595,297, 1382,297, 1382,401, 1589,608, 1596,608, 10
Line 1169,954, 1169,1279, 10
Spline 928,1147, 1004,1223, 1024,1243, 1057,1269, 1085,1278, 1128,1279, 1169,1279, 10

PenColor FFFFFF
Line 313,0, 313,48, 459,48, 459,0, 8
Line 393,49, 393,111, 481,199, 481,576, 424,633, 424,717, 410,731, 410,761, 400,771, 400,980, 374,980, 374,1178, 388,1178, 388,1256, 928,1256, 928,1204, 1080,1356, 1080,1526, 1225,1381, 1225,1355, 1596,1355, 8
Line 0,942, 289,942, 289,1085, 374,1085, 8
Line 0,1085, 295,1085, 8
Line 0,1256, 405,1256, 8
Line 339,1520, 339,1256, 8
Line 928,1520, 928,1147, 8
Line 699,0, 752,42, 858,73, 1393,73, 1499,179, 1205,473, 1340,608, 1321,627, 1321,733, 1186,868, 1186,954, 955,954, 932,978, 880,926, 640,926, 561,1005, 425,1005, 400,980, 8
Line 1595,297, 1382,297, 1382,401, 1589,608, 1596,608, 8
Line 1169,954, 1169,1279, 8
Spline 928,1147, 1004,1223, 1024,1243, 1057,1269, 1085,1278, 1128,1279, 1169,1279, 8

;надписи
PenColor 0000FF
TextOut 10, 9, 826, 406, Singel, 3
TextOut 10, 9, 820, 462, Herengracht, 3
TextOut 10, 9, 819, 513, Keizersgracht, 3
TextOut 10, 9, 818, 549, Prinsengracht, 3
TextOut 10, 12, 1069, 31, Het IJ, 3
TextOut 10, 9, 52, 1164, Het Nieuwe Meer, 3
TextOut 10, 9, 120, 1225, Bosbaan, 3
TextOut 10, 9, 236, 559, Sloterplas, 3
AngleTextOut 90, 10, 9, 1031, 767, Amstel, 3
AngleTextOut 90, 10, 9, 446, 560, Kostverforenvaart, 3
AngleTextOut 45, 10, 8, 493, 193, Kattensloot, 3

;Легенда
BrushColor D0FFD0
PenColor 000000
TextOut 10, 20, 141, 1266, Metro, 1
TextOut 10, 20, 120, 1316, Tram lines, 1
TextOut 10, 20, 52, 1340, 1, 1
TextOut 10, 20, 52, 1380, 2, 1
TextOut 10, 20, 52, 1420, 3, 1
TextOut 10, 20, 52, 1460, 4, 1
TextOut 10, 20, 132, 1340, 5, 1
TextOut 10, 20, 132, 1380, 7, 1
TextOut 10, 20, 132, 1420, 9, 1
TextOut 10, 20, 132, 1460, 10, 1
TextOut 10, 20, 212, 1340, 12, 1
TextOut 10, 20, 212, 1380, 13, 1
TextOut 10, 20, 212, 1420, 14, 1
TextOut 10, 20, 212, 1460, 16, 1
TextOut 10, 20, 292, 1340, 17, 1
TextOut 10, 20, 292, 1380, 24, 1
TextOut 10, 20, 292, 1420, 25, 1
TextOut 10, 20, 292, 1460, 26, 1
