Size 1789x1679
PenColor 0404A4
BrushColor -1
TextOut Arial, 28, 554, 293, Guangzhou, 1
TextOut Arial, 10, 553, 320, (Attention! All time intervals in this version equal 2 minutes)

; река
PenColor D9F5FF
BrushColor D9F5FF
Line 1267,-4, 1054,210, 516,210, 257,470, 257,568, 235,590, 234,766, 358,890, 473,890, 15
Line 317,-2, 317,407, 454,544, 454,760, 553,858, 553,967, 966,967, 1002,1004, 1781,1004, 20
Line 966,963, 1061,963, 1082,984, 1178,984, 1202,1008, 10
Line 1127,986, 1110,1003, 10
Line -6,104, 178,288, 242,288, 254,300, 298,300, 313,314, 20
Line 483,792, 429,846, 551,969, 15
Line 636,973, 636,1074, 778,1216, 778,1290, 806,1318, 982,1318, 1061,1238, 1190,1238, 1206,1254, 1446,1254, 1618,1082, 1780,1082, 20
Line 781,1241, 801,1261, 947,1261, 1019,1189, 1142,1190, 1190,1238, 20
Line 1251,1246, 1251,1207, 1306,1152, 1460,1152, 1606,1006, 20
Line 1339,1149, 1388,1100, 1509,1100, 10
Line 1577,1036, 1780,1036, 20
Line 1607,1092, 1532,1017, 1478,1017, 1467,1006, 15
Line 0,1373, 424,1373, 481,1430, 668,1430, 668,1473, 702,1507, 1526,1507, 1526,1523, 1548,1546, 1750,1546, 15
Line 1,1619, 174,1619, 314,1480, 431,1480, 482,1430, 15
Line 668,1430, 791,1306, 15
Line 1526,1512, 1526,1379, 1547,1358, 1750,1358, 15
Polygon 1750,1679, 1750,1124, 1715,1090, 1715,1074, 1742,1074, 1750,1065, 1682,997, 1789,997, 1789,1679

BrushColor -1
PenColor EED044
TextOut Arial, 16, 595, 375, 1
PenColor 005F96
TextOut Arial, 16, 595, 395, 2
PenColor E89E49
TextOut Arial, 16, 595, 415, 3
PenColor 007B45
TextOut Arial, 16, 595, 435, 4
PenColor C3043D
TextOut Arial, 16, 595, 455, 5
PenColor 772059
TextOut Arial, 16, 595, 475, 6
PenColor 007282
TextOut Arial, 16, 595, 495, 8
PenColor BAD51C
TextOut Arial, 16, 595, 515, Guangfo
PenColor 06A2F1
TextOut Arial, 16, 595, 535, APM
