Size 900x920
Angle 89

;пути
BrushColor CC3333
Polygon 676,420, 676,451, 229,451, 229,420
Polygon 676,341, 676,311, 229,311, 229,341
PenColor CC3333
BrushColor -1
AngleTextOut 0, Arial, 20, 541, 451, посадки нет >>
AngleTextOut 0, Arial, 20, 231, 285, << Житомирская
AngleTextOut 0, Arial, 25, 381, 260, Академгородок, 1

PenColor 000000
Line 676,341, 676,360, 652,360
Line 676,420, 676,402, 652,402
Line 229,341, 229,360, 253,360
Line 229,420, 229,402, 253,402

Opaque 75
PenColor FFFFFF
BrushColor FFFFFF
Polygon 678,309, 678,362, 226,362, 228,309
Polygon 678,456, 678,401, 226,401, 226,456
Opaque 100

;колонны
BrushColor D0D0D0

Polygon 652,357, 652,363, 646,363, 646,357
Polygon 624,357, 624,363, 618,363, 618,357
Polygon 596,357, 596,363, 590,363, 590,357
Polygon 568,357, 568,363, 562,363, 562,357
Polygon 540,357, 540,363, 534,363, 534,357
Polygon 512,357, 512,363, 506,363, 506,357
Polygon 484,357, 484,363, 478,363, 478,357
Polygon 456,357, 456,363, 450,363, 450,357
Polygon 427,357, 427,363, 421,363, 421,357
Polygon 399,357, 399,363, 393,363, 393,357
Polygon 371,357, 371,363, 365,363, 365,357
Polygon 343,357, 343,363, 337,363, 337,357
Polygon 315,357, 315,363, 309,363, 309,357
Polygon 287,357, 287,363, 281,363, 281,357
Polygon 259,357, 259,363, 253,363, 253,357

Polygon 652,399, 652,405, 646,405, 646,399
Polygon 624,399, 624,405, 618,405, 618,399
Polygon 596,399, 596,405, 590,405, 590,399
Polygon 568,399, 568,405, 562,405, 562,399
Polygon 540,399, 540,405, 534,405, 534,399
Polygon 512,399, 512,405, 506,405, 506,399
Polygon 484,399, 484,405, 478,405, 478,399
Polygon 456,399, 456,405, 450,405, 450,399
Polygon 427,399, 427,405, 421,405, 421,399
Polygon 399,399, 399,405, 393,405, 393,399
Polygon 371,399, 371,405, 365,405, 365,399
Polygon 343,399, 343,405, 337,405, 337,399
Polygon 315,399, 315,405, 309,405, 309,399
Polygon 287,399, 287,405, 281,405, 281,399
Polygon 259,399, 259,405, 253,405, 253,399

;линии балконов запад
Spline 624,363, 635,360, 646,363
Spline 596,363, 607,360, 618,363
Spline 590,363, 579,360, 568,363
Spline 540,363, 551,360, 562,363
Spline 512,363, 523,360, 534,363
Spline 484,363, 495,360, 506,363
Spline 456,363, 467,360, 478,363
Spline 456,363, 453,366, 451,370
Line 451,370, 496,370

;центр
Line 427,370, 381,370
Spline 421,363, 425,366, 427,370
Spline 421,363, 410,360, 399,363
Spline 393,363, 382,360, 371,363
Spline 365,363, 354,360, 343,363
Spline 337,363, 326,360, 315,363
Spline 309,363, 298,360, 287,363
Spline 281,363, 270,360, 259,363

;линии балконов восток
Spline 624,399, 635,402, 646,399
Spline 596,399, 607,402, 618,399
Spline 590,399, 579,402, 568,399
Spline 540,399, 551,402, 562,399
Spline 512,399, 523,402, 534,399
Spline 484,399, 495,402, 506,399
Spline 456,399, 467,402, 478,399
Spline 456,399, 453,396, 451,392
Line 451,392, 496,392

;центр
Line 427,392, 381,392
Spline 421,399, 425,396, 427,392
Spline 421,399, 410,402, 399,399
Spline 393,399, 382,402, 371,399
Spline 365,399, 354,402, 343,399
Spline 337,399, 326,402, 315,399
Spline 309,399, 298,402, 287,399
Spline 281,399, 270,402, 259,399

;лестницы в центре
Stairs 453,370, 453,392, 498,370
Stairs 425,370, 425,392, 380,370

;соединение вестибюлей
Line 676,311, 229,311
Line 676,451, 229,451


;южный вестибюль
Line 253,363, 210,363
Line 253,399, 210,399
Stairs 256,363, 256,399, 210,363
Line 229,311, 100,311, 100,290, 170,289
Line 229,451, 158,451, 158,402, 100,402, 100,454, 101,466, 161,464
Polygon 158,351, 151,351, 151,368, 158,368
Line 163,485, 101,488, 106,639, 300,632
Line 19,287, 72,286, 72,457, 78,640, 19,643
Line 18,262, 72,261, 72,254, 170,252
Line 160,268, 105,269
Line 301,656, 20,667
Stairs 160,464, 161,485, 109,466
Stairs 21,643, 22,667, 67,641
Stairs 20,287, 20,262, 66,286
Stairs 159,252, 159,268, 137,253
Stairs 128,253, 128,269, 105,253
Stairs 106,637, 78,638, 106,627
Stairs 101,502, 74,503, 101,512

;эскалаторы
PenColor 7F7F7F
Stairs 153,270, 153,287, 116,271
PenColor 000000
BrushColor 9B5509
Polygon 113,288, 113,290, 156,289, 156,287
Polygon 113,278, 113,281, 156,280, 156,277
Polygon 113,269, 113,271, 156,270, 156,268

;закрыто
PenColor FF0000
Line 162,286, 159,271
Line 162,271, 159,286
Line 109,287, 106,272
Line 109,272, 106,287

;кассы
PenColor 000000
BrushColor -1
Line 158,408, 147,408, 147,439, 158,439
Line 158,359, 180,359, 0.5
Line 200,450, 189,409, 0.5
AngleTextOut -90, Arial, 10, 159, 410, кассы

;турникеты
Polygon 173,361, 180,359, 182,366, 175,368
PenColor 009900
Stairs 178,371, 182,370, 187,410
PenColor FF0000
Stairs 176,355, 181,355, 175,315

;северный вестибюль
PenColor 000000
BrushColor D0D0D0
Line 652,363, 695,363
Line 652,399, 695,399
Stairs 650,363, 650,399, 695,363
Line 676,451, 805,451, 805,633, 731,633
Line 676,311, 745,311, 745,366, 805,366, 805,301, 647,301
Polygon 745,397, 753,397, 753,412, 745,412
Line 890,633, 833,633, 833,301, 901,301
Line 890,656, 731,656
Line 901,266, 647,266
Line 893,281, 840,281
Stairs 891,266, 891,281, 869,266
Stairs 862,266, 862,281, 840,266
Stairs 888,633, 888,656, 837,633
Stairs 833,631, 805,631, 833,621
Stairs 833,489, 805,489, 833,499

;эскалаторы
PenColor 7F7F7F
Stairs 884,283, 884,299, 851,283
PenColor 000000
BrushColor 9B5509
Polygon 887,299, 887,301, 848,301, 848,299
Polygon 887,289, 887,292, 848,292, 848,289
Polygon 887,281, 887,283, 848,283, 848,281

;закрыто
PenColor FF0000
Line 893,298, 890,284
Line 893,284, 890,298
Line 845,298, 842,284
Line 845,284, 842,298

;кассы
PenColor 000000
BrushColor -1
Line 745,317, 756,317, 756,348, 745,348
Line 745,402, 729,402, 0.5
Line 712,352, 703,312, 0.5
AngleTextOut -90, Arial, 10, 757, 320, кассы

;турникеты
Polygon 720,397, 727,395, 729,402, 722,404
PenColor 009900
Stairs 710,354, 715,353, 720,394
PenColor FF0000
Stairs 723,407, 728,407, 723,448

;стрелки
PenColor 009900
Arrow 142,385, 162,385
Arrow 761,382, 742,382
PenColor FF0000
Arrow 162,333, 142,333
Arrow 742,432, 761,432

;названия улиц
BrushColor -1
PenColor 00AFAF
AngleTextOut 0, Arial, 15, 554, 543, проспект Академика Палладина
AngleTextOut 2, Arial, 15, 119, 553, проспект Академика Палладина
AngleTextOut -85, Arial, 15, 545, 640, << бульвар Академика Вернадского
AngleTextOut -85, Arial, 15, 399, 655, бульвар Академика Вернадского >>
AngleTextOut -83, Arial, 15, 481, 27, << улица Командарма Уборевича
AngleTextOut -89, Arial, 15, 388, 23, улица Командарма Уборевича >>
