Size 1180x870
Angle -20

; перекресток
PenColor F5F5F5
BrushColor F5F5F5
Line -39,432, 301,373, 936,770, 40
Line 372,420, 353,985, 40
Line 595,554, 416,847, 361,844, 20
Polygon 567,458, 443,668, 279,728, 136,334, 488,241

;пути
PenColor 000000
BrushColor CC3333
Polygon 770,532, 1220,532, 1220,502, 770,502
Polygon 1220,612, 770,612, 770,642, 1220,642

PenColor CC3333
BrushColor -1
AngleTextOut 0, Arial, 25, 927, 458, Арсенальная, 1
AngleTextOut 0, Arial, 20, 774, 478, << Крещатик
AngleTextOut 0, Arial, 20, 1137, 642, Днепр >>

;вестибюль
PenColor 000000
Line 160,271, 138,189, 188,176
Spline 188,176, 250,115, 334,136
Line 334,136, 386,122, 409,208
Line 193,202, 174,207, 194,281, 190,282
Line 344,162, 363,157, 383,231, 387,230
Line 394,151, 405,148, 414,181, 403,184
Line 176,286, 165,289, 163,282
Line 402,226, 413,223, 412,219
Spline 193,202, 221,239, 267,253
Spline 344,162, 336,210, 306,243
Line 327,477, 341,513, 347,535
Line 367,467, 373,505, 379,527

BrushColor d0d0d0
Polygon 352,508, 360,506, 366,528, 358,530


;кассы
PenColor 000000
BrushColor -1
AngleTextOut 105, Arial, 10, 400, 180, кассы

;турникеты
Polygon 312,181, 317,186, 322,181, 317,176
Line 320,184, 339,203, 0.5
Line 273,223, 287,153, 0.5
PenColor 009900
Stairs 288,154, 291,151, 311,178

;эскалатор
PenColor 7F7F7F
Stairs 265,233, 299,224, 329,471
PenColor 000000
BrushColor 9B5509
Polygon 260,228, 264,227, 331,476, 327,477
Polygon 300,218, 367,467, 363,468, 296,219
Polygon 271,225, 338,474, 343,473, 276,224
Polygon 284,222, 289,221, 356,470, 351,471

;эскалатор
PenColor 7F7F7F
Stairs 411,555, 411,589, 713,555
PenColor 000000
BrushColor 9B5509
Polygon 406,552, 719,552, 719,555, 406,555
Polygon 406,563, 719,563, 719,568, 406,568
Polygon 406,576, 719,576, 719,581, 406,581
Polygon 406,589, 719,589, 719,592, 406,592

;стрелки
PenColor 009900
Arrow 398,245, 394,230
Arrow 426,209, 411,213
Arrow 377,548, 380,559, 397,559
Arrow 724,560, 739,560
PenColor FF0000
Arrow 185,286, 189,301
Arrow 161,277, 146,281
Arrow 397,585, 367,585, 359,555
Arrow 739,586, 724,586

; промежуточный вестибюль
BrushColor -1
;Ellipse 328,527, 421,620
PenColor 000000
Spline 347,535, 329,564, 335,598, 363,618, 395,614, 416,592
Spline 415,552, 400,535, 379,527

Line 719,552, 747,552, 747,558, 753,558, 753,552, 817,552, 817,541, 770,541, 770,532
Line 1220,532, 1220,541, 1024,541, 1024,603, 1220,603, 1220,612
Line 770,612, 770,603, 817,603, 817,592, 753,592, 753,586, 747,586, 747,592, 719,592
BrushColor D0D0D0
Polygon 1004,603, 1004,541, 914,541, 914,552, 925,552, 925,592, 915,592, 915,603

Polygon 842,603, 853,603, 853,592, 842,592
Polygon 878,603, 878,592, 889,592, 889,603
Polygon 889,541, 889,552, 878,552, 878,541
Polygon 853,541, 853,552, 842,552, 842,541



;улицы
PenColor 00AFAF
BrushColor -1
AngleTextOut 88, Arial, 15, 349, 824, Московская улица
AngleTextOut -33, Arial, 15, 695, 609, улица Ивана Мазепы
AngleTextOut 20, Arial, 15, 385, 404, Арсенальная
AngleTextOut 20, Arial, 15, 400, 413, площадь
AngleTextOut 10, Arial, 15, -25, 420, улица Михаила Грушевского
AngleTextOut 59, Arial, 15, 437, 792, Инженерный переулок
