Size 1000x470

Angle -12


;пути
BrushColor CC3333
Polygon 462,152, 462,122, 12,122, 12,152
Polygon 462,232, 462,262, 12,262, 12,232
BrushColor -1
PenColor CC3333
AngleTextOut 360, Arial, 15, 374, 262, Шулявская >>
AngleTextOut 360, Arial, 15, 12, 104, << Святошин
AngleTextOut 360, Arial, 20, 155, 177, Берестейская, 1


;вестибюль
PenColor 000000
Line 867,163, 819,176, 615,176, 615,170, 630,170, 630,142, 520,142, 520,172, 457,172, 457,167, 462,167, 462,152, 12,152, 12,167, 18,167, 18,217, 12,217, 12,232, 462,232, 462,217, 457,217, 457,212, 520,212, 520,242, 591,242, 591,257, 534,257
Line 668,406, 620,406, 620,221, 828,221
Spline 828,221, 878,227, 913,238, 931,245
Line 931,245, 893,257
Line 534,275, 591,275, 591,406, 543,406
Line 668,424, 543,424
Line 873,182, 824,195, 824,198
Spline 824,198, 858,200, 896,207, 933,219, 998,246
Line 998,246, 1005,246
Stairs 464,190, 464,172, 486,190
Stairs 496,172, 496,190, 518,172
Stairs 545,406, 545,424, 591,406
Stairs 666,406, 666,424, 620,406
Stairs 828,194, 823,175, 872,182
Stairs 536,275, 536,257, 582,275
Stairs 647,176, 647,221, 657,176

;касса
Line 620,142, 620,170
AngleTextOut 90, Arial, 9, 619, 167, кассы

;турникеты
Line 540,172, 537,166, 543,163, 546,169, 540,172
Line 519,192, 556,201, 585,217, 0.5
Line 538,169, 520,172, 0.5

PenColor 009900
Stairs 543,175, 547,173, 558,202

;колонны
PenColor 000000
BrushColor D0D0D0
Polygon 445,217, 445,212, 440,212, 440,217
Polygon 423,217, 423,212, 428,212, 428,217
Polygon 406,217, 406,212, 411,212, 411,217
Polygon 389,217, 389,212, 394,212, 394,217
Polygon 372,217, 377,217, 377,212, 372,212
Polygon 355,217, 355,212, 360,212, 360,217
Polygon 338,217, 338,212, 343,212, 343,217
Polygon 321,217, 321,212, 326,212, 326,217
Polygon 304,217, 304,212, 309,212, 309,217
Polygon 287,217, 287,212, 292,212, 292,217
Polygon 270,217, 270,212, 275,212, 275,217
Polygon 253,217, 253,212, 258,212, 258,217
Polygon 236,217, 236,212, 241,212, 241,217
Polygon 219,217, 219,212, 224,212, 224,217
Polygon 202,217, 202,212, 207,212, 207,217
Polygon 185,217, 185,212, 190,212, 190,217
Polygon 168,217, 168,212, 173,212, 173,217
Polygon 151,217, 151,212, 156,212, 156,217
Polygon 134,217, 134,212, 139,212, 139,217
Polygon 117,217, 117,212, 122,212, 122,217
Polygon 100,217, 100,212, 105,212, 105,217
Polygon 83,217, 83,212, 88,212, 88,217
Polygon 66,217, 66,212, 71,212, 71,217
Polygon 49,217, 49,212, 54,212, 54,217
Polygon 32,217, 32,212, 37,212, 37,217

Polygon 440,172, 440,167, 445,167, 445,172
Polygon 423,172, 423,167, 428,167, 428,172
Polygon 406,172, 406,167, 411,167, 411,172
Polygon 389,172, 389,167, 394,167, 394,172
Polygon 372,172, 372,167, 377,167, 377,172
Polygon 355,172, 355,167, 360,167, 360,172
Polygon 338,172, 338,167, 343,167, 343,172
Polygon 321,172, 321,167, 326,167, 326,172
Polygon 304,172, 304,167, 309,167, 309,172
Polygon 287,172, 287,167, 292,167, 292,172
Polygon 270,172, 270,167, 275,167, 275,172
Polygon 253,172, 253,167, 258,167, 258,172
Polygon 236,172, 236,167, 241,167, 241,172
Polygon 219,172, 219,167, 224,167, 224,172
Polygon 202,172, 202,167, 207,167, 207,172
Polygon 185,172, 185,167, 190,167, 190,172
Polygon 168,172, 168,167, 173,167, 173,172
Polygon 151,172, 151,167, 156,167, 156,172
Polygon 134,172, 134,167, 139,167, 139,172
Polygon 117,172, 117,167, 122,167, 122,172
Polygon 100,172, 100,167, 105,167, 105,172
Polygon 83,172, 83,167, 88,167, 88,172
Polygon 66,172, 66,167, 71,167, 71,172
Polygon 49,172, 49,167, 54,167, 54,172
Polygon 32,172, 32,167, 37,167, 37,172

Polygon 586,218, 591,218, 591,170, 586,170

;эскалаторы
PenColor 7F7F7F
Stairs 466,192, 466,210, 515,192
PenColor 000000
BrushColor 9B5509
Polygon 518,192, 518,190, 462,190, 462,192
Polygon 518,212, 518,210, 462,210, 462,212
Polygon 518,203, 518,199, 462,199, 462,203

;стрелки
PenColor 009900
Arrow 603,182, 603,166
PenColor FF0000
Arrow 579,230, 595,230
Arrow 510,206, 523,206

;названия улиц
BrushColor -1
PenColor 00AFAF
AngleTextOut 376, Arial, 17, 743, 254, Лагерная улица
AngleTextOut 360, Arial, 17, 677, 328, проспект Победы
