Size 1130x870
Angle 35

;пути 
BrushColor 339933
Polygon 391,552, 391,582, 841,582, 841,552
Polygon 391,472, 391,442, 841,442, 841,472

BrushColor -1
PenColor 339933
AngleTextOut 0, Arial, 20, 393, 418, << Вырлица
AngleTextOut 0, Arial, 20, 687, 582, Красный хутор >>
AngleTextOut 0, Arial, 25, 534, 493, Бориспольская, 1


; левый вестибюль
PenColor 000000
Line 237,256, 198,217, 198,445, 278,445, 278,493, 332,493, 332,487, 391,487, 391,472
Line 150,139, 252,241
Line 391,552, 391,537, 333,537, 333,531, 278,531, 278,580, 176,580, 176,195, 135,154
Line 340,505, 391,505
Line 340,520, 391,520
Stairs 343,487, 343,505, 389,487
Stairs 343,537, 343,520, 389,537
Stairs 251,240, 236,255, 219,208
Stairs 151,140, 136,155, 183,172


BrushColor D0D0D0
Polygon 205,498, 198,498, 198,526, 205,526

;лифты
PenColor 000000
BrushColor D0EFFF
Polygon 358,505, 373,505, 373,520, 358,520
BrushColor -1
AngleTextOut 270, Arial, 6, 370, 506, лифт

; кассы
BrushColor -1
Line 278,448, 286,448, 286,474, 278,474
AngleTextOut -90, Arial, 10, 289, 449, кассы

; турникеты
BrushColor -1
Polygon 236,510, 232,508, 230,512, 234,514
Line 231,513, 229,516, 229,530, 0.5
Line 266,476, 276,476, 0.5
PenColor 009900
Stairs 238,507, 235,505, 267,475
PenColor FF0000
Stairs 227,576, 231,576, 227,529

; стрелки
PenColor FF0000
Arrow 209,551, 195,551
PenColor 009900
Arrow 197,471, 211,471



; правый вестибюль

PenColor 000000
Stairs 889,487, 889,505, 843,487
Stairs 889,537, 889,520, 843,537
Line 841,505, 891,505
Line 841,520, 891,520
Line 1010,314, 1010,365, 971,365, 971,445, 891,445, 891,487, 841,487, 841,472
Line 841,552, 841,537, 891,537, 891,579, 971,579, 971,595, 856,595
Line 856,616, 998,616, 998,386, 1153,386
Line 1153,365, 1031,365, 1031,314
Stairs 1031,316, 1010,316, 1031,362
Stairs 1151,386, 1151,365, 1105,386
Stairs 858,595, 858,616, 904,595

BrushColor D0D0D0
Polygon 964,498, 971,498, 971,526, 964,526

;лифты
PenColor 000000
BrushColor D0EFFF
Polygon 859,505, 874,505, 874,520, 859,520
BrushColor -1
AngleTextOut 270, Arial, 6, 871, 506, лифт

; кассы
BrushColor -1
Line 891,448, 883,448, 883,474, 891,474
AngleTextOut -90, Arial, 10, 894, 449, кассы

; турникеты
BrushColor -1
Polygon 933,509, 937,507, 939,511, 935,513
Line 938,513, 940,516, 940,529, 0.5
Line 903,476, 893,476, 0.5
PenColor 009900
Stairs 931,506, 934,504, 903,474
PenColor FF0000
Stairs 942,575, 938,575, 942,528

; стрелки
PenColor FF0000
Arrow 960,551, 974,551
PenColor 009900
Arrow 972,471, 958,471



;названия улиц
BrushColor -1
PenColor 00AFAF
AngleTextOut -40, Arial, 15, 98, 591, проспект Николая Бажана
AngleTextOut -75, Arial, 15, 95, 137, Харьковское шоссе
AngleTextOut -90, Arial, 15, 959, 186, Ташкентская улица
AngleTextOut 0, Arial, 15, 1029, 458, Старобориспольская улица
