Size 520x570
Angle 70

;пути 
BrushColor 333399
Polygon 47,257, 47,287, 497,287, 497,257
Polygon 47,177, 47,147, 497,147, 497,177
BrushColor -1
PenColor 333399
AngleTextOut 0, Arial, 25, 286, 196, Демиевская, 1
AngleTextOut 0, Arial, 20, 50, 123, << Голосеевская
AngleTextOut 0, Arial, 20, 375, 287, Лыбедская >>

;платформа
PenColor 000000
Line 47,241, 47,257, 497,257, 497,230, 503,230
Line 47,191, 47,177, 497,177, 497,202, 503,202

;колонны
PenColor 000000
BrushColor D0D0D0
Ellipse 269,195, 277,187
Ellipse 301,195, 309,187
Ellipse 333,195, 341,187
Ellipse 365,195, 373,187
Ellipse 397,195, 405,187
Ellipse 429,195, 437,187
Ellipse 461,195, 469,187

Ellipse 269,237, 277,245
Ellipse 301,237, 309,245
Ellipse 333,237, 341,245
Ellipse 365,237, 373,245
Ellipse 397,237, 405,245
Ellipse 429,237, 437,245
Ellipse 461,237, 469,245

;эскалаторы
PenColor 7F7F7F
Stairs 169,238, 169,193, 242,238
PenColor 000000
BrushColor 9B5509
Polygon 246,193, 246,190, 164,190, 164,193
Polygon 246,241, 246,238, 164,238, 164,241
Polygon 246,217, 246,214, 164,214, 164,217
Polygon 246,225, 246,230, 164,230, 164,225
Polygon 246,206, 246,201, 164,201, 164,206

Opaque 80
PenColor FFFFFF
BrushColor FFFFFF
Polygon 241,272, 104,272, 104,270, 97,270, 97,245, 213,244, 216,242, 218,239, 222,233, 225,222, 225,209, 222,198, 216,189, 213,187, 104,187, 104,162, 241,162, 241,146, 268,146, 268,162, 282,162, 282,272, 268,272, 269,288, 243,288
Opaque 100

;вестибюль
Spline 216,241, 224,225, 224,206, 216,190
Line 207,446, 257,446, 241,272, 104,272, 104,245, 101,241, 47,241, 47,191, 101,191, 104,187, 104,162, 241,162, 241,79, 172,79
Line 172,58, 335,58
Line 335,79, 268,79, 268,162, 282,162, 282,272, 268,272, 284,446, 312,446, 340,451
Line 207,466, 310,466, 337,471
Stairs 174,79, 174,58, 220,79
Stairs 333,79, 333,58, 287,79
Stairs 209,446, 209,466, 255,446
Stairs 308,446, 308,466, 286,446
Stairs 315,447, 312,466, 338,451

;кассы
PenColor 000000
BrushColor -1
Line 104,270, 97,270, 97,248, 104,248
AngleTextOut 270, Arial, 8, 106, 249, кассы
Line 103,242, 112,242, 0.5
Line 158,241, 164,241, 0.5

;турникеты
Polygon 153,245, 153,240, 158,240, 158,245
PenColor 009900
Stairs 149,240, 149,245, 112,240
PenColor FF0000
Stairs 178,166, 183,166, 178,187

;лифты
PenColor 000000
BrushColor D0EFFF
Polygon 32,224, 47,224, 47,239, 32,239
BrushColor -1
AngleTextOut 270, Arial, 6, 44, 225, лифт

;торец станции
Line 453,230, 484,230, 484,237, 497,237
Line 453,202, 484,202, 484,195, 497,195
Stairs 455,230, 455,202, 485,230

;стрелки
PenColor 009900
Arrow 225,256, 205,256
PenColor FF0000
Arrow 205,178, 225,178

;закрыто
Line 511,230, 506,202
Line 511,202, 506,230

;названия улиц
BrushColor -1
PenColor 00AFAF
AngleTextOut 0, Arial, 15, 3, 358, проспект 40-летия Октября
AngleTextOut 0, Arial, 15, 323, 358, проспект 40-летия Октября
AngleTextOut 0, Arial, 15, 405, 457, автовокзал >>
