Size 600x550
Angle 15

; река

PenColor B4E3EB
BrushColor B4E3EB
Polygon 567,63, 660,87, 567,434

; перекресток
;Opaque 85
PenColor F5F5F5
BrushColor F5F5F5
Polygon 196,-69, 397,-15, 398,220, 196,220
Polygon 196,351, 397,351, 397,591, 196,537
Line 397,370, 587,370, 20
Line 398,201, 632,201, 20
PenColor FFFFFF
Line 670,91, 588,397, 20
;Opaque 100

; подземный переход

PenColor 000000
Line 73,129, 122,129, 122,146, 73,146
Line 520,129, 471,129, 471,146, 520,146
Line 520,425, 471,425, 471,442, 520,442
Stairs 76,129, 76,146, 122,129
Stairs 517,129, 517,146, 471,129
Stairs 517,425, 517,442, 471,425
PenColor D0D0D0
Line 123,129, 470,129
Line 123,146, 448,146, 448,442, 470,442
Line 470,146, 465,146, 465,425, 470,425

BrushColor -1
PenColor 00AFAF
AngleTextOut -90, Arial, 15, 631, 131, Днепр


;пути

PenColor 000000
BrushColor CC3333
Polygon 99,284, 99,254, 549,254, 549,284
Polygon 99,287, 99,317, 549,317, 549,287

Line 535,180, 535,220, 134,220
Line 535,391, 535,351, 135,351

BrushColor -1
PenColor 000000
AngleTextOut 0, Arial, 20, 156, 252, << Арсенальная
AngleTextOut 0, Arial, 20, 419, 294, Гидропарк >>
AngleTextOut 0, Arial, 25, 312, 268, Днепр, 1
PenColor FFFFFF
AngleTextOut 0, Arial, 20, 155, 251, << Арсенальная
AngleTextOut 0, Arial, 20, 418, 293, Гидропарк >>
AngleTextOut 0, Arial, 25, 311, 267, Днепр, 1

; левый вестибюль

PenColor D0D0D0
Line 78,198, 78,215
Line 54,198, 54,215
Line 78,356, 78,373
Line 54,356, 54,373

PenColor 000000
Line 43,253, 43,247
Line 54,215, 78,215
Line 54,198, 78,198
Line 43,316, 43,322
Line 54,356, 78,356
Line 78,373, 54,373
Spline 43,253, 58,285, 43,316
Spline 43,249, 61,285, 43,320
Stairs 26,221, 43,221, 26,251
Stairs 26,348, 43,348, 26,318
Stairs 48,198, 48,215, 86,198
Stairs 48,373, 48,356, 86,373
BrushColor D0D0D0
Polygon 26,373, 54,373, 54,378, 21,378, 21,193, 54,193, 54,198, 26,198
Polygon 78,373, 130,373, 130,351, 135,351, 135,378, 78,378
Polygon 43,322, 48,322, 48,351, 54,351, 54,356, 43,356
Polygon 78,356, 78,351, 85,351, 85,299, 93,299, 93,272, 85,272, 85,220, 78,220, 78,215, 112,215, 112,220, 99,220, 99,351, 112,351, 112,356
Polygon 54,215, 54,220, 48,220, 48,247, 43,247, 43,215
Polygon 78,193, 78,198, 129,198, 129,220, 134,220, 134,193

; кассы
BrushColor FFFFFF
Polygon 85,272, 85,299, 93,299, 93,272
BrushColor -1
AngleTextOut -90, Arial, 10, 96, 273, кассы

; турникеты
Polygon 43,262, 49,262, 49,268, 43,268
Stairs 44,271, 48,271, 44,308

;стрелки
PenColor FF0000
Arrow 70,195, 70,179
Arrow 62,376, 62,392
PenColor 009900
Arrow 70,392, 70,376
Arrow 62,179, 62,195


; правый вестибюль

PenColor 000000
Line 549,391, 549,317
Line 530,391, 530,415, 554,415, 554,391, 530,391
Line 549,180, 549,254
Line 530,180, 530,156, 554,156, 554,180, 530,180
Polygon 538,164, 546,164, 546,172, 538,172
Polygon 538,399, 546,399, 546,407, 538,407

;закрыто
PenColor FF0000
Line 533,182, 551,189
Line 551,182, 533,189
Line 533,382, 551,389
Line 551,382, 533,389


; Названия улиц голубым
PenColor 00AFAF
BrushColor -1
AngleTextOut -90, Arial, 15, 299, 34, Набережное шоссе
AngleTextOut -90, Arial, 15, 300, 406, Набережное шоссе
AngleTextOut 0, Arial, 15, 423, 361, ул.Метромост >>
AngleTextOut 0, Arial, 15, 434, 192, << ул.Метромост
AngleTextOut -15, Arial, 10, 558, 165, 'скульптура "Мир"'
AngleTextOut -15, Arial, 10, 496, 403, 'скульптура "Труд"'
