Size 1310x500
Angle -10

;пути
BrushColor 339933
Polygon 856,245, 856,215, 1306,215, 1306,245
Polygon 856,325, 856,355, 1306,355, 1306,325

BrushColor -1
PenColor 339933
AngleTextOut 0, Arial, 20, 856, 191, << Сырец
AngleTextOut 0, Arial, 20, 1162, 355, Лукьяновская >>
AngleTextOut 0, Arial, 25, 996, 267, Дорогожичи, 1


; колонны

PenColor 000000
BrushColor D0D0D0
Polygon 940,256, 954,256, 954,271, 940,271
Polygon 975,256, 990,256, 990,271, 975,271
Polygon 1011,256, 1026,256, 1026,271, 1011,271
Polygon 1047,256, 1062,256, 1062,271, 1047,271
Polygon 1083,256, 1098,256, 1098,271, 1083,271
Polygon 1119,256, 1134,256, 1134,271, 1119,271
Polygon 1155,256, 1170,256, 1170,271, 1155,271

Polygon 940,299, 954,299, 954,314, 940,314
Polygon 975,299, 990,299, 990,314, 975,314
Polygon 1011,299, 1026,299, 1026,314, 1011,314
Polygon 1047,299, 1062,299, 1062,314, 1047,314
Polygon 1083,299, 1098,299, 1098,314, 1083,314
Polygon 1119,299, 1134,299, 1134,314, 1119,314
Polygon 1155,299, 1170,299, 1170,314, 1155,314

; правый торец

PenColor 000000
Line 1306,245, 1306,256, 1191,256, 1191,271, 1203,271, 1203,299, 1191,299, 1191,314, 1306,314, 1306,325

; левый вестибюль

Line 754,259, 754,255, 821,255, 821,271, 919,271, 919,256, 856,256, 856,245
Line 856,325, 856,314, 919,314, 919,299, 821,299, 821,316, 754,316, 754,312


Angle -5

Line 169,210, 166,210, 166,235, 258,235, 258,217, 308,217, 308,235, 415,235, 442,240, 442,250
Line 442,303, 442,313, 415,318, 308,318, 308,334, 258,334, 258,318, 166,318, 166,358, 269,358, 269,355
Line 269,384, 269,381, 133,381, 133,514, 195,514
Line 195,534, 64,534
Line 64,514, 110,514, 110,222, 103,222, 103,266
Line 81,266, 81,158
Line 103,158, 103,199, 110,199, 110,166, 107,166
Stairs 103,160, 81,160, 103,197
Stairs 103,263, 81,263, 103,225
Stairs 66,514, 66,534, 109,514
Stairs 201,235, 201,250, 255,235
Stairs 201,318, 201,303, 255,318


BrushColor D0D0D0
Polygon 310,269, 320,269, 320,283, 310,283
Polygon 166,258, 166,295, 170,295, 170,258


; эскалатор 4 гор
PenColor 7F7F7F
Stairs 755,300, 755,253, 434,300
PenColor 000000
BrushColor 9B5509
Polygon 762,253, 429,253, 429,250, 762,250
Polygon 762,261, 762,266, 429,266, 429,261
Polygon 762,274, 762,279, 429,279, 429,274
Polygon 762,287, 762,292, 429,292, 429,287
Polygon 762,300, 429,300, 429,303, 762,303

; эскалатор 4 гор
PenColor 7F7F7F
Stairs 251,300, 251,253, 205,300
PenColor 000000
BrushColor 9B5509
Polygon 258,253, 200,253, 200,250, 258,250
Polygon 258,261, 258,266, 200,266, 200,261
Polygon 258,274, 258,279, 200,279, 200,274
Polygon 258,287, 258,292, 200,292, 200,287
Polygon 258,300, 200,300, 200,303, 258,303


; кассы
BrushColor FFFFFF
Polygon 323,318, 323,329, 350,329, 350,318
BrushColor -1
AngleTextOut 0, Arial, 10, 325, 317, кассы

; турникеты
Line 320,276, 429,276, 0.5
Polygon 361,310, 367,310, 367,316, 361,316
PenColor 009900
Stairs 362,279, 366,279, 362,308

;стрелки
PenColor FF0000
Arrow 324,252, 309,252
Arrow 179,246, 164,246
PenColor 009900
Arrow 164,306, 179,306
Arrow 310,300, 325,300

; Названия улиц голубым
PenColor 00AFAF
BrushColor -1
AngleTextOut 0, Arial, 15, 228, 434, ул. Мельникова
AngleTextOut 90, Arial, 15, 34, 339, ул. Елены Телиги
