Size 940x900
; новая
Angle -55
;пути
BrushColor 339933
Polygon 570,379, 570,409, 1020,409, 1020,379
Polygon 570,309, 570,279, 1020,279, 1020,309
PenColor 339933
BrushColor -1
AngleTextOut 0, Arial, 25, 661, 326, Дружбы народов, 1
AngleTextOut 0, Arial, 20, 909, 409, Выдубичи >>
AngleTextOut 0, Arial, 20, 571, 255, << Печерская

;пилоны
PenColor 000000
BrushColor D0D0D0
Polygon 594,369, 594,358, 601,358, 601,369
Polygon 613,369, 613,358, 620,358, 620,369
Polygon 632,369, 632,358, 639,358, 639,369
Polygon 651,369, 651,358, 658,358, 658,369
Polygon 670,369, 670,358, 677,358, 677,369
Polygon 689,369, 689,358, 696,358, 696,369
Polygon 708,369, 708,358, 715,358, 715,369
Polygon 727,369, 727,358, 734,358, 734,369
Polygon 746,369, 746,358, 753,358, 753,369
Polygon 765,369, 765,358, 772,358, 772,369
Polygon 784,369, 784,358, 791,358, 791,369
Polygon 803,369, 803,358, 810,358, 810,369
Polygon 822,369, 822,358, 829,358, 829,369
Polygon 841,369, 841,358, 848,358, 848,369
Polygon 860,369, 860,358, 867,358, 867,369
Polygon 879,369, 879,358, 886,358, 886,369

Polygon 594,330, 594,319, 601,319, 601,330
Polygon 613,330, 613,319, 620,319, 620,330
Polygon 632,330, 632,319, 639,319, 639,330
Polygon 651,330, 651,319, 658,319, 658,330
Polygon 670,330, 670,319, 677,319, 677,330
Polygon 689,330, 689,319, 696,319, 696,330
Polygon 708,330, 708,319, 715,319, 715,330
Polygon 727,330, 727,319, 734,319, 734,330
Polygon 746,330, 746,319, 753,319, 753,330
Polygon 765,330, 765,319, 772,319, 772,330
Polygon 784,330, 784,319, 791,319, 791,330
Polygon 803,330, 803,319, 810,319, 810,330
Polygon 822,330, 822,319, 829,319, 829,330
Polygon 841,330, 841,319, 848,319, 848,330
Polygon 860,330, 860,319, 867,319, 867,330
Polygon 879,330, 879,319, 886,319, 886,330
;контур
Line 547,364, 569,364, 569,359, 572,359, 572,364, 582,364, 582,369, 570,369, 570,379, 1020,379, 1020,369, 898,369, 898,358, 905,358, 905,330, 898,330, 898,319, 1020,319, 1020,309, 570,309, 570,319, 582,319, 582,324, 573,324, 573,329, 570,329, 570,324, 547,324

;эскалаторы
PenColor 7F7F7F
Stairs 299,361, 299,327, 541,361
PenColor 000000
BrushColor 9B5509
Polygon 292,364, 292,361, 547,361, 547,364
Polygon 292,324, 292,327, 547,327, 547,324
Polygon 292,353, 292,348, 547,348, 547,353
Polygon 292,340, 292,335, 547,335, 547,340


;вестибюль
;контур вестибюля
Line 37,579, 37,441, 
Line 55,441, 55,499, 130,499, 130,366, 204,296, 272,296, 272,316, 319,316, 319,324
Line 319,364, 319,372, 272,372, 272,392, 208,392, 201,399, 201,499, 214,499, 214,441
Line 232,441, 232,579
Line 214,579, 214,521, 55,521, 55,579
;лестницы
Stairs 37,577, 55,577, 37,555
Stairs 37,544, 55,544, 37,521
Stairs 37,443, 55,443, 37,465
Stairs 37,476, 55,476, 37,499
Stairs 214,577, 232,577, 214,554
Stairs 214,544, 232,544, 214,521
Stairs 214,443, 232,443, 214,466
Stairs 214,476, 232,476, 214,499

;турникеты
PenColor 000000
BrushColor -1
Polygon 242,327, 237,329, 239,334, 244,332
Line 220,325, 240,325, 0.5
Line 271,378, 261,367, 0.5
PenColor 009900
Stairs 241,338, 246,336, 257,366
PenColor FF0000
Stairs 237,299, 242,299, 237,324


;касса
PenColor 000000
BrushColor D0D0D0
Polygon 209,366, 209,322, 220,322, 220,328, 211,328, 211,360, 220,360, 220,366
Line 211,360, 220,360, 220,328, 211,328
BrushColor -1
AngleTextOut 90, Arial, 10, 209, 357, кассы

;стрелки
PenColor FF0000
Arrow 223,309, 206,309
Arrow 564,331, 550,331
PenColor 009900
Arrow 206,379, 223,379
Arrow 550,357, 564,357

;названия улиц голубым
BrushColor -1
PenColor 00AFAF
AngleTextOut 90, Arial, 15, 160, 288, бульвар Дружбы народов
AngleTextOut 90, Arial, 15, 160, 786, бульвар Дружбы народов
AngleTextOut 0, Arial, 15, 211, 613, Неманская улица
