Size 1600x1370
Angle -58
;пути ДворцаСпорта
BrushColor 009900
Polygon 1153,346, 1153,316, 703,316, 703,346
Polygon 1153,426, 1153,456, 703,456, 703,426
PenColor 009900
BrushColor -1
AngleTextOut 360, Arial, 25, 836, 367, Дворец спорта, 1
AngleTextOut 360, Arial, 20, 704, 292, << Золотые ворота
AngleTextOut 360, Arial, 20, 1049, 456, Кловская >>

;пути ЛьваТолстого
PenColor 000000
BrushColor 34349C
Polygon 545,549, 575,544, 497,102, 468,107
Polygon 466,565, 437,570, 359,127, 388,122
PenColor 34349C
BrushColor -1
AngleTextOut 460, Arial, 25, 359, 514, Площадь Льва Толстого, 1
AngleTextOut 460, Arial, 20, 415, 573, << Олимпийская
AngleTextOut 460, Arial, 20, 539, 340, Площадь Независимости >>

Opaque 85
PenColor FFFFFF
BrushColor FFFFFF
Polygon 554,414, 557,429, 523,435, 520,420
Polygon 549,382, 552,397, 517,403, 514,388
Polygon 543,350, 546,365, 511,371, 509,356
Opaque 100

;ДворецСпорта
;пилоны
PenColor 000000
BrushColor D0D0D0
Polygon 1124,354, 1124,366, 1117,366, 1117,354
Polygon 1103,354, 1103,366, 1096,366, 1096,354
Polygon 1082,354, 1082,366, 1075,366, 1075,354
Polygon 1061,354, 1061,366, 1054,366, 1054,354
Polygon 1040,354, 1040,366, 1033,366, 1033,354
Polygon 1019,354, 1019,366, 1012,366, 1012,354
Polygon 998,354, 998,366, 991,366, 991,354
Polygon 977,354, 977,366, 970,366, 970,354
Polygon 956,354, 956,366, 949,366, 949,354
Polygon 935,354, 935,366, 928,366, 928,354
Polygon 914,354, 914,366, 907,366, 907,354
Polygon 893,354, 893,366, 886,366, 886,354
Polygon 872,354, 872,366, 865,366, 865,354
Polygon 851,354, 851,366, 844,366, 844,354
Polygon 830,354, 830,366, 823,366, 823,354
Polygon 809,354, 809,366, 802,366, 802,354
Polygon 788,354, 788,366, 781,366, 781,354
Polygon 767,354, 767,366, 760,366, 760,354

Polygon 1124,406, 1124,418, 1117,418, 1117,406
Polygon 1103,406, 1103,418, 1096,418, 1096,406
Polygon 1082,406, 1082,418, 1075,418, 1075,406
Polygon 1061,406, 1061,418, 1054,418, 1054,406
Polygon 1040,406, 1040,418, 1033,418, 1033,406
Polygon 1019,406, 1019,418, 1012,418, 1012,406
Polygon 998,406, 998,418, 991,418, 991,406
Polygon 977,406, 977,418, 970,418, 970,406
Polygon 956,406, 956,418, 949,418, 949,406
Polygon 935,406, 935,418, 928,418, 928,406
Polygon 914,406, 914,418, 907,418, 907,406
Polygon 893,406, 893,418, 886,418, 886,406
Polygon 872,406, 872,418, 865,418, 865,406
Polygon 851,406, 851,418, 844,418, 844,406
Polygon 830,406, 830,418, 823,418, 823,406
Polygon 809,406, 809,418, 802,418, 802,406
Polygon 788,406, 788,418, 781,418, 781,406
Polygon 767,406, 767,418, 760,418, 760,406
;контур
Line 1208,366, 1141,366, 1141,354, 1153,354, 1153,346, 703,346, 703,354, 745,354, 745,366, 733,366, 733,359, 711,359
Line 711,412, 733,412, 733,406, 745,406, 745,418, 703,418, 703,426, 1153,426, 1153,418, 1142,418, 1142,406, 1208,406

;эскалаторы
PenColor 7F7F7F
Stairs 1403,369, 1403,403, 1213,369
PenColor 000000
BrushColor 9B5509
Polygon 1408,366, 1408,369, 1208,369, 1208,366
Polygon 1408,406, 1408,403, 1208,403, 1208,406
Polygon 1408,377, 1408,382, 1208,382, 1208,377
Polygon 1408,390, 1408,395, 1208,395, 1208,390

;вестибюль
;контур вестибюля
Line 1402,493, 1427,536, 1431,536, 1431,495, 1424,495, 1424,434, 1441,434, 1441,413, 1374,413, 1374,406
Line 1374,366, 1374,359, 1509,359, 1509,413, 1505,413, 1505,434, 1522,434, 1522,495, 1515,495, 1515,536, 1557,536, 1557,487
Line 1582,487, 1582,536, 1586,536, 1642,569
Line 1630,590, 1582,562, 1442,562, 1469,609
Line 1385,504, 1452,620
BrushColor D0D0D0
Polygon 1479,434, 1467,434, 1467,413, 1479,413
;лестницы
Stairs 1515,515, 1431,515, 1515,528
Stairs 1557,533, 1582,533, 1557,487
Stairs 1640,568, 1628,589, 1601,545
Stairs 1403,495, 1386,505, 1426,535
Stairs 1468,608, 1451,618, 1445,568

;турникеты
PenColor 000000
BrushColor -1
Polygon 1470,405, 1476,405, 1476,399, 1470,399
Line 1409,379, 1418,379, 1473,408, 1473,413, 0.5
PenColor 009900
Stairs 1470,395, 1476,395, 1470,361
PenColor FF0000
Stairs 1444,434, 1444,439, 1466,434

;касса
PenColor 000000
BrushColor D0D0D0
Polygon 1492,504, 1454,504, 1454,495, 1461,495, 1461,502, 1485,502, 1485,495, 1492,495
Line 1485,502, 1485,495, 1461,495, 1461,502
BrushColor -1
AngleTextOut 360, Arial, 8, 1463, 493, кассы



;переход
;эскалаторы
PenColor 7F7F7F
Stairs 707,361, 707,409, 653,362
PenColor 000000
BrushColor 9B5509
Polygon 651,359, 651,362, 711,362, 711,359
Polygon 651,412, 651,409, 711,409, 711,412
Polygon 651,383, 651,388, 711,388, 711,383
Polygon 651,370, 651,375, 711,375, 711,370
Polygon 651,396, 651,401, 711,401, 711,396
;контур
PenColor 000000
Line 651,412, 600,412, 570,427, 514,437
Line 651,359, 600,359, 566,345, 499,357
Line 511,421, 565,411, 600,396, 600,394, 569,394, 508,405
Line 505,389, 567,378, 600,378, 600,376, 566,362, 502,373
Stairs 536,400, 533,384, 493,408
Stairs 530,368, 527,352, 487,376
Stairs 539,416, 542,432, 496,424




;ЛьваТолстого
;платформа
Line 545,549, 536,550, 533,535, 529,536, 539,593, 536,621
Line 468,107, 455,109, 482,265, 425,275, 398,120, 388,122
Line 496,621, 490,602, 480,545, 476,546, 479,563, 466,565

;пилоны
BrushColor D0D0D0
Polygon 513,520, 529,517, 526,501, 510,504
Polygon 471,296, 487,293, 484,277, 468,280
Polygon 477,328, 493,325, 490,309, 474,312
Polygon 480,344, 496,341, 499,357, 483,360
Polygon 486,376, 502,373, 505,389, 489,392
Polygon 511,421, 495,424, 492,408, 508,405
Polygon 514,437, 498,440, 501,456, 517,453
Polygon 523,485, 507,488, 504,472, 520,469

Polygon 472,528, 488,525, 485,509, 469,512
Polygon 430,304, 446,301, 443,285, 427,288
Polygon 436,336, 452,333, 449,317, 433,320
Polygon 439,352, 455,349, 458,365, 442,368
Polygon 445,384, 461,381, 464,397, 448,400
Polygon 470,429, 454,432, 451,416, 467,413
Polygon 473,445, 457,448, 460,464, 476,461
Polygon 482,493, 466,496, 463,480, 479,477

;эскалаторы
PenColor 7F7F7F
Stairs 499,812, 533,812, 499,626
PenColor 000000
BrushColor 9B5509
Polygon 536,817, 533,817, 533,621, 536,621
Polygon 496,621, 499,621, 499,817, 496,817
Polygon 512,621, 507,621, 507,817, 512,817
Polygon 525,621, 520,621, 520,817, 525,817

;вестибюль
Line 496,795, 483,795, 483,833, 476,833, 476,795, 409,795, 409,850, 359,850, 359,933, 468,1041, 309,1200
Line 536,795, 549,795, 549,926, 480,995, 497,1012, 558,951
Line 465,912, 431,946, 426,941, 422,945, 395,918, 395,886, 513,886, 513,912, 455,970, 451,966, 485,932
Line 571,964, 542,993, 571,1022, 577,1016
Line 590,1029, 584,1035, 609,1060, 634,1060, 634,1053
Line 322,1213, 368,1167, 433,1232, 387,1278
Line 400,1291, 477,1214, 584,1281
Line 596,1261, 503,1203, 503,1188, 612,1079, 697,1079, 697,1128
Line 650,1052, 650,1060, 697,1060, 697,1011
Line 717,1128, 717,1011
Stairs 408,886, 408,850, 398,886
Stairs 395,899, 359,899, 395,889
Stairs 505,920, 530,945, 498,927
Stairs 484,941, 509,966, 477,948
Stairs 484,933, 464,913, 451,966
Stairs 557,952, 570,965, 533,976
Stairs 351,1158, 364,1171, 309,1200
Stairs 429,1236, 442,1249, 387,1278
Stairs 697,1082, 717,1082, 697,1128
Stairs 697,1057, 717,1057, 697,1011

;касса
PenColor 000000
BrushColor 7F7F7F
Line 409,837, 401,837, 401,810, 409,810
BrushColor -1
AngleTextOut 90, Arial, 8, 399, 833, кассы

;турникеты
PenColor 000000
BrushColor -1
Polygon 468,833, 474,833, 474,827, 468,827
PenColor 009900
Stairs 468,837, 474,837, 468,882
PenColor FF0000
Stairs 517,887, 517,893, 547,887

;стрелки
PenColor FF0000
Arrow 1442,488, 1442,509
Arrow 1178,399, 1197,399
Arrow 525,574, 529,597, 529,612
Arrow 481,969, 463,987
PenColor 009900
Arrow 1504,509, 1504,488
Arrow 1197,373, 1178,373
Arrow 504,613, 504,601, 500,578
Arrow 411,960, 393,942
PenColor 000000
Arrow 729,396, 748,396
Arrow 748,375, 729,375
Arrow 577,414, 595,406
Arrow 590,364, 571,356

;названия улиц голубым
BrushColor -1
PenColor 00AFAF
AngleTextOut 135, Arial, 15, 360, 1128, Пушкинская улица
AngleTextOut 45, Arial, 15, 293, 1295, улица Льва Толстого
AngleTextOut 90, Arial, 15, 629, 956, Красноармейская улица
AngleTextOut 148, Arial, 15, 813, 1305, Красноармейская улица
AngleTextOut 45, Arial, 15, 542, 1161, площадь
AngleTextOut 45, Arial, 15, 541, 1182, Льва Толстого
AngleTextOut 148, Arial, 15, 1618, 661, Эспланадная улица
AngleTextOut 90, Arial, 15, 1468, 333, Эспланадная улица
AngleTextOut 58, Arial, 15, 1622, 446, Спортивная площадь
AngleTextOut 360, Arial, 15, 1277, 423, Рогнединская улица
AngleTextOut 360, Arial, 15, 585, 1002, Подземный ТЦ
AngleTextOut 360, Arial, 15, 597, 1019, '"Метроград"'
