Size 580x750
Angle -70

;пути
BrushColor 34349C
Polygon 408,267, 408,237, -42,237, -42,267
Polygon 408,347, 408,377, -42,377, -42,347

PenColor 34349C
BrushColor -1
AngleTextOut 0, Arial, 20, -42, 214, << Олимпийская
AngleTextOut 0, Arial, 20, 289, 377, Лыбедская >>
AngleTextOut 0, Arial, 30, 89, 288, 'Дворец "Украина"', 1

;левый торец
PenColor 000000
Line -42,267, -42,276, 79,276, 79,289, 66,289, 66,295, 76,295, 76,319, 66,319, 66,325, 79,325, 79,338, -42,338, -42,347

; правый вестибюль

PenColor 000000
Line 408,267, 408,276, 299,276, 299,287, 357,287
Line 408,347, 408,338, 299,338, 299,327, 357,327

;эскалатор 3 гор
PenColor 7F7F7F
Stairs 578,290, 578,324, 361,290
PenColor 000000
BrushColor 9B5509
Polygon 584,287, 584,290, 357,290, 357,287
Polygon 584,327, 584,324, 357,324, 357,327
Polygon 584,298, 584,303, 357,303, 357,298
Polygon 584,311, 584,316, 357,316, 357,311

Opaque 85
PenColor FFFFFF
BrushColor FFFFFF
Polygon 495,286, 556,286, 556,328, 495,328
Opaque 100

PenColor 000000
Line 556,287, 556,327
Line 407,491, 357,491, 357,427, 513,427, 513,370, 526,370, 526,377, 671,377, 671,237, 526,237, 526,244, 513,244, 513,237, 495,237, 495,335, 445,335
Line 445,370, 495,370, 495,409, 289,409
Line 289,427, 339,427, 339,491, 289,491
Line 289,509, 407,509
Stairs 447,335, 447,370, 493,335
Stairs 291,427, 291,409, 337,427
Stairs 291,491, 291,509, 337,491
Stairs 405,491, 405,509, 359,491

BrushColor D0D0D0
Polygon 513,335, 513,279, 526,279, 526,335

;стрелки
PenColor FF0000
Arrow 325,297, 344,297
Arrow 530,261, 511,261
PenColor 009900
Arrow 344,317, 325,317
Arrow 511,353, 530,353

;названия улиц голубым
BrushColor -1
PenColor 00AFAF
AngleTextOut 0, Arial, 15, 419, 449, Красноармейская улица
AngleTextOut 90, Arial, 15, 110, 596, улица Тельмана
AngleTextOut 90, Arial, 15, 158, 179, улица Тельмана

; ?
PenColor FFD0D0
AngleTextOut 70, Arial, 100, 572, 317, ?, 1
