Size 1220x1160
Angle 89.5

;пути
BrushColor 34349C
Polygon 826,619, 826,649, 376,649, 376,619
Polygon 826,539, 826,509, 376,509, 376,539

PenColor 34349C
BrushColor -1
AngleTextOut 0, Arial, 20, 701, 649, посадки нет >>
AngleTextOut 0, Arial, 20, 376, 488, << Минская
AngleTextOut 0, Arial, 25, 505, 563, Героев Днепра, 1

;вестибюли и площадь
PenColor 000000
Spline 780,353, 826,427, 844,517
Spline 844,641, 825,732, 780,801
Spline 746,832, 663,872, 551,873, 459,833
Spline 746,322, 661,282, 550,283, 459,322
Spline 428,346, 375,425, 358,517
Spline 359,642, 376,732, 425,800

Line 780,801, 830,859, 839,856
Line 746,832, 795,888, 790,897
Line 780,353, 833,300, 842,302
Line 746,322, 802,267, 802,258
Line 459,322, 410,263, 412,254
Line 428,346, 380,288, 371,288
Line 459,833, 390,897, 390,907
Line 425,800, 356,859, 347,857

Line 358,517, 260,517, 254,521, 254,638, 260,642, 359,642
Line 844,517, 943,517, 949,521, 949,637, 943,641, 844,641

Line 826,619, 826,609, 821,609, 821,602, 846,602
Line 846,556, 821,556, 821,552, 826,552, 826,539 
Line 376,539, 376,549, 381,549, 381,556, 356,556
Line 356,602, 381,602, 381,609, 376,609, 376,619

Stairs 888,556, 888,602, 866,556
Stairs 853,556, 853,602, 831,556
Stairs 894,517, 894,546, 856,517
Stairs 894,612, 894,641, 856,612
Stairs 368,556, 368,602, 346,556
Stairs 335,556, 335,602, 313,556
Stairs 350,517, 350,546, 309,517
Stairs 350,612, 350,642, 309,612


;кассы
Line 307,548, 308,553, 303,554, 302,549, 307,548
Line 254,525, 245,525, 245,552, 254,552
Line 900,605, 902,610, 897,612, 895,607, 900,605
Line 949,605, 958,605, 958,634, 949,634
BrushColor -1
PenColor 000000
AngleTextOut -90, Arial, 9, 255, 528, кассы
AngleTextOut -90, Arial, 9, 959, 608, кассы


;турникеты
Line 935,593, 949,593, 0.5
Line 270,556, 254,559, 0.5
PenColor FF0000
Stairs 895,542, 899,546, 919,518
Stairs 307,612, 302,608, 285,642


PenColor 009900
Stairs 904,603, 906,608, 934,590
Stairs 298,549, 299,555, 269,554

;колонны
PenColor 000000
BrushColor D0D0D0
Polygon 807,549, 807,556, 800,556, 800,549
Polygon 780,549, 780,556, 773,556, 773,549
Polygon 753,549, 753,556, 746,556, 746,549
Polygon 726,549, 726,556, 719,556, 719,549
Polygon 699,549, 699,556, 692,556, 692,549
Polygon 672,549, 672,556, 665,556, 665,549
Polygon 645,549, 645,556, 638,556, 638,549
Polygon 618,549, 618,556, 611,556, 611,549
Polygon 591,549, 591,556, 584,556, 584,549
Polygon 564,549, 564,556, 557,556, 557,549
Polygon 537,549, 537,556, 530,556, 530,549
Polygon 510,549, 510,556, 503,556, 503,549
Polygon 483,549, 483,556, 476,556, 476,549
Polygon 456,549, 456,556, 449,556, 449,549
Polygon 429,549, 429,556, 422,556, 422,549
Polygon 402,549, 402,556, 395,556, 395,549

Polygon 807,602, 807,609, 800,609, 800,602
Polygon 780,602, 780,609, 773,609, 773,602
Polygon 753,602, 753,609, 746,609, 746,602
Polygon 726,602, 726,609, 719,609, 719,602
Polygon 699,602, 699,609, 692,609, 692,602
Polygon 672,602, 672,609, 665,609, 665,602
Polygon 645,602, 645,609, 638,609, 638,602
Polygon 618,602, 618,609, 611,609, 611,602
Polygon 591,602, 591,609, 584,609, 584,602
Polygon 564,602, 564,609, 557,609, 557,602
Polygon 537,602, 537,609, 530,609, 530,602
Polygon 510,602, 510,609, 503,609, 503,602
Polygon 483,602, 483,609, 476,609, 476,602
Polygon 456,602, 456,609, 449,609, 449,602
Polygon 429,602, 429,609, 422,609, 422,602
Polygon 402,602, 402,609, 395,609, 395,602

Polygon 894,602, 894,612, 846,612, 846,602
Polygon 894,556, 894,546, 846,546, 846,556
Polygon 356,602, 356,612, 309,612, 309,602
Polygon 356,556, 356,546, 309,546, 309,556


;стрелки
PenColor 009900
Arrow 364,532, 323,532
Arrow 838,627, 878,627
PenColor FF0000
Arrow 879,532, 840,532
Arrow 322,628, 364,628


;названия улиц
BrushColor -1
PenColor 00AFAF
AngleTextOut -90, Arial, 15, 635, 1027, << улица Героев Днепра
AngleTextOut -90, Arial, 15, 585, 1028, улица Героев Днепра >>
AngleTextOut -90, Arial, 15, 586, -33, улица Героев Днепра >>
AngleTextOut -90, Arial, 15, 636, -33, << улица Героев Днепра
AngleTextOut 0, Arial, 15, 1007, 489, << Оболонский проспект
AngleTextOut 0, Arial, 15, 1006, 666, Оболонский проспект >>
AngleTextOut 0, Arial, 15, 41, 686, Оболонский проспект >>
AngleTextOut 0, Arial, 15, 42, 467, << Оболонский проспект

AngleTextOut -90, Arial, 15, 869, 1010, 'Рынок "Оболонь"'

Spline 322,512, 360,366, 449,278, 608,237, 762,278, 852,390, 882,513, 2
Spline 321,648, 355,783, 450,882, 609,926, 758,882, 850,779, 884,645, 2
Spline 627,1017, 653,948, 718,902, 2
Spline 483,898, 555,953, 580,1016, 2
Spline 578,142, 552,214, 474,267, 2
Spline 734,264, 655,210, 626,143, 2
Spline 861,755, 916,692, 1000,674, 2
Spline 862,413, 918,476, 1001,498, 2
Spline 350,387, 292,450, 209,474, 2
Spline 346,766, 293,709, 207,692, 2

Line 606,919, 616,926, 607,933, 2
Line 611,229, 602,237, 611,244, 2


;трамвайная остановка
BrushColor FF0000
SpotCircle 17, 731, 34, ShowMessage Трамвайная остановка
PenColor FFFFFF
BrushColor -1
AngleTextOut -90, Arial, 24, 744, 22, Тр, 1
