Size 754x700
Angle 20

; перекресток
PenColor F5F5F5
BrushColor F5F5F5
Polygon 305,326, 305,-48, 271,-61, 271,326, -16,326, -36,380, 767,380, 787,326

; подземный переход

PenColor 000000
Line 638,577, 641,577, 641,381
Line 617,381, 617,577, 620,577
Line 638,272, 641,272, 641,325
Line 617,325, 617,272, 620,272
PenColor D0D0D0
Line 617,327, 617,379
Line 641,327, 641,379


;пути
PenColor 000000
BrushColor CC3333
Polygon 63,439, 63,409, 513,409, 513,439
Polygon 63,519, 63,549, 513,549, 513,519

BrushColor -1
PenColor CC3333
AngleTextOut 0, Arial, 20, 63, 385, << Днепр
AngleTextOut 0, Arial, 20, 354, 549, Левобережная >>
AngleTextOut 0, Arial, 25, 247, 460, Гидропарк, 1


; левый вестибюль

PenColor 000000
Line 63,439, 63,452, 156,452, 156,457, 43,457, 43,381
Line 1,315, -3,315, -3,325
Line -3,381, -3,577, 1,577
Line 43,325, 43,315, 39,315
Line 39,577, 43,577, 43,501, 156,501, 156,506, 63,506, 63,519
Stairs 77,501, 77,457, 55,501
Stairs 149,457, 149,501, 127,457

BrushColor D0D0D0
Polygon 43,477, 52,477, 52,481, 43,481
Polygon 81,457, 81,468, 113,468, 113,457

PenColor D0D0D0
Line -3,327, -3,379
Line 43,327, 43,379

; кассы
PenColor 000000
BrushColor FFFFFF
Polygon 84,460, 84,468, 110,468, 110,460
BrushColor -1
AngleTextOut 0, Arial, 10, 85, 457, кассы

; турникеты
PenColor 009900
Stairs 118,481, 122,481, 118,499
PenColor FF0000
Stairs 118,461, 122,461, 118,479


; правый вестибюль

PenColor 000000
Line 513,439, 513,452, 421,452, 421,457, 529,457, 529,447, 580,447, 580,272, 460,272, 460,174, 538,174, 566,202, 612,202, 612,648, 587,648, 587,645
Line 569,645, 569,648, 566,648, 538,676, 525,676, 525,673
Line 507,673, 507,676, 504,676, 484,696, 460,696, 460,615, 394,615, 394,577, 580,577, 580,513, 529,513, 529,501, 421,501, 421,506, 513,506, 513,519
Stairs 428,501, 428,457, 450,501
Stairs 470,457, 470,501, 492,457

; кассы
PenColor 000000
BrushColor FFFFFF
Polygon 551,513, 551,521, 577,521, 577,513
BrushColor -1
AngleTextOut 0, Arial, 10, 552, 510, кассы

; турникеты
Line 536,475, 536,484, 0.5
PenColor 009900
Stairs 534,485, 537,484, 544,513
PenColor FF0000
Stairs 544,448, 547,449, 534,475

;стрелки
PenColor FF0000
Arrow 579,635, 579,654
PenColor 009900
Arrow 516,679, 516,660


; Названия улиц голубым
PenColor 00AFAF
BrushColor -1
AngleTextOut 0, Arial, 15, 451, 72, 'Парк "Киев в миниатюре" >>'

Opaque 70
; "закрыто"
PenColor FFD0D0
BrushColor FFD0D0
Polygon 458,172, 614,172, 614,445, 578,445, 578,274, 458,274
PenColor FF4040

Opaque 100
PenColor FF4040
BrushColor -1
AngleTextOut 0, Arial, 15, 507, 224, закрыто

Dashed 458,172, 614,172, 614,445, 578,445, 578,274, 458,274, 458,172
BrushColor 000000
