Size 1030x630
Angle 25

;пути 
BrushColor 333399
Polygon 22,315, 22,345, 472,345, 472,315
Polygon 22,235, 22,205, 472,205, 472,235
BrushColor -1
PenColor 333399
AngleTextOut 0, Arial, 25, 157, 256, Голосеевская, 1
AngleTextOut 0, Arial, 20, 22, 183, << Васильковская
AngleTextOut 0, Arial, 20, 345, 345, Демиевская >>

;платформа
PenColor 000000
Line 9,308, 16,308, 16,292, 22,292, 22,315, 472,315, 472,301, 429,301
Line 9,243, 16,243, 16,259, 22,259, 22,235, 472,235, 472,250, 429,250

;лестницы на платформу
PenColor 000000
Stairs 426,301, 426,250, 473,301
Line 22,292, 53,292
Line 22,259, 53,259
Stairs 20,292, 20,259, 53,292

;колонны
PenColor 000000
BrushColor D0D0D0
Ellipse 44,253, 51,246
Ellipse 71,253, 78,246
Ellipse 98,253, 105,246
Ellipse 125,253, 132,246
Ellipse 152,253, 159,246
Ellipse 179,253, 186,246
Ellipse 206,253, 213,246
Ellipse 233,253, 240,246
Ellipse 260,253, 267,246
Ellipse 287,253, 294,246
Ellipse 314,253, 321,246
Ellipse 341,253, 348,246
Ellipse 368,253, 375,246
Ellipse 395,253, 402,246
Ellipse 422,253, 429,246
Ellipse 449,253, 456,246

Ellipse 44,298, 51,305
Ellipse 71,298, 78,305
Ellipse 98,298, 105,305
Ellipse 125,298, 132,305
Ellipse 152,298, 159,305
Ellipse 179,298, 186,305
Ellipse 206,298, 213,305
Ellipse 233,298, 240,305
Ellipse 260,298, 267,305
Ellipse 287,298, 294,305
Ellipse 314,298, 321,305
Ellipse 341,298, 348,305
Ellipse 368,298, 375,305
Ellipse 395,298, 402,305
Ellipse 422,298, 429,305
Ellipse 449,298, 456,305

;вестибюль
Line 472,305, 527,305, 527,339, 613,339, 613,420, 516,420, 516,471, 573,471
Line 472,246, 527,246, 527,212, 613,212, 613,167, 518,167
Polygon 611,305, 611,246, 605,246, 605,305
Line 518,143, 718,143, 822,125
Line 826,149, 722,167, 643,167, 643,212, 658,212, 658,339, 643,339, 643,420, 702,420, 877,533, 901,533, 953,489
Line 573,447, 540,447, 540,444, 613,444, 613,468, 643,468, 643,450, 694,450, 868,560, 912,560, 971,510
Line 659,428, 694,428
Line 706,431, 797,490
Line 635,410, 635,396
Line 635,385, 635,371
Stairs 613,384, 635,384, 613,369
Stairs 613,409, 635,409, 613,395
Stairs 660,450, 660,428, 678,450
Stairs 695,450, 707,432, 716,464
Stairs 543,444, 543,420, 573,444
Stairs 543,471, 543,447, 573,471
Stairs 520,143, 520,167, 594,143
Stairs 952,490, 970,511, 908,527
 

;кассы
PenColor 000000
BrushColor -1
Line 527,338, 513,338, 513,307, 527,307
AngleTextOut 270, Arial, 10, 527, 310, кассы
Line 528,306, 545,288, 0.5
Line 569,245, 554,245, 0.5

;турникеты
Polygon 569,255, 564,252, 567,247, 572,250
PenColor 009900
Stairs 562,255, 567,258, 543,286

PenColor FF0000
Stairs 555,216, 561,216, 555,241

;лифты
PenColor 000000
BrushColor D0EFFF
Polygon 582,420, 597,420, 597,405, 582,405
Polygon 492,268, 507,268, 507,283, 492,283
BrushColor -1
AngleTextOut 0, Arial, 6, 493, 272, лифт
AngleTextOut 0, Arial, 6, 583, 409, лифт

;стрелки
PenColor 009900
Arrow 615,322, 593,322
PenColor FF0000
Arrow 593,229, 615,229

;закрыто
Line 12,292, 7,259
Line 12,259, 7,292

;названия улиц
BrushColor -1
PenColor 00AFAF
AngleTextOut 32, Arial, 15, 888, 424, проспект 40-летия Октября
AngleTextOut 47, Arial, 15, 625, 696, проспект 40-летия Октября
AngleTextOut 0, Arial, 15, 711, 297, Голосеевская
AngleTextOut 0, Arial, 15, 732, 313, площадь
AngleTextOut 10, Arial, 15, 720, 190, Васильковская улица
