Size 900x780
Angle 15

;пути 
BrushColor 339933
Polygon 248,475, 248,505, 698,505, 698,475
Polygon 248,395, 248,365, 698,365, 698,395

BrushColor -1
PenColor 339933
AngleTextOut 0, Arial, 20, 250, 341, << Позняки
AngleTextOut 0, Arial, 20, 593, 505, Вырлица >>
AngleTextOut 0, Arial, 25, 391, 416, Харьковская, 1


; левый вестибюль
PenColor 000000
Line 185,309, 117,309, 117,368, 197,368, 197,410, 248,410, 248,395
Line 248,415, 197,415
Line -50,568, 52,670
Line 248,475, 248,460, 197,460, 197,503, 117,503, 117,519, 24,612, 67,655
Line -35,553, 8,596, 95,509, 95,288, 185,288
Stairs 200,415, 200,460, 246,415
Stairs 183,309, 183,288, 137,309
Stairs 66,654, 51,669, 34,622
Stairs -34,554, -49,569, -2,586


BrushColor D0D0D0
Polygon 124,421, 117,421, 117,449, 124,449

; кассы
BrushColor -1
Line 197,371, 205,371, 205,397, 197,397
AngleTextOut -90, Arial, 10, 208, 372, кассы

; турникеты
BrushColor -1
Polygon 183,398, 179,396, 177,400, 181,402
Line 150,436, 148,439, 148,453, 0.5
Line 185,399, 195,399, 0.5
PenColor 009900
Stairs 152,436, 149,434, 179,404
PenColor FF0000
Stairs 146,499, 150,499, 146,452

; стрелки
PenColor FF0000
Arrow 128,474, 114,474
PenColor 009900
Arrow 116,394, 130,394



; правый вестибюль

PenColor 000000
Stairs 746,415, 746,460, 700,415
Line 923,121, 760,121
Line 698,415, 748,415
Line 760,309, 828,309, 828,368, 748,368, 748,410, 698,410, 698,395
Line 698,475, 698,460, 748,460, 748,502, 855,502, 855,309, 923,309
Line 923,288, 855,288, 855,142, 923,142
Line 760,142, 828,142, 828,288, 760,288
Stairs 921,142, 921,121, 875,142
Stairs 762,142, 762,121, 808,142
Stairs 762,309, 762,288, 808,309
Stairs 921,309, 921,288, 875,309

BrushColor D0D0D0
Polygon 821,421, 828,421, 828,449, 821,449

; кассы
BrushColor -1
Line 748,371, 740,371, 740,397, 748,397
AngleTextOut -90, Arial, 10, 751, 372, кассы

; турникеты
BrushColor -1
Polygon 762,398, 766,396, 768,400, 764,402
Line 795,436, 797,439, 797,452, 0.5
Line 760,399, 750,399, 0.5
PenColor 009900
Stairs 793,436, 796,434, 766,404
PenColor FF0000
Stairs 799,498, 795,498, 799,451

; стрелки
PenColor FF0000
Arrow 817,474, 831,474
PenColor 009900
Arrow 829,394, 815,394



;названия улиц
BrushColor -1
PenColor 00AFAF
AngleTextOut 0, Arial, 15, 233, 175, проспект Николая Бажана
AngleTextOut -90, Arial, 15, 513, 82, улица Ревуцкого
