Size 940x710

; река
PenColor 6699CC
BrushColor 6699CC

;PenColor 000000
Spline 569,708, 574,632, 580,580, 584,546, 572,532, 574,526, 580,530, 589,534, 588,506, 591,486, 591,467, 588,460, 581,459, 574,465, 574,455, 580,450, 573,441, 576,434, 574,425, 565,401, 552,371, 528,346, 501,330, 488,319, 487,306, 487,294, 484,276, 476,262, 471,252, 460,244, 456,235, 460,230, 465,233, 470,236, 474,230, 479,229, 480,233, 482,242, 488,259, 496,267, 505,260, 511,248, 512,234, 508,226, 501,223, 503,221, 504,212, 498,207, 493,202, 492,196, 491,190, 488,184, 488,175, 482,170, 472,166, 469,157, 468,143, 468,133, 472,126, 480,122, 484,115, 483,100, 481,78, 484,70, 492,66, 498,67, 500,78, 500,92, 497,107, 496,115, 504,99, 509,82, 510,70, 510,54, 5
Spline 531,54, 524,82, 516,106, 508,127, 506,146, 507,166, 508,186, 515,201, 520,214, 529,226, 529,241, 524,252, 516,262, 507,274, 498,289, 500,308, 513,325, 540,338, 535,322, 532,314, 537,314, 532,302, 538,303, 547,323, 560,343, 568,349, 566,332, 563,314, 556,297, 543,282, 540,259, 541,228, 536,219, 536,214, 534,206, 538,204, 536,190, 529,184, 532,180, 543,186, 544,156, 544,138, 546,133, 557,135, 567,130, 571,118, 576,118, 575,134, 576,144, 582,146, 579,151, 580,176, 582,181, 577,184, 572,189, 568,188, 565,182, 556,175, 555,193, 556,209, 564,203, 572,196, 576,200, 576,207, 578,216, 573,218, 572,223, 581,226, 580,230, 580,235, 570,237, 560,238, 554,236, 548,242, 547,258, 550,277, 558,283, 562,279, 572,283, 576,280, 583,287, 591,303, 597,318, 605,338, 5
Spline 605,338, 604,349, 620,356, 633,362, 646,371, 648,381, 644,388, 630,397, 616,403, 612,409, 614,412, 612,420, 612,430, 613,441, 616,449, 617,458, 620,470, 627,480, 638,481, 645,493, 653,493, 656,494, 652,494, 657,498, 647,496, 629,489, 622,493, 621,500, 628,506, 638,511, 635,512, 623,508, 619,513, 611,540, 600,580, 593,634, 587,708, 5
Polygon 575,618, 569,710, 587,710, 597,596, 611,540, 620,507, 632,511, 633,508, 621,500, 622,493, 628,489, 646,495, 637,481, 627,479, 620,470, 617,458, 612,430, 576,430, 573,440, 580,450, 574,455, 574,465, 582,459, 588,460, 592,467, 589,505, 589,536, 574,526, 572,532, 585,546
Polygon 612,430, 612,410, 616,403, 644,388, 648,381, 644,368, 601,347, 605,338, 579,281, 541,281, 560,301, 568,347, 565,350, 546,324, 537,302, 533,302, 536,313, 533,314, 540,338, 516,327, 501,311, 496,296, 502,281, 485,281, 487,315, 497,328, 531,349, 555,374, 576,430
Polygon 502,281, 529,243, 530,226, 517,210, 507,178, 507,136, 531,52, 510,52, 508,91, 496,115, 500,79, 498,66, 482,70, 484,119, 468,130, 471,165, 487,174, 494,203, 504,212, 503,223, 511,230, 510,253, 498,266, 491,265, 478,229, 475,229, 470,235, 458,230, 457,241, 469,251, 485,281
Polygon 541,281, 541,226, 536,218, 534,206, 538,204, 537,190, 529,184, 531,179, 543,186, 544,134, 561,134, 568,127, 572,116, 576,116, 576,142, 580,146, 580,181, 571,188, 556,174, 556,210, 572,196, 576,199, 577,217, 572,218, 572,223, 580,226, 581,235, 552,237, 547,248, 551,281

; острова
PenColor FFFFFF
BrushColor FFFFFF
Polygon 484,137, 484,144, 482,148, 481,156, 478,149, 478,143
Polygon 498,150, 501,154, 501,157, 498,162, 496,173, 493,170, 493,158
Polygon 564,134, 566,134, 569,142, 569,150, 555,162, 557,167, 548,174, 547,154, 546,150, 550,143, 556,143
Polygon 544,206, 552,215, 552,221, 552,226, 548,226, 546,223, 546,218, 543,214, 542,210
Polygon 559,287, 561,284, 565,284, 572,286, 581,298, 588,307, 581,307, 579,310, 580,314, 584,311, 588,315, 592,331, 593,336, 588,344, 581,348, 576,346, 573,328, 570,306, 568,298
Polygon 561,360, 581,358, 589,351, 594,351, 601,361, 606,388, 607,412, 582,389, 578,380, 572,368, 562,362
Polygon 608,363, 608,360, 612,358, 616,359, 637,370, 642,373, 644,378, 643,384, 623,397, 619,398, 615,395, 612,388, 611,371
Polygon 608,470, 609,475, 611,488, 611,510, 608,506, 605,487, 606,477

PenColor 006699
BrushColor -1
AngleTextOut 0, Arial, 35, 138, 2, СХЕМА ЛИНИЙ КИЕВСКОГО МЕТРОПОЛИТЕНА, 1


BrushColor -1
PenColor 0033CC
SpotRect 38, 326, 107, 22, LoadMap Railways_Teterev.map
TextOut Arial, 10, 38, 326, Схема движения, 2
TextOut Arial, 10, 38, 334, Тетеревской электрички, 2
SpotRect 130, 400, 103, 22, LoadMap Railways_Fastov.map
TextOut Arial, 10, 130, 400, Схема движения, 2
TextOut Arial, 10, 130, 408, Фастовской электрички, 2
SpotRect 210, 424, 108, 22, LoadMap Railways_Mironov.map
TextOut Arial, 10, 210, 424, Схема движения, 2
TextOut Arial, 10, 210, 432, Мироновской электрички, 2
SpotRect 682, 448, 114, 22, LoadMap Railways_Greben.map
TextOut Arial, 10, 682, 448, Схема движения, 2
TextOut Arial, 10, 682, 456, Гребёнковской электрички, 2
SpotRect 682, 368, 98, 22, LoadMap Railways_Nejun.map
TextOut Arial, 10, 682, 368, Схема движения, 2
TextOut Arial, 10, 682, 376, Нежинской электрички, 2
SpotRect 646, 166, 180, 11, LoadMap RailWay.map
TextOut Arial, 10, 646, 166, Схема движения электропоездов по Киеву, 2
SpotRect 645, 182, 180, 11, LoadMap Railways_Koltsevaya.map
TextOut Arial, 10, 645, 182, Схема движения городской электрички, 2

PenColor CC3333
TextOut Arial, 16, 142, 466, Святошинско-Броварская, 1
PenColor 333399
TextOut Arial, 16, 142, 488, Куреневско-Красноармейская, 1
PenColor 339933
TextOut Arial, 16, 142, 510, Сырецко-Печерская, 1
