Size 710x730
; новая
Angle -50

; перекресток
PenColor F5F5F5
Line -398,548, 19,353, 70,265, 196,-206, 40
Line 670,610, 167,320, 70,265, 30

;пути
PenColor 000000
BrushColor 339933
Polygon 314,384, 314,414, 764,414, 764,384
Polygon 314,304, 314,274, 764,274, 764,304

PenColor 339933
BrushColor -1
AngleTextOut 0, Arial, 25, 455, 329, Кловская, 1
AngleTextOut 0, Arial, 20, 645, 414, Печерская >>
AngleTextOut 0, Arial, 20, 314, 249, << Дворец спорта

; правый торец
PenColor 000000
Line 764,384, 764,374, 629,374, 629,365, 655,365, 655,323, 629,323, 629,315, 764,315, 764,304

;PenColor FF0000
;Ellipse 62,293, 165,396

;вестибюль
PenColor 000000
Line 318,363, 331,363, 331,360, 348,360, 348,363, 352,363, 352,373, 314,373, 314,384
Line 314,304, 314,315, 352,315, 352,325, 348,325, 348,328, 331,328, 331,325, 318,325
Line 124,294, 116,308, 109,304, 113,297, 126,248
Line 111,244, 98,291, 94,298, 23,257, -13,321
Line 1,329, 27,284, 83,316, 55,366, 2,391
Line 9,406, 65,380, 75,362, 82,366, 75,378
Spline 124,294, 146,305, 161,325
Spline 75,378, 105,394, 138,388, 161,363
Stairs 111,244, 126,248, 99,289
Stairs 2,391, 9,406, 45,371
Stairs 2,327, -12,319, 25,287

BrushColor D0D0D0
Polygon 87,342, 94,346, 105,327, 98,323

;эскалаторы 3 гор
PenColor 7F7F7F
Stairs 152,360, 152,328, 315,360
PenColor 000000
BrushColor 9B5509
Polygon 318,363, 318,360, 148,360, 148,363
Polygon 318,325, 318,328, 148,328, 148,325
Polygon 318,352, 318,348, 148,348, 148,352
Polygon 318,336, 318,340, 148,340, 148,336

;турникеты
PenColor 000000
BrushColor -1
Polygon 127,343, 133,343, 133,349, 127,349
PenColor 009900
Stairs 127,353, 132,353, 127,390
PenColor FF0000
Stairs 127,339, 132,339, 127,298

;касса
PenColor 000000
Line 89,389, 87,397, 109,403, 111,395
BrushColor -1
AngleTextOut -15, Arial, 8, 91, 389, кассы

;стрелки
PenColor FF0000
Arrow 349,336, 331,336
Arrow 113,318, 101,311
PenColor 009900
Arrow 331,352, 349,352
Arrow 80,351, 92,358

;названия улиц голубым
BrushColor -1
PenColor 00AFAF
AngleTextOut 25, Arial, 15, -118, 404, улица Мечникова
AngleTextOut 75, Arial, 15, 72, 224, улица Мечникова
AngleTextOut -30, Arial, 15, 417, 451, улица Леонида Первомайского
