Size 1290x1020
Angle -45

;пути
BrushColor 333399
Polygon 941,504, 941,534, 491,534, 491,504
Polygon 941,424, 941,394, 491,394, 491,424

PenColor 333399
BrushColor -1
AngleTextOut 0, Arial, 20, 741, 534, Почтовая площадь >>
AngleTextOut 0, Arial, 20, 492, 372, << Тараса Шевченко
AngleTextOut 0, Arial, 25, 597, 445, Контрактовая площадь, 1

;платформа
PenColor 000000
Line 941,504, 941,493, 939,493, 939,486, 994,486
Line 994,442, 939,442, 939,435, 941,435, 941,424, 491,424, 491,435, 493,435, 493,442, 438,442
Line 438,486, 493,486, 493,493, 491,493, 491,504, 941,504

; северный вестибюль

Line 438,442, 438,408, 357,408, 357,373, 412,373
Line 438,486, 438,521, 357,521, 357,567, 270,617, 155,617, 155,765, 278,765, 296,783, 346,783
Line 276,373, 331,373, 331,521, 339,521, 339,555, 262,599, 207,599, 207,588, 167,588, 167,599, 155,599, 155,549
Line 137,549, 137,599, 75,599, 75,549
Line 57,549, 57,667
Line 75,667, 75,617, 137,617, 137,765, 88,765, 88,788, 54,822
Line 67,835, 101,801, 137,801, 137,851
Line 155,851, 155,801, 278,801, 278,851
Line 296,851, 296,801, 346,801
Line 412,355, 276,355
Stairs 490,442, 490,480, 440,442
Line 492,480, 440,480
Stairs 410,355, 410,373, 364,355
Stairs 278,355, 278,373, 324,355
Stairs 137,551, 155,551, 137,597
Stairs 75,551, 57,551, 75,597
Stairs 75,665, 57,665, 75,619
Stairs 55,821, 68,834, 87,789
Stairs 155,849, 137,849, 155,803
Stairs 278,849, 296,849, 278,803
Stairs 344,783, 344,801, 298,783

BrushColor D0D0D0
Polygon 364,472, 364,458, 357,458, 357,472

; кассы
PenColor 000000
BrushColor FFFFFF
Polygon 446,438, 446,412, 438,412, 438,438
BrushColor -1
AngleTextOut 90, Arial, 10, 435, 437, кассы

; турникеты
BrushColor FFFFFF
Polygon 427,442, 427,436, 433,436, 433,442
Line 398,470, 398,481, 0.5
Line 402,439, 398,439, 398,442, 0.5
PenColor 009900
Stairs 422,441, 422,437, 400,441
Stairs 400,442, 396,442, 400,472
PenColor FF0000
Stairs 400,481, 396,481, 400,520

;стрелки
PenColor FF0000
Arrow 371,496, 356,496
PenColor 009900
Arrow 356,432, 371,432

;южный вестибюль

PenColor 000000
Line 1229,392, 1229,342, 1093,342, 1093,369, 1130,369, 1130,437
Line 994,442, 994,408, 1075,408, 1075,324, 1229,324, 1229,274
Line 994,486, 994,521, 1075,521, 1075,655
Stairs 947,442, 947,466, 988,442
Line 1286,274, 1286,324, 1247,324, 1247,274
Line 1304,274, 1304,392
Line 1286,392, 1286,342, 1247,342, 1247,392
Line 1112,437, 1112,387, 1093,387, 1093,655
Stairs 1112,435, 1130,435, 1112,389
Stairs 1075,653, 1093,653, 1075,607
Stairs 1229,276, 1247,276, 1229,322
Stairs 1286,276, 1304,276, 1286,322
Stairs 1229,390, 1247,390, 1229,344
Stairs 1286,390, 1304,390, 1286,344

BrushColor D0D0D0
Polygon 1068,457, 1068,471, 1075,471, 1075,457

; эскалатор 2 гор
PenColor 7F7F7F
Stairs 985,484, 985,468, 948,484
PenColor 000000
BrushColor 9B5509
Polygon 990,468, 944,468, 944,466, 990,466
Polygon 990,474, 990,478, 944,478, 944,474
Polygon 990,484, 944,484, 944,486, 990,486

; кассы
PenColor 000000
BrushColor FFFFFF
Polygon 986,410, 986,436, 994,436, 994,410
BrushColor -1
AngleTextOut -90, Arial, 10, 997, 411, кассы

; турникеты
BrushColor FFFFFF
Polygon 1003,436, 1003,442, 997,442, 997,436
Line 1044,481, 1044,471, 0.5
Line 1039,440, 1044,440, 1044,443, 0.5
PenColor 009900
Stairs 1007,438, 1007,442, 1042,438
Stairs 1042,471, 1046,471, 1042,441
PenColor FF0000
Stairs 1042,517, 1046,517, 1042,478

;стрелки
PenColor FF0000
Arrow 1062,495, 1077,495
PenColor 009900
Arrow 1076,434, 1061,434

;названия улиц
BrushColor -1
PenColor 00AFAF
AngleTextOut 0, Arial, 15, 622, 125, Межигорская улица
AngleTextOut 0, Arial, 15, 339, 725, Константиновская улица
AngleTextOut 90, Arial, 15, 701, 671, улица Хорива
AngleTextOut 90, Arial, 15, 201, 478, улица Верхний Вал
AngleTextOut 90, Arial, 15, 99, 481, улица Нижний Вал
AngleTextOut 90, Arial, 15, 1258, 511, Спасская улица
AngleTextOut 90, Arial, 15, 1338, 499, Контрактовая площадь
AngleTextOut 90, Arial, 15, 1076, 763, 'ТЦ "Самсон"'
