Size 1720x1720
Angle 8

;Крещатик

; пути
PenColor 000000
BrushColor CC3333
Polygon 882,1493, 882,1523, 432,1523, 432,1493
Polygon 882,1413, 882,1383, 432,1383, 432,1413

PenColor CC3333
BrushColor -1
AngleTextOut 0, Arial, 20, 432, 1361, << Театральная
AngleTextOut 0, Arial, 20, 487, 1523, Арсенальная >>
AngleTextOut 0, Arial, 25, 654, 1435, Крещатик, 1

; колонны
PenColor 000000
BrushColor D0D0D0
Polygon 590,1422, 602,1422, 602,1434, 590,1434
Polygon 590,1472, 602,1472, 602,1484, 590,1484
Polygon 626,1422, 638,1422, 638,1434, 626,1434
Polygon 626,1472, 638,1472, 638,1484, 626,1484
Polygon 662,1422, 674,1422, 674,1434, 662,1434
Polygon 662,1472, 674,1472, 674,1484, 662,1484
Polygon 698,1422, 710,1422, 710,1434, 698,1434
Polygon 698,1472, 710,1472, 710,1484, 698,1484
Polygon 734,1422, 746,1422, 746,1434, 734,1434
Polygon 734,1472, 746,1472, 746,1484, 734,1484
Polygon 770,1422, 782,1422, 782,1434, 770,1434
Polygon 770,1472, 782,1472, 782,1484, 770,1484
Polygon 806,1422, 818,1422, 818,1434, 806,1434
Polygon 806,1472, 818,1472, 818,1484, 806,1484

; левый выход

Line 432,1413, 432,1422, 566,1422, 566,1433, 517,1433
Line 432,1493, 432,1484, 566,1484, 566,1473, 517,1473

; эскалатор 3 гор
PenColor 7F7F7F
Stairs 510,1470, 510,1436, 216,1470
PenColor 000000
BrushColor 9B5509
Polygon 517,1436, 211,1436, 211,1433, 517,1433
Polygon 517,1444, 517,1449, 211,1449, 211,1444
Polygon 517,1457, 517,1462, 211,1462, 211,1457
Polygon 517,1470, 211,1470, 211,1473, 517,1473


;контур вестибюля
Spline 130,1428, 158,1406, 195,1407, 222,1433
Spline 133,1483, 160,1503, 197,1500, 223,1473

Line 133,1483, 120,1490, 108,1488, 106,1499, 76,1493, 78,1482, 73,1481, 71,1492
Line 130,1428, 121,1426, 123,1416, 94,1410, 92,1419, 87,1418, 89,1409
BrushColor D0D0D0
Polygon 76,1466, 83,1434, 87,1435, 80,1467
PenColor D0D0D0
Polygon 111,1473, 117,1443, 125,1445, 123,1453, 124,1464, 126,1469, 117,1474
PenColor 000000
Line 126,1469, 117,1474, 111,1473, 117,1443, 125,1445
Spline 125,1445, 124,1451, 124,1460, 126,1469

;турникеты
PenColor 000000
BrushColor -1
Polygon 176,1496, 172,1498, 174,1502, 178,1500
Line 211,1460, 187,1450, 125,1450, 0.5
PenColor 009900
Stairs 170,1494, 174,1492, 150,1451

;касса
PenColor 000000
Line 106,1499, 104,1510, 74,1504, 76,1493
BrushColor -1
AngleTextOut -12, Arial, 10, 79, 1492, кассы



; стрелки
PenColor FF0000
Arrow 552,1440, 532,1440
Arrow 99,1429, 82,1426
PenColor 009900
Arrow 532,1466, 552,1466
Arrow 72,1474, 89,1477


;PenColor FF0000
;Ellipse 1140,709, 1243,812
;Ellipse 1305,565, 1413,673
;Ellipse 1327,587, 1392,653
;PenColor 000000

; правый выход

;здание беж
PenColor DFDFDF
BrushColor FEFBF1
Ellipse 1556,1229, 1450,1337

PenColor D0D0D0
BrushColor D0D0D0
Polygon 1529,1303, 1517,1314, 1505,1321, 1493,1326, 1479,1328, 1477,1330, 1490,1334, 1502,1336, 1516,1334, 1527,1330, 1535,1325, 1541,1320, 1546,1313
Polygon 1481,1258, 1472,1239, 1464,1246, 1458,1253, 1455,1259, 1452,1266, 1450,1273, 1450,1281, 1450,1289, 1452,1297, 1453,1295, 1458,1284, 1465,1274, 1472,1266

PenColor 000000
Line 882,1413, 882,1423, 842,1423, 842,1433, 1005,1433, 1015,1432
Line 882,1493, 882,1484, 842,1484, 842,1474, 1010,1474, 1019,1473

; эскалатор 3
PenColor 7F7F7F
Stairs 1291,1445, 1288,1410, 1024,1469
PenColor 000000
BrushColor 9B5509
Polygon 1294,1410, 1015,1435, 1015,1432, 1294,1407
Polygon 1295,1418, 1295,1423, 1016,1448, 1016,1443
Polygon 1297,1432, 1297,1437, 1018,1462, 1018,1457
Polygon 1298,1445, 1019,1470, 1019,1473, 1298,1448

Spline 1287,1407, 1293,1395, 1302,1385
Spline 1336,1373, 1350,1375, 1364,1381
Spline 1381,1402, 1383,1441, 1357,1470, 1320,1473, 1291,1449

Line 1302,1385, 1292,1363, 1235,1330, 1128,1380, 1131,1386, 1062,1418, 1064,1422
Line 1336,1373, 1320,1339, 1233,1289, 1042,1378, 1040,1374
Stairs 1282,1357, 1299,1327, 1266,1348

Line 1364,1381, 1370,1376, 1366,1371, 1392,1349
Line 1381,1402, 1387,1397, 1391,1402, 1418,1379

; эскалатор 3
PenColor 7F7F7F
Stairs 1477,1326, 1455,1300, 1420,1374
PenColor 000000
BrushColor 9B5509
Polygon 1461,1295, 1394,1351, 1392,1349, 1459,1293
Polygon 1466,1301, 1469,1305, 1402,1361, 1399,1357
Polygon 1475,1311, 1478,1315, 1411,1371, 1408,1367
Polygon 1483,1321, 1416,1377, 1418,1379, 1485,1323

Spline 1453,1298, 1465,1274, 1488,1254
Spline 1479,1328, 1505,1321, 1529,1303
Line 1488,1254, 1479,1235
Line 1529,1303, 1546,1313
Spline 1510,1252, 1527,1262, 1535,1281
Spline 1451,1299, 1450,1273, 1458,1253, 1476,1236, 1500,1229, 1525,1234
Spline 1477,1330, 1502,1336, 1524,1332, 1544,1317, 1555,1294, 1554,1269
Line 1527,1262, 1541,1250

;турникеты
PenColor 000000
BrushColor -1
Polygon 1482,1260, 1486,1257, 1489,1261, 1485,1264
Line 1502,1285, 1468,1303, 0.5
PenColor 009900
Stairs 1488,1268, 1492,1265, 1500,1285

;касса
PenColor 000000
Line 1479,1235, 1472,1239, 1481,1258, 1488,1254
BrushColor -1
AngleTextOut -65, Arial, 8, 1481, 1235, кассы

;турникеты
PenColor 000000
BrushColor -1
Polygon 1096,1353, 1093,1347, 1087,1350, 1090,1356
Line 1088,1375, 1112,1364, 0.5
PenColor 009900
Stairs 1105,1372, 1101,1374, 1114,1391

;касса
PenColor 000000
Line 1077,1362, 1073,1354, 1051,1364, 1055,1372
BrushColor -1
AngleTextOut 25, Arial, 8, 1053, 1363, кассы



; стрелки
PenColor 009900
Arrow 910,1442, 891,1442
Arrow 1345,1402, 1333,1412, 1315,1414
Arrow 1534,1241, 1526,1248
Arrow 1124,1370, 1139,1363
PenColor FF0000
Arrow 892,1464, 911,1464
Arrow 1325,1431, 1340,1429, 1353,1418
Arrow 1541,1265, 1549,1258
Arrow 1131,1344, 1116,1351

;;Angle 80

; Майдан

; пути
PenColor 000000
BrushColor 333399
Polygon 628,1228, 657,1223, 579,780, 550,785
Polygon 658,766, 688,761, 766,1204, 736,1209


PenColor 333399
BrushColor -1
AngleTextOut -80, Arial, 20, 711, 757, << Почтовая площадь
AngleTextOut -80, Arial, 20, 587, 996, Площадь Льва Толстого >>
AngleTextOut -80, Arial, 25, 648, 843, Площадь Независимости, 1

; колонны
PenColor 000000
BrushColor D0D0D0
;Railway 10, 10, 22.4, 201,64, 271,461
Ellipse 639,784, 646,791
Ellipse 643,806, 650,813
Ellipse 647,828, 654,835
Ellipse 651,851, 658,858
Ellipse 655,872, 662,879
Ellipse 659,895, 666,902
Ellipse 663,917, 670,924
Ellipse 667,939, 674,946
Ellipse 686,1049, 693,1056
Ellipse 690,1071, 697,1078
Ellipse 694,1093, 701,1100
Ellipse 698,1115, 705,1122
Ellipse 702,1137, 709,1144
Ellipse 706,1159, 713,1166
Ellipse 596,791, 603,798
Ellipse 600,813, 607,820
Ellipse 604,835, 611,842
Ellipse 608,858, 615,865
Ellipse 612,879, 619,886
Ellipse 616,902, 623,909
Ellipse 620,924, 627,931
Ellipse 624,946, 631,953
Ellipse 628,968, 635,975
Ellipse 632,990, 639,997
Ellipse 636,1012, 643,1019
Ellipse 639,1034, 646,1041
Ellipse 643,1056, 650,1063
Ellipse 647,1078, 654,1085
Ellipse 651,1100, 658,1107
Ellipse 655,1122, 662,1129
Ellipse 659,1144, 666,1151
Ellipse 663,1166, 670,1173


; верхний вестибюль

PenColor D0D0D0
BrushColor D0D0D0
Polygon 446,335, 509,272, 513,289, 497,297, 483,309, 471,323, 463,339
Polygon 524,319, 527,329, 521,332, 513,339, 506,347, 503,353, 493,350, 496,343, 500,347, 521,326, 517,322

PenColor 000000
Polygon 334,343, 411,266, 454,309, 348,415, 338,405, 367,376
Line 579,780, 586,779, 587,786, 594,785, 585,733
Line 658,766, 651,767, 652,773, 646,774, 637,723

; эскалатор 4
PenColor 7F7F7F
Stairs 587,725, 633,717, 532,418
PenColor 000000
BrushColor 9B5509
Polygon 634,724, 577,404, 580,403, 637,723
Polygon 627,725, 622,726, 565,406, 570,405
Polygon 614,727, 609,728, 552,408, 557,407
Polygon 601,730, 596,731, 539,411, 544,410
Polygon 588,732, 531,412, 528,413, 585,733

Spline 582,414, 599,386, 596,355, 575,331, 546,324
Spline 529,421, 505,401, 498,372
Spline 503,353, 513,339, 527,329
Spline 524,319, 505,331, 493,350
Spline 463,339, 483,309, 513,289
Line 493,350, 503,353
Line 524,319, 527,329
Line 463,339, 446,335, 509,272, 513,289
Line 546,324, 543,310, 547,308, 531,250, 548,233, 529,214, 624,119
Line 498,372, 486,367, 484,371, 424,357, 404,377, 409,382
Line 391,400, 386,395, 357,424, 367,434, 230,571, 251,592
Line 241,602, 220,581, 160,641, 145,672
Line 132,666, 147,634, 328,453, 309,434, 273,470
Line 261,458, 284,435, 233,384, 211,406
Line 199,394, 221,372, 202,353
Line 214,341, 233,360, 340,253, 303,216
Line 315,204, 335,224, 387,172, 368,153
Line 380,141, 415,176, 548,43
Line 560,55, 538,77, 590,129, 612,107
Line 474,269, 497,246, 507,256, 467,296, 424,253, 500,177, 523,200, 464,259
Stairs 277,466, 265,454, 292,451
Stairs 238,599, 248,589, 222,583
Stairs 146,670, 133,664, 155,651
Stairs 213,404, 201,392, 228,389
Stairs 204,355, 216,343, 219,370
Stairs 305,218, 317,206, 321,234
Stairs 371,156, 383,144, 385,170
Stairs 557,58, 545,46, 541,74
Stairs 610,109, 622,121, 594,125
Stairs 476,267, 466,257, 491,252
Stairs 531,216, 499,248, 538,223
Stairs 338,251, 414,175, 334,247

;турникеты
PenColor 000000
BrushColor -1
Polygon 501,389, 506,384, 511,389, 506,394
Line 519,334, 547,362, 555,408, 0.5
PenColor 009900
Stairs 509,382, 513,386, 535,356

;касса
PenColor 000000
Line 517,322, 521,326, 500,347, 496,343
BrushColor -1
AngleTextOut 45, Arial, 8, 497, 338, кассы

; стрелки
PenColor 009900
Arrow 595,749, 599,772
Arrow 438,345, 456,350
PenColor FF0000
Arrow 637,765, 633,742
Arrow 524,282, 520,263

; переход 1

Opaque 80
PenColor FFFFFF
BrushColor FFFFFF
Polygon 675,1381, 697,1381, 698,1414, 674,1414
Polygon 711,1382, 733,1382, 734,1414, 710,1414
Polygon 747,1382, 769,1382, 770,1414, 746,1414
Polygon 638,1492, 662,1492, 662,1524, 638,1524
Polygon 783,1492, 805,1492, 806,1524, 782,1524
Polygon 819,1492, 841,1492, 842,1524, 818,1524
Polygon 692,962, 728,955, 736,1021, 702,1027
Opaque 90
PenColor FFFFFF
Polygon 927,1431, 999,1431, 1006,1476, 935,1476
Opaque 100

Line 674,1422, 674,1366, 685,1307, 680,1281
Line 733,1272, 738,1300, 770,1366, 770,1422
Line 698,1422, 698,1366, 702,1335, 705,1335, 710,1366, 710,1422
Line 734,1422, 734,1366, 726,1333, 729,1332, 746,1366, 746,1422

Line 657,1223, 663,1222, 656,1183, 663,1182, 672,1236
Line 736,1209, 729,1210, 722,1171, 715,1172, 725,1227

Stairs 674,1431, 698,1431, 674,1393
Stairs 710,1431, 734,1431, 710,1394
Stairs 746,1431, 770,1431, 746,1394

BrushColor -1
AngleTextOut -65, Arial, 10, 781, 1272, В час-пик переход
AngleTextOut -65, Arial, 10, 776, 1282, односторонний
Arrow 765,1305, 781,1340



; эскалатор 4 
PenColor 7F7F7F
Stairs 681,1275, 730,1266, 675,1241
PenColor 000000
BrushColor 9B5509
Polygon 730,1272, 722,1227, 725,1227, 733,1272
Polygon 722,1274, 717,1275, 709,1230, 714,1229
Polygon 709,1276, 704,1277, 696,1232, 701,1231
Polygon 696,1279, 691,1280, 683,1235, 688,1234
Polygon 683,1281, 675,1236, 672,1236, 680,1281


; стрелки
Arrow 674,1203, 678,1227
Arrow 716,1221, 712,1198
Arrow 693,1325, 687,1353
Arrow 750,1348, 736,1321

; переход 2

Line 638,1484, 638,1571
Line 678,1606, 702,1606, 702,1611, 766,1611, 766,1616, 874,1616, 874,1620, 931,1631, 1019,1631, 1019,1553, 908,923, 678,964
Line 689,1030, 853,1001, 950,1554, 950,1561, 931,1561, 874,1573, 874,1577, 842,1577, 842,1484
Line 818,1484, 818,1577, 806,1577, 806,1484
Line 782,1484, 782,1577, 766,1577, 766,1582, 702,1582, 702,1587, 678,1587
Line 662,1571, 662,1484
Stairs 675,965, 687,1030, 713,958
Spline 678,1587, 666,1583, 662,1571
Spline 678,1606, 648,1597, 638,1571
BrushColor D0D0D0
Ellipse 671,961, 678,968
Ellipse 675,983, 682,990
Ellipse 679,1005, 686,1012
Ellipse 682,1027, 689,1034


BrushColor D0D0D0
Polygon 898,1588, 898,1585, 931,1579, 950,1579, 950,1588
Polygon 898,1604, 898,1607, 931,1613, 950,1613, 950,1604
Polygon 736,977, 737,981, 845,962, 844,958
Polygon 739,996, 740,1000, 848,981, 847,977

Stairs 638,1474, 662,1474, 638,1508
Stairs 782,1475, 806,1475, 782,1510
Stairs 818,1475, 842,1475, 818,1510

;названия улиц голубым
BrushColor -1
PenColor 00AFAF
AngleTextOut -45, Arial, 15, 413, 397, 'ТЦ "Глобус"'
AngleTextOut -37, Arial, 19, 223, 612, улица Архитектора Городецкого
AngleTextOut -68, Arial, 19, 1061, 1494, улица Архитектора Городецкого
AngleTextOut 35, Arial, 19, 1321, 1558, Ольгинская улица
AngleTextOut -45, Arial, 19, 596, 191, Институтская улица
AngleTextOut -45, Arial, 19, 1553, 1159, Институтская улица
AngleTextOut 45, Arial, 19, 575, 75, улица Крещатик
AngleTextOut 45, Arial, 19, 129, 524, улица Крещатик
AngleTextOut 78, Arial, 19, -85, 1472, улица Крещатик
