Size 960x730
Angle 20

;пути
BrushColor CC3333
Polygon 255,429, 255,399, 705,399, 705,429
Polygon 255,509, 255,539, 705,539, 705,509
;надписи
BrushColor -1
PenColor CC3333
AngleTextOut 0, Arial, 20, 255, 375, << Черниговская
AngleTextOut 0, Arial, 20, 575, 539, посадки нет >>
AngleTextOut 0, Arial, 25, 431, 448, Лесная, 1


; западный вестибюль
PenColor 000000
Line 255,429, 255,447, 154,447, 154,418, 79,418, 79,365, 151,365
Line 255,509, 255,490, 154,490, 154,519, 79,519, 79,583
Line 59,583, 59,160
Line 151,345, 79,345, 79,160
BrushColor D0D0D0
Polygon 79,445, 89,445, 89,451, 81,451, 81,486, 89,486, 89,492, 79,492
Stairs 59,162, 79,162, 59,200
Stairs 59,581, 79,581, 59,543
Stairs 149,345, 149,365, 103,345

;эскалаторы
PenColor 7F7F7F
Stairs 207,450, 207,487, 165,450
PenColor 000000
BrushColor 9B5509
Polygon 161,447, 161,450, 213,450, 213,447
Polygon 161,473, 161,478, 213,478, 213,473
Polygon 161,459, 161,464, 213,464, 213,459
Polygon 161,487, 161,490, 213,490, 213,487

;кассы
BrushColor -1
AngleTextOut -90, Arial, 10, 92, 456, кассы
Line 89,451, 89,486
Line 111,488, 90,488, 0.5
Line 132,444, 153,444, 0.5

;турникеты
Polygon 113,487, 115,482, 110,480, 108,485
PenColor FF0000
Stairs 107,491, 113,491, 107,517
PenColor 009900
Stairs 128,444, 133,446, 111,477

;восточный вестибюль
PenColor 000000
Line 705,429, 705,444, 812,444, 812,415, 887,415, 887,365, 820,365
Line 705,509, 705,494, 812,494, 812,522, 907,522, 907,151, 913,151
Line 820,345, 887,345, 887,151, 881,151
Stairs 907,163, 887,163, 907,193
Stairs 822,365, 822,345, 868,365
BrushColor D0D0D0
Polygon 879,444, 887,444, 887,493, 879,493
Line 746,470, 806,470
Stairs 748,470, 748,494, 770,470
Stairs 804,470, 804,494, 782,470

;эскалаторы
PenColor 7F7F7F
Stairs 754,447, 754,467, 799,447
PenColor 000000
BrushColor 9B5509
Polygon 750,444, 750,447, 802,447, 802,444
Polygon 750,455, 750,459, 802,459, 802,455
Polygon 750,467, 750,470, 802,470, 802,467

;кассы
BrushColor -1
AngleTextOut -90, Arial, 10, 814, 417, кассы
Line 812,416, 802,416, 802,442, 812,442
Line 845,491, 879,491, 0.5
Line 707,468, 748,468, 0.5

;турникеты
Polygon 845,490, 849,487, 846,483, 842,486
PenColor FF0000
Stairs 845,494, 851,494, 845,520
PenColor 009900
Stairs 813,448, 817,445, 841,486



;стрелки
PenColor FF0000
Arrow 872,507, 891,507
Arrow 694,480, 725,480
Arrow 96,505, 77,505
Arrow 264,480, 233,480
PenColor 009900
Arrow 891,430, 872,430
Arrow 725,456, 694,456
Arrow 77,432, 96,432
Arrow 233,457, 264,457


;названия улиц 
PenColor 00AFAF
BrushColor -1
AngleTextOut 0, Arial, 20, 132, 256, Броварской проспект
AngleTextOut 0, Arial, 20, 663, 256, Броварской проспект
