Size 990x500
Angle 20

;пути
BrushColor CC3333
Polygon 188,104, 188,74, 638,74, 638,104
Polygon 188,184, 188,214, 638,214, 638,184
;надписи
BrushColor -1
PenColor CC3333
AngleTextOut 0, Arial, 20, 188, 50, << Гидропарк
AngleTextOut 0, Arial, 20, 535, 214, Дарница >>
AngleTextOut 0, Arial, 25, 333, 125, Левобережная, 1

; вестибюли
PenColor 000000
Line -3,319, -3,207, 101,207, 101,127, 188,127, 188,104, 638,104, 638,127, 724,127, 724,207, 828,207, 828,319
Line 140,319, 140,163, 188,163, 188,184, 638,184, 638,163, 686,163, 686,319
Line 37,319, 101,319
Stairs 142,163, 142,127, 188,163
Line 723,319, 789,319
Stairs 684,163, 684,127, 638,163

;кассы
AngleTextOut 0, Arial, 12, 773, 193, кассы
AngleTextOut 0, Arial, 12, 24, 193, кассы
Line 21,207, 21,194, 55,194, 55,207
Line 804,207, 804,194, 770,194, 770,207

;турникеты
PenColor FF0000
Stairs 99,286, 99,292, 137,286

Stairs 726,286, 726,292, 689,286

PenColor 009900
Stairs 77,223, 83,222, 92,282

Stairs 740,224, 746,225, 731,278

PenColor 000000
Line 83,217, 82,209, 74,210, 75,218, 83,217
Line 740,219, 748,220, 749,212, 741,211, 740,219
Line 95,282, 95,318, 0.5
Line 730,282, 730,317, 0.5


;стрелки
PenColor FF0000
Arrow 706,312, 706,328
Arrow 120,312, 120,328
PenColor 009900
Arrow 807,328, 807,312
Arrow 17,328, 17,312

;мост
PenColor 000000
Line 319,227, 328,218, 515,218, 524,227
Line 319,3, 328,12, 515,12, 524,3

;названия улиц 
PenColor 00AFAF
AngleTextOut 0, Arial, 15, 347, 30, Броварской проспект >>
AngleTextOut 270, Arial, 15, 436, 247, улица Марины Расковой
AngleTextOut 0, Arial, 15, 753, 540, 'рынок "Левобережный"'
