Size 900x800
Angle -40
;пути
BrushColor 339933
Polygon 511,355, 511,325, 961,325, 961,355
Polygon 511,435, 511,465, 961,465, 961,435

BrushColor -1
PenColor 339933
AngleTextOut 0, Arial, 20, 511, 301, << Дорогожичи
AngleTextOut 0, Arial, 20, 791, 465, Золотые ворота >>
AngleTextOut 0, Arial, 25, 651, 378, Лукьяновская, 1


;пилоны
PenColor 000000
BrushColor D0D0D0
Polygon 583,420, 583,409, 590,409, 590,420
Polygon 602,420, 602,409, 609,409, 609,420
Polygon 621,420, 621,409, 628,409, 628,420
Polygon 640,420, 640,409, 647,409, 647,420
Polygon 659,420, 659,409, 666,409, 666,420
Polygon 678,420, 678,409, 685,409, 685,420
Polygon 697,420, 697,409, 704,409, 704,420
Polygon 716,420, 716,409, 723,409, 723,420
Polygon 735,420, 735,409, 742,409, 742,420
Polygon 754,420, 754,409, 761,409, 761,420
Polygon 773,420, 773,409, 780,409, 780,420
Polygon 792,420, 792,409, 799,409, 799,420
Polygon 811,420, 811,409, 818,409, 818,420
Polygon 830,420, 830,409, 837,409, 837,420

Polygon 583,381, 583,370, 590,370, 590,381
Polygon 602,381, 602,370, 609,370, 609,381
Polygon 621,381, 621,370, 628,370, 628,381
Polygon 640,381, 640,370, 647,370, 647,381
Polygon 659,381, 659,370, 666,370, 666,381
Polygon 678,381, 678,370, 685,370, 685,381
Polygon 697,381, 697,370, 704,370, 704,381
Polygon 716,381, 716,370, 723,370, 723,381
Polygon 735,381, 735,370, 742,370, 742,381
Polygon 754,381, 754,370, 761,370, 761,381
Polygon 773,381, 773,370, 780,370, 780,381
Polygon 792,381, 792,370, 799,370, 799,381
Polygon 811,381, 811,370, 818,370, 818,381
Polygon 830,381, 830,370, 837,370, 837,381


; правый торец

PenColor 000000
Line 961,355, 961,370, 849,370, 849,381, 858,381, 858,409, 849,409, 849,420, 961,420, 961,435

; левый вестибюль

PenColor 000000
Line 409,369, 409,365, 476,365, 476,381, 571,381, 571,370, 511,370, 511,355
Line 511,435, 511,420, 571,420, 571,409, 476,409, 476,426, 409,426, 409,422

Line 109,369, 109,352, 26,352, 17,343
Line -38,343, -47,352, -47,438, -38,447
Line 17,447, 26,438, 109,438, 109,422
Line -47,352, -101,352, -101,438, -47,438

; эскалатор 4 гор
PenColor 7F7F7F
Stairs 411,419, 411,372, 90,419
PenColor 000000
BrushColor 9B5509
Polygon 418,372, 85,372, 85,369, 418,369
Polygon 418,380, 418,385, 85,385, 85,380
Polygon 418,393, 418,398, 85,398, 85,393
Polygon 418,406, 418,411, 85,411, 85,406
Polygon 418,419, 85,419, 85,422, 418,422

;турникеты
BrushColor -1
Line 51,388, 51,394, 0.5
Polygon 48,436, 48,430, 54,430, 54,436

PenColor 009900
Stairs 49,426, 53,426, 49,392
PenColor FF0000
Stairs 53,356, 49,356, 53,390


;стрелки
PenColor FF0000
Arrow 458,383, 441,383
PenColor 009900
Arrow 441,408, 458,408

; Названия улиц голубым
PenColor 00AFAF
BrushColor -1
AngleTextOut 65, Arial, 15, -100, 431, Макдональдс
AngleTextOut 0, Arial, 15, -21, 285, ул. Мельникова
AngleTextOut 0, Arial, 15, 160, 319, Лукьяновская площадь

PenColor FFD0D0
AngleTextOut 40, Arial, 100, -53, 370, ?, 1
