Size 760x900
Angle 90

;пути
BrushColor 333399
Polygon 817,554, 817,584, 367,584, 367,554
Polygon 817,474, 817,444, 367,444, 367,474
PenColor 333399
BrushColor -1
AngleTextOut 0, Arial, 20, 631, 584, 'Дворец "Украина" >>'
AngleTextOut 0, Arial, 20, 368, 422, << Демиевская
AngleTextOut 0, Arial, 25, 540, 500, Лыбедская, 1

;северный торец

PenColor 000000
Line 817,474, 817,486, 760,486, 760,494, 767,494, 767,534, 760,534, 760,542, 817,542, 817,554

;южный вестибюль

PenColor 000000
Line 367,474, 367,485, 466,485, 466,494
Line 466,534, 466,543, 367,543, 367,554
Line 218,494, 218,458, 135,458, 135,433, 304,336, 327,375
Line 218,534, 218,571, 135,571, 135,648, 153,699, 200,682
Line -50,237, -10,214, 116,433, 116,652, 135,705, 87,723
Line -59,221, 155,97
Line 164,113, 6,204, 71,317, 78,313, 74,306, 81,302, 94,325, 87,329, 83,322, 76,326, 128,416, 295,320, 272,280
Line 343,366, 288,271
Line 206,699, 93,740
Stairs 327,375, 343,366, 304,336
Stairs 272,280, 288,271, 295,320
Stairs 200,682, 206,699, 156,698
Stairs 87,723, 93,740, 132,706
Stairs 164,113, 155,97, 124,136
Stairs -50,237, -59,221, -10,214

;эскалатор 3 гор
PenColor 7F7F7F
Stairs 460,497, 460,531, 212,497
PenColor 000000
BrushColor 9B5509
Polygon 466,494, 466,497, 208,497, 208,494
Polygon 466,534, 466,531, 208,531, 208,534
Polygon 466,505, 466,510, 208,510, 208,505
Polygon 466,518, 466,523, 208,523, 208,518

;названия улиц
BrushColor -1
PenColor 00AFAF
AngleTextOut -160, Arial, 15, 304, 622, Красноармейская улица
AngleTextOut -150, Arial, 15, 154, 180, улица Горького
AngleTextOut -90, Arial, 15, 18, 432, Лыюбедская площадь

; здания
PenColor 000000
AngleTextOut -160, Arial, 15, 155, 772, 'ТЦ "Интервал-плаза"'
AngleTextOut -150, Arial, 15, 88, 98, 'ТЦ "Океан-плаза"'

; ?
PenColor FFD0D0
AngleTextOut -90, Arial, 100, 212, 487, ?, 1
