Size 800x910
Angle 89.5

;пути
BrushColor 333399
Polygon 626,502, 626,532, 176,532, 176,502
Polygon 626,422, 626,392, 176,392, 176,422
PenColor 333399
BrushColor -1
AngleTextOut 0, Arial, 20, 525, 532, Минская >>
AngleTextOut 0, Arial, 20, 177, 370, << Петровка
AngleTextOut 0, Arial, 25, 349, 448, Оболонь, 1

;южный вестибюль
PenColor 000000
Line 176,422, 176,433, 178,433, 178,440, 123,440
Line 98,484, 178,484, 178,491, 176,491, 176,502
Line 123,440, 123,406, 42,406, 42,272, 97,272
Line 98,484, 98,519, 48,519, 48,489, 42,489, 42,653, 97,653
Line -37,272, 18,272, 18,653, -37,653
Stairs 175,440, 175,484, 125,440
Line 97,254, 42,254, 42,237
Line 18,237, 18,254, -37,254
Line 97,670, -37,670
Stairs 95,254, 95,272, 49,254
Stairs -35,254, -35,272, 11,254
Stairs 95,653, 95,670, 49,653
Stairs -35,653, -35,670, 11,653

BrushColor D0D0D0
Polygon 48,436, 48,459, 42,459, 42,436

;турникеты
BrushColor -1
Line 79,438, 48,438, 0.5
Polygon 102,481, 100,477, 96,479, 98,483

PenColor 009900
Stairs 77,443, 81,441, 95,478
PenColor FF0000
Stairs 73,410, 78,410, 73,435

;кассы
PenColor 000000
Line 98,486, 108,486, 108,515, 98,515
AngleTextOut -90, Arial, 10, 109, 488, кассы

;северный вестибюль

PenColor 000000
Line 717,440, 624,440, 624,433, 626,433, 626,422
Line 626,502, 626,491, 624,491, 624,484, 679,484
Line 839,272, 784,272, 784,653, 839,653
Line 717,440, 717,406, 754,406, 754,436, 760,436, 760,272, 705,272
Line 679,484, 679,519, 760,519, 760,653, 705,653
Stairs 627,440, 627,484, 677,440
Line 839,254, 705,254
Line 839,671, 705,671
Stairs 837,254, 837,272, 791,254
Stairs 707,254, 707,272, 753,254
Stairs 837,671, 837,653, 791,671
Stairs 707,671, 707,653, 753,671

BrushColor D0D0D0
Polygon 754,466, 754,489, 760,489, 760,466

;турникеты
BrushColor -1
Line 753,486, 722,486, 0.5
Polygon 703,440, 698,440, 698,435, 703,435

PenColor 009900
Stairs 701,446, 706,443, 721,484
PenColor FF0000
Stairs 723,490, 729,490, 723,515

;кассы
PenColor 000000
BrushColor -1
Line 717,408, 707,408, 707,437, 717,437
AngleTextOut -90, Arial, 10, 718, 410, кассы

;колонны
PenColor 000000
BrushColor D0D0D0
Polygon 607,433, 607,440, 600,440, 600,433
Polygon 580,433, 580,440, 573,440, 573,433
Polygon 553,433, 553,440, 546,440, 546,433
Polygon 526,433, 526,440, 519,440, 519,433
Polygon 499,433, 499,440, 492,440, 492,433
Polygon 472,433, 472,440, 465,440, 465,433
Polygon 445,433, 445,440, 438,440, 438,433
Polygon 418,433, 418,440, 411,440, 411,433
Polygon 391,433, 391,440, 384,440, 384,433
Polygon 364,433, 364,440, 357,440, 357,433
Polygon 337,433, 337,440, 330,440, 330,433
Polygon 310,433, 310,440, 303,440, 303,433
Polygon 283,433, 283,440, 276,440, 276,433
Polygon 256,433, 256,440, 249,440, 249,433
Polygon 229,433, 229,440, 222,440, 222,433
Polygon 202,433, 202,440, 195,440, 195,433

Polygon 607,484, 607,491, 600,491, 600,484
Polygon 580,484, 580,491, 573,491, 573,484
Polygon 553,484, 553,491, 546,491, 546,484
Polygon 526,484, 526,491, 519,491, 519,484
Polygon 499,484, 499,491, 492,491, 492,484
Polygon 472,484, 472,491, 465,491, 465,484
Polygon 445,484, 445,491, 438,491, 438,484
Polygon 418,484, 418,491, 411,491, 411,484
Polygon 391,484, 391,491, 384,491, 384,484
Polygon 364,484, 364,491, 357,491, 357,484
Polygon 337,484, 337,491, 330,491, 330,484
Polygon 310,484, 310,491, 303,491, 303,484
Polygon 283,484, 283,491, 276,491, 276,484
Polygon 256,484, 256,491, 249,491, 249,484
Polygon 229,484, 229,491, 222,491, 222,484
Polygon 202,484, 202,491, 195,491, 195,484

;стрелки
PenColor 009900
Arrow 41,474, 59,474
Arrow 760,451, 743,451
PenColor FF0000
Arrow 59,421, 41,421
Arrow 743,503, 760,503

;названия улиц
BrushColor -1
PenColor 00AFAF
AngleTextOut 0, Arial, 15, 99, 320, Оболонский проспект >>
AngleTextOut 0, Arial, 15, 99, 589, << Оболонский проспект
AngleTextOut -360, Arial, 15, 526, 589, << Оболонский проспект
AngleTextOut -360, Arial, 15, 526, 320, Оболонский проспект >>
AngleTextOut 0, Arial, 15, -20, 210, 'ТЦ "Метрополис"'
AngleTextOut -90, Arial, 15, 421, 68, улица Маршала Малиновского
AngleTextOut -90, Arial, 15, 421, 668, улица Маршала Малиновского
