Size 480x820
; новая
Angle 90
;пути
BrushColor 34349C
Polygon 292,513, 292,483, -158,483, -158,513
Polygon 292,593, 292,623, -158,623, -158,593
PenColor 34349C
BrushColor -1
AngleTextOut 0, Arial, 30, -11, 536, Олимпийская, 1
AngleTextOut 0, Arial, 20, -155, 459, '<< Дворец "Украина"'
AngleTextOut 0, Arial, 20, 52, 623, Площадь Льва Толстого >>

;пилоны
PenColor 000000
BrushColor D0D0D0
Polygon 264,522, 264,535, 259,535, 259,522
Polygon 245,522, 245,535, 240,535, 240,522
Polygon 226,522, 226,535, 221,535, 221,522
Polygon 207,522, 207,535, 202,535, 202,522
Polygon 188,522, 188,535, 183,535, 183,522
Polygon 169,522, 169,535, 164,535, 164,522
Polygon 150,522, 150,535, 145,535, 145,522
Polygon 131,522, 131,535, 126,535, 126,522
Polygon 112,522, 112,535, 107,535, 107,522
Polygon 93,522, 93,535, 88,535, 88,522
Polygon 74,522, 74,535, 69,535, 69,522
Polygon 55,522, 55,535, 50,535, 50,522
Polygon 36,522, 36,535, 31,535, 31,522
Polygon 17,522, 17,535, 12,535, 12,522
Polygon -2,522, -2,535, -7,535, -7,522
Polygon -21,522, -21,535, -26,535, -26,522
Polygon -40,522, -40,535, -45,535, -45,522
Polygon -59,522, -59,535, -64,535, -64,522
Polygon -78,522, -78,535, -83,535, -83,522
Polygon -97,522, -97,535, -102,535, -102,522
Polygon -116,522, -116,535, -121,535, -121,522

Polygon 264,571, 264,584, 259,584, 259,571
Polygon 245,571, 245,584, 240,584, 240,571
Polygon 226,571, 226,584, 221,584, 221,571
Polygon 207,571, 207,584, 202,584, 202,571
Polygon 188,571, 188,584, 183,584, 183,571
Polygon 169,571, 169,584, 164,584, 164,571
Polygon 150,571, 150,584, 145,584, 145,571
Polygon 131,571, 131,584, 126,584, 126,571
Polygon 112,571, 112,584, 107,584, 107,571
Polygon 93,571, 93,584, 88,584, 88,571
Polygon 74,571, 74,584, 69,584, 69,571
Polygon 55,571, 55,584, 50,584, 50,571
Polygon 36,571, 36,584, 31,584, 31,571
Polygon 17,571, 17,584, 12,584, 12,571
Polygon -2,571, -2,584, -7,584, -7,571
Polygon -21,571, -21,584, -26,584, -26,571
Polygon -40,571, -40,584, -45,584, -45,571
Polygon -59,571, -59,584, -64,584, -64,571
Polygon -78,571, -78,584, -83,584, -83,571
Polygon -97,571, -97,584, -102,584, -102,571
Polygon -116,571, -116,584, -121,584, -121,571
;контур
Line 336,533, 278,533, 278,522, 292,522, 292,513, -158,513, -158,522, -135,522, -135,535, -139,535, -139,571, -135,571, -135,584, -158,584, -158,593, 292,593, 292,584, 278,584, 278,573, 336,573

;эскалаторы
PenColor 7F7F7F
Stairs 490,536, 490,570, 340,536
PenColor 000000
BrushColor 9B5509
Polygon 496,533, 496,536, 336,536, 336,533
Polygon 496,573, 496,570, 336,570, 336,573
Polygon 496,544, 496,549, 336,549, 336,544
Polygon 496,557, 496,562, 336,562, 336,557


Opaque 80
PenColor FFFFFF
BrushColor FFFFFF
Polygon 405,574, 354,574, 354,532, 405,532
Opaque 100


;вестибюль
;контур вестибюля
BrushColor D0D0D0
Line 478,398, 427,398, 427,407, 608,407, 608,587, 474,587, 474,573
Line 474,533, 474,519, 530,519, 530,501, 427,501, 427,525, 405,525, 405,581
Polygon 574,519, 574,501, 564,501, 564,519
Line 478,369, 377,369, 377,238, 427,238
Line 427,219, 377,219, 377,208
Line 354,208, 354,219, 304,219
Line 304,238, 354,238, 354,369, 304,369
Line 304,398, 354,398, 354,581
;лестницы
Stairs 450,501, 450,407, 440,501
Stairs 476,398, 476,369, 430,398
Stairs 306,369, 306,398, 352,369
Stairs 425,238, 425,219, 379,238
Stairs 306,238, 306,219, 352,238
Stairs 354,527, 405,527, 354,581

;турникеты
PenColor 000000
BrushColor -1
Polygon 566,489, 572,489, 572,483, 566,483
Line 569,421, 569,408, 0.5
Line 569,500, 569,490, 0.5
PenColor 009900
Stairs 572,478, 566,478, 572,420
PenColor FF0000
Stairs 561,508, 561,514, 532,508

;касса
PenColor 000000
BrushColor D0D0D0
Polygon 467,433, 467,475, 480,475, 480,470, 470,470, 470,438, 480,438, 480,433
Line 470,438, 480,438, 480,470, 470,470
BrushColor -1
AngleTextOut 270, Arial, 10, 481, 441, кассы

;стрелки
PenColor FF0000
Arrow 486,488, 460,488
Arrow 300,543, 319,543
PenColor 009900
Arrow 460,420, 486,420
Arrow 319,563, 300,563

;названия улиц голубым
BrushColor -1
PenColor 00AFAF
AngleTextOut -90, Arial, 15, 642, 511, Троицкая площадь
AngleTextOut -90, Arial, 15, 253, 341, улица Физкультуры
AngleTextOut -90, Arial, 15, 207, 335, Киевский планетарий
AngleTextOut 0, Arial, 15, 309, 179, 'ТЦ "Олимпийский"'
AngleTextOut 0, Arial, 15, 398, 290, Красноармейская улица >>
AngleTextOut 0, Arial, 15, 145, 291, Красноармейская улица >>
