Size 740x550
Angle 15
;пути 
BrushColor 339933
Polygon 147,439, 147,469, 597,469, 597,439
Polygon 147,359, 147,329, 597,329, 597,359

BrushColor -1
PenColor 339933
AngleTextOut 0, Arial, 20, 149, 305, << Славутич
AngleTextOut 0, Arial, 20, 503, 469, Позняки >>
AngleTextOut 0, Arial, 25, 321, 379, Осокорки, 1


; левый вестибюль
PenColor 000000
Line 131,424, 147,424, 147,439
Line 131,374, 147,374, 147,359
Stairs 97,374, 97,424, 143,374

Opaque 85
PenColor FFFFFF
BrushColor FFFFFF
Polygon 128,344, 156,343, 156,455, 128,455
Opaque 100

PenColor 000000
Line 49,91, 212,91
Line 212,279, 144,279, 144,343, 156,343, 156,455, 57,455, 57,343, 117,343, 117,279, 49,279
Line 49,258, 117,258, 117,112, 49,112
Line 212,112, 144,112, 144,258, 212,258
Stairs 51,112, 51,91, 97,112
Stairs 210,112, 210,91, 164,112
Stairs 210,279, 210,258, 164,279
Stairs 51,279, 51,258, 97,279

BrushColor D0D0D0
Polygon 95,374, 95,370, 131,370, 131,428, 95,428, 95,424, 127,424, 127,374

Opaque 70
; "закрыто"
PenColor FFD0D0
BrushColor FFD0D0
Polygon 55,341, 115,341, 115,281, 146,281, 146,341, 158,341, 158,457, 55,457
PenColor FF4040

Opaque 100
PenColor FF4040
BrushColor -1
AngleTextOut 0, Arial, 15, 82, 388, закрыто
Dashed 55,341, 115,341, 115,281, 146,281, 146,341, 158,341, 158,457, 55,457, 55,341
BrushColor 000000

; правый вестибюль

PenColor 000000
Line 613,424, 597,424, 597,439
Line 613,374, 597,374, 597,359
Line 597,380, 649,380
Stairs 647,380, 647,424, 601,380

Opaque 85
PenColor FFFFFF
BrushColor FFFFFF
Polygon 616,343, 588,343, 588,455, 616,455
Opaque 100

PenColor 000000
Line 695,91, 532,91
Line 532,279, 600,279, 600,343, 588,343, 588,455, 687,455, 687,343, 627,343, 627,279, 695,279
Line 695,258, 627,258, 627,112, 695,112
Line 532,112, 600,112, 600,258, 532,258
Stairs 693,112, 693,91, 647,112
Stairs 534,112, 534,91, 580,112
Stairs 534,279, 534,258, 580,279
Stairs 693,279, 693,258, 647,279

BrushColor D0D0D0
Polygon 649,424, 649,428, 613,428, 613,370, 649,370, 649,374, 617,374, 617,424

; кассы
BrushColor -1
Line 687,429, 695,429, 695,455, 687,455
AngleTextOut -90, Arial, 10, 698, 430, кассы

; турникеты
BrushColor -1
Polygon 680,376, 685,377, 684,382, 679,381
PenColor 009900
Stairs 651,428, 651,424, 669,428
Stairs 668,424, 672,425, 679,385
PenColor FF0000
Stairs 648,366, 644,366, 648,345

; стрелки
PenColor FF0000
Arrow 656,387, 663,387, 663,367
PenColor 009900
Arrow 605,365, 605,384
Arrow 663,412, 651,412

;названия улиц
BrushColor -1
PenColor 00AFAF
AngleTextOut 0, Arial, 15, 209, 176, проспект Николая Бажана
AngleTextOut -90, Arial, 15, 412, 46, Днепровская набережная
