Size 940x1080
; новая
Angle -55

;пути
BrushColor 339933
Polygon 632,542, 632,572, 1082,572, 1082,542
Polygon 632,462, 632,432, 1082,432, 1082,462
PenColor 339933
BrushColor -1
AngleTextOut 0, Arial, 25, 730, 484, Печерская, 1
AngleTextOut 0, Arial, 20, 916, 572, Дружбы народов >>
AngleTextOut 0, Arial, 20, 632, 409, << Кловская

;пилоны
PenColor 000000
BrushColor D0D0D0
Polygon 683,533, 683,527, 703,527, 703,533
Polygon 716,533, 716,527, 736,527, 736,533
Polygon 749,533, 749,527, 769,527, 769,533
Polygon 782,533, 782,527, 802,527, 802,533
Polygon 815,533, 815,527, 835,527, 835,533
Polygon 848,533, 848,527, 868,527, 868,533
Polygon 881,533, 881,527, 901,527, 901,533
Polygon 914,533, 914,527, 934,527, 934,533

Polygon 683,477, 683,471, 703,471, 703,477
Polygon 716,477, 716,471, 736,471, 736,477
Polygon 749,477, 749,471, 769,471, 769,477
Polygon 782,477, 782,471, 802,471, 802,477
Polygon 815,477, 815,471, 835,471, 835,477
Polygon 848,477, 848,471, 868,471, 868,477
Polygon 881,477, 881,471, 901,471, 901,477
Polygon 914,477, 914,471, 934,471, 934,477

;контур
Line 636,527, 649,527, 649,524, 666,524, 666,527, 670,527, 670,533, 632,533, 632,542
Line 1082,542, 1082,534, 947,534, 947,527, 953,527, 953,477, 947,477, 947,471, 1082,471, 1082,462
Line 632,462, 632,471, 670,471, 670,477, 666,477, 666,480, 649,480, 649,477, 636,477

;эскалаторы 1 секция
PenColor 7F7F7F
Stairs 218,524, 218,480, 335,524
PenColor 000000
BrushColor 9B5509
Polygon 214,527, 214,524, 338,524, 338,527
Polygon 214,477, 214,480, 338,480, 338,477
Polygon 214,516, 214,512, 338,512, 338,516
Polygon 214,504, 214,500, 338,500, 338,504
Polygon 214,488, 214,492, 338,492, 338,488

;эскалаторы 2 секция
PenColor 7F7F7F
Stairs 459,524, 459,480, 633,524
PenColor 000000
BrushColor 9B5509
Polygon 636,527, 636,524, 455,524, 455,527
Polygon 636,477, 636,480, 455,480, 455,477
Polygon 636,516, 636,512, 455,512, 455,516
Polygon 636,504, 636,500, 455,500, 455,504
Polygon 636,488, 636,492, 455,492, 455,488

;вестибюль
;контур вестибюля
Line 93,298, 93,449, 192,449, 192,468, 239,468, 239,477
Line 239,527, 239,536, 192,536, 192,555, 93,555, 93,579, 164,579
Line 73,298, 73,599, 164,599
;лестницы
Stairs 93,300, 73,300, 93,346
Stairs 95,555, 95,449, 105,555
Stairs 162,579, 162,599, 116,579

;промежуточный
Line 338,477, 387,477
Line 338,527, 387,527
Spline 387,477, 413,454, 449,454, 476,477
Spline 387,527, 413,550, 449,550, 476,527

;турникеты
PenColor 000000
BrushColor -1
Polygon 162,482, 158,484, 160,488, 164,486
Line 131,480, 159,480, 0.5
Line 191,537, 180,521, 0.5
PenColor 009900
Stairs 162,492, 166,490, 178,522
PenColor FF0000
Stairs 156,453, 161,453, 156,478

;касса
PenColor 000000
BrushColor D0D0D0
Polygon 119,529, 119,475, 130,475, 130,485, 121,485, 121,519, 130,519, 130,529
Line 121,519, 130,519, 130,485, 121,485
BrushColor -1
AngleTextOut 90, Arial, 8, 120, 512, кассы

;стрелки
PenColor FF0000
Arrow 135,462, 115,462
Arrow 661,489, 643,489
Arrow 438,485, 422,485
PenColor 009900
Arrow 115,542, 135,542
Arrow 643,515, 661,515
Arrow 422,520, 439,520

;названия улиц голубым
BrushColor -1
PenColor 00AFAF
AngleTextOut 0, Arial, 15, -94, 469, бульвар Леси Украинки
AngleTextOut 90, Arial, 15, 9, 378, улица Кутузова
AngleTextOut 90, Arial, 15, 9, 756, улица Михаила Заднепровского
