Size 450x1040
Angle 89.5

;пути
BrushColor 333399
Polygon 6,414, 6,384, 456,384, 456,414
Polygon 6,494, 6,524, 456,524, 456,494
PenColor 333399
BrushColor -1
AngleTextOut 0, Arial, 18, 8, 363, << Тараса Шевченко
AngleTextOut 0, Arial, 18, 365, 524, Оболонь >>
AngleTextOut 0, Arial, 28, 163, 434, Петровка, 1

;северный вестибюль
PenColor 000000
Line 456,494, 456,485, 454,485, 454,478, 510,478,
Line 535,429, 454,429, 454,422, 456,422, 456,414
Line 510,478, 510,510, 597,510, 597,555, 558,555
Line 535,429, 535,397, 585,397, 585,427, 591,427, 591,397, 597,397, 597,352, 558,352
BrushColor D0D0D0
Polygon 585,480, 585,457, 591,457, 591,480
Line 657,555, 618,555, 618,352, 657,352
Line 558,331, 657,331
Line 558,576, 657,576
Stairs 458,478, 458,429, 508,478
Stairs 560,576, 560,555, 598,576
Stairs 655,576, 655,555, 617,576
Stairs 618,549, 597,549, 618,539
Stairs 560,331, 560,352, 598,331
Stairs 655,331, 655,352, 617,331
Stairs 618,358, 597,358, 618,368

;турникеты
BrushColor -1
Line 553,478, 585,478, 0.5
Polygon 531,432, 533,436, 537,434, 535,430

PenColor 009900
Stairs 535,440, 540,437, 553,476
PenColor FF0000
Stairs 554,482, 560,482, 554,507

;кассы
PenColor 000000
Line 535,427, 525,427, 525,398, 535,398
AngleTextOut 270, Arial, 10, 535, 400, кассы



;южный вестибюль
PenColor 000000
Line -88,478, 8,478, 8,485, 6,485, 6,494
Line 6,414, 6,422, 8,422, 8,429, -126,429
Line -88,478, -88,510, -175,510, -175,548, -145,553
Line -126,429, -126,397, -163,397, -163,427, -175,427, -175,421, -197,421, -197,563, -149,571
BrushColor D0D0D0
Polygon -163,480, -163,457, -169,457, -169,480
Stairs -40,478, -40,429, -86,478
Stairs -169,549, -172,567, -147,553
Stairs -197,543, -175,543, -197,521

;турникеты
BrushColor -1
Line -163,478, -131,478, 0.5
Polygon -112,429, -107,429, -107,424, -112,424

PenColor 009900
Stairs -115,431, -110,434, -136,475
PenColor FF0000
Stairs -138,482, -132,482, -138,507

;кассы
PenColor 000000
BrushColor -1
Line -126,427, -116,427, -116,398, -126,398
AngleTextOut 270, Arial, 10, -115, 400, кассы

;колонны
PenColor 000000
BrushColor D0D0D0
Polygon 26,485, 26,478, 33,478, 33,485
Polygon 53,485, 53,478, 60,478, 60,485
Polygon 80,485, 80,478, 87,478, 87,485
Polygon 107,485, 107,478, 114,478, 114,485
Polygon 134,485, 134,478, 141,478, 141,485
Polygon 161,485, 161,478, 168,478, 168,485
Polygon 188,485, 188,478, 195,478, 195,485
Polygon 215,485, 215,478, 222,478, 222,485
Polygon 242,485, 242,478, 249,478, 249,485
Polygon 269,485, 269,478, 276,478, 276,485
Polygon 296,485, 296,478, 303,478, 303,485
Polygon 323,485, 323,478, 330,478, 330,485
Polygon 350,485, 350,478, 357,478, 357,485
Polygon 377,485, 377,478, 384,478, 384,485
Polygon 404,485, 404,478, 411,478, 411,485
Polygon 431,485, 431,478, 438,478, 438,485

Polygon 26,429, 26,422, 33,422, 33,429
Polygon 53,429, 53,422, 60,422, 60,429
Polygon 80,429, 80,422, 87,422, 87,429
Polygon 107,429, 107,422, 114,422, 114,429
Polygon 134,429, 134,422, 141,422, 141,429
Polygon 161,429, 161,422, 168,422, 168,429
Polygon 188,429, 188,422, 195,422, 195,429
Polygon 215,429, 215,422, 222,422, 222,429
Polygon 242,429, 242,422, 249,422, 249,429
Polygon 269,429, 269,422, 276,422, 276,429
Polygon 296,429, 296,422, 303,422, 303,429
Polygon 323,429, 323,422, 330,422, 330,429
Polygon 350,429, 350,422, 357,422, 357,429
Polygon 377,429, 377,422, 384,422, 384,429
Polygon 404,429, 404,422, 411,422, 411,429
Polygon 431,429, 431,422, 438,422, 438,429

;стрелки
PenColor 009900
Arrow 592,442, 574,442
Arrow -170,442, -152,442
PenColor FF0000
Arrow 574,495, 592,495
Arrow -152,495, -170,495

;названия улиц
BrushColor -1
PenColor 00AFAF
AngleTextOut 0, Arial, 15, 710, 499, >>
AngleTextOut 0, Arial, 15, 631, 494, Оболонский
AngleTextOut 0, Arial, 15, 641, 504, проспект
AngleTextOut 0, Arial, 15, 633, 394, <<
AngleTextOut 0, Arial, 15, 649, 388, Оболонский
AngleTextOut 0, Arial, 15, 659, 398, проспект
AngleTextOut 263, Arial, 17, -95, 534, Вербная улица
AngleTextOut 263, Arial, 17, -236, 475, 'ж/д платформа "Киев-Петровка"'

