Size 800x700

Angle -50

;пути
BrushColor 333399
Polygon 427,385, 427,355, -23,355, -23,385
Polygon 427,465, 427,495, -23,495, -23,465
BrushColor -1
PenColor 333399
AngleTextOut 360, Arial, 15, 249, 495, Площадь независимости >>
AngleTextOut 360, Arial, 15, -22, 337, << Контрактовая площадь
AngleTextOut 360, Arial, 20, 102, 411, Почтовая площадь, 1

;вестибюль
PenColor 000000
Line -23,385, -23,400, -17,400, -17,450, -23,450, -23,465
Line 427,465, 427,450, 417,450, 417,445, 462,445, 462,474, 524,474, 524,449, 537,449, 537,481, 551,495, 551,530, 493,530
Line 493,547, 573,547, 573,495, 580,488, 580,361, 573,354, 573,195, 494,195
Line 494,213, 551,213, 551,354, 537,368, 537,400, 524,400, 524,375, 462,375, 462,405, 417,405, 417,400, 427,400, 427,385
Line 555,471, 555,376
Line 537,434, 537,416
Stairs 418,445, 418,405, 436,445
Stairs 444,445, 444,405, 462,445
Stairs 495,547, 495,530, 517,547
Stairs 529,547, 529,530, 551,547
Stairs 573,528, 551,528, 573,518
Stairs 496,213, 496,195, 518,213
Stairs 529,213, 529,195, 551,213
Stairs 555,470, 537,470, 555,448
Stairs 555,378, 537,378, 555,400

;касса
Line 524,473, 533,473, 533,452, 524,452
AngleTextOut 90, Arial, 7, 524, 471, касса

;турникеты
Line 488,437, 484,435, 486,431, 490,433, 488,437
Line 474,457, 463,454, 0.5
Line 480,392, 463,387, 0.5
PenColor 009900
Stairs 483,438, 487,440, 473,457
PenColor FF0000
Stairs 479,393, 483,392, 485,417

;колонны
PenColor 000000
BrushColor D0D0D0
Polygon 497,430, 497,418, 487,418, 487,430
Polygon 405,450, 405,445, 400,445, 400,450
Polygon 383,450, 383,445, 388,445, 388,450
Polygon 366,450, 366,445, 371,445, 371,450
Polygon 349,450, 349,445, 354,445, 354,450
Polygon 332,450, 337,450, 337,445, 332,445
Polygon 315,450, 315,445, 320,445, 320,450
Polygon 298,450, 298,445, 303,445, 303,450
Polygon 281,450, 281,445, 286,445, 286,450
Polygon 264,450, 264,445, 269,445, 269,450
Polygon 247,450, 247,445, 252,445, 252,450
Polygon 230,450, 230,445, 235,445, 235,450
Polygon 213,450, 213,445, 218,445, 218,450
Polygon 196,450, 196,445, 201,445, 201,450
Polygon 179,450, 179,445, 184,445, 184,450
Polygon 162,450, 162,445, 167,445, 167,450
Polygon 145,450, 145,445, 150,445, 150,450
Polygon 128,450, 128,445, 133,445, 133,450
Polygon 111,450, 111,445, 116,445, 116,450
Polygon 94,450, 94,445, 99,445, 99,450
Polygon 77,450, 77,445, 82,445, 82,450
Polygon 60,450, 60,445, 65,445, 65,450
Polygon 43,450, 43,445, 48,445, 48,450
Polygon 26,450, 26,445, 31,445, 31,450
Polygon 9,450, 9,445, 14,445, 14,450
Polygon -8,450, -8,445, -3,445, -3,450

Polygon 400,405, 400,400, 405,400, 405,405
Polygon 383,405, 383,400, 388,400, 388,405
Polygon 366,405, 366,400, 371,400, 371,405
Polygon 349,405, 349,400, 354,400, 354,405
Polygon 332,405, 332,400, 337,400, 337,405
Polygon 315,405, 315,400, 320,400, 320,405
Polygon 298,405, 298,400, 303,400, 303,405
Polygon 281,405, 281,400, 286,400, 286,405
Polygon 264,405, 264,400, 269,400, 269,405
Polygon 247,405, 247,400, 252,400, 252,405
Polygon 230,405, 230,400, 235,400, 235,405
Polygon 213,405, 213,400, 218,400, 218,405
Polygon 196,405, 196,400, 201,400, 201,405
Polygon 179,405, 179,400, 184,400, 184,405
Polygon 162,405, 162,400, 167,400, 167,405
Polygon 145,405, 145,400, 150,400, 150,405
Polygon 128,405, 128,400, 133,400, 133,405
Polygon 111,405, 111,400, 116,400, 116,405
Polygon 94,405, 94,400, 99,400, 99,405
Polygon 77,405, 77,400, 82,400, 82,405
Polygon 60,405, 60,400, 65,400, 65,405
Polygon 43,405, 43,400, 48,400, 48,405
Polygon 26,405, 26,400, 31,400, 31,405
Polygon 9,405, 9,400, 14,400, 14,405
Polygon -8,405, -8,400, -3,400, -3,405

;стрелки
PenColor 009900
Arrow 558,487, 547,476
Arrow 547,446, 547,441, 535,441
PenColor FF0000
Arrow 546,373, 557,362
Arrow 535,409, 547,409, 547,400

;названия улиц
BrushColor -1
PenColor 00AFAF
AngleTextOut 360, Arial, 15, 594, 410, Владимирский спуск
AngleTextOut 90, Arial, 15, 462, 247, Почтовая площадь
AngleTextOut 90, Arial, 15, 390, 241, Боричев спуск
AngleTextOut 325, Arial, 15, 421, -56, Набережно-Крещатикская улица
AngleTextOut 325, Arial, 15, 580, -13, Речной вокзал
AngleTextOut 90, Arial, 15, 435, 770, Фуникулер
AngleTextOut 90, Arial, 15, 446, 789, (нижняя станция)

