Size 1000x440
Angle -12

; пути
BrushColor CC3333
Polygon 473,207, 23,207, 23,177, 473,177
Polygon 473,287, 23,287, 23,317, 473,317

PenColor CC3333
BrushColor -1
AngleTextOut 0, Arial, 20, 347, 317, Вокзальная >>
AngleTextOut 0, Arial, 20, 22, 153, << Шулявская
AngleTextOut 0, Arial, 25, 170, 95, Политехнический, 1
AngleTextOut 0, Arial, 25, 223, 119, институт, 1

; пилоны
PenColor 000000
BrushColor D0D0D0
Polygon 171,220, 171,231, 182,231, 182,220
Polygon 204,220, 204,231, 215,231, 215,220
Polygon 237,220, 237,231, 248,231, 248,220
Polygon 270,220, 270,231, 281,231, 281,220
Polygon 303,220, 303,231, 314,231, 314,220

Polygon 314,263, 314,274, 303,274, 303,263
Polygon 281,263, 281,274, 270,274, 270,263
Polygon 248,263, 248,274, 237,274, 237,263
Polygon 215,263, 215,274, 204,274, 204,263
Polygon 171,263, 171,274, 182,274, 182,263


; правый торец
Line 23,207, 23,220, 149,220, 149,231, 138,231, 138,263, 149,263, 149,274, 23,274, 23,287

; левый выход
Line 473,287, 473,274, 336,274, 336,263, 430,263, 430,260, 435,260, 435,267, 460,267
Line 460,227, 435,227, 435,234, 430,234, 430,231, 336,231, 336,220, 473,220, 473,207, 23,207

; эскалатор 3 гор
PenColor 7F7F7F
Stairs 783,230, 783,264, 465,230
PenColor 000000
BrushColor 9B5509
Polygon 460,267, 789,267, 789,264, 460,264
Polygon 460,227, 789,227, 789,230, 460,230
Polygon 460,238, 460,243, 789,243, 789,238
Polygon 460,251, 460,256, 789,256, 789,251

;вестибюль
BrushColor D0D0D0
Line 935,301, 935,297, 765,297, 765,267
Line 765,227, 765,195, 897,195, 897,150, 893,150
Line 935,150, 935,265
Polygon 899,250, 899,262, 929,262, 929,250, 935,250, 935,265, 890,265, 890,250
Polygon 890,219, 897,219, 897,226, 890,226

;кассы
BrushColor -1
Line 899,250, 929,250
AngleTextOut 0, Arial, 10, 902, 249, кассы

; турникет
BrushColor -1
Line 791,243, 889,259, 0.5
Line 839,197, 845,197, 845,203, 839,203, 839,197
PenColor 009900
Stairs 839,207, 844,207, 839,248

;стрелки
Arrow 916,144, 916,169
Arrow 396,239, 373,239
PenColor FF0000
Arrow 920,280, 938,280
Arrow 373,258, 396,258

; названия улиц голубым
PenColor 00AFAF
AngleTextOut 90, Arial, 15, 963, 328, Политехнический переулок
AngleTextOut 0, Arial, 15, 856, 16, << зоопарк
AngleTextOut 0, Arial, 15, 842, 69, проспект Победы
