Size 980x600
Angle 15

;пути 
BrushColor 339933
Polygon 283,410, 283,440, 733,440, 733,410
Polygon 283,330, 283,300, 733,300, 733,330

BrushColor -1
PenColor 339933
AngleTextOut 0, Arial, 20, 285, 276, << Осокорки
AngleTextOut 0, Arial, 20, 603, 440, Харьковская >>
AngleTextOut 0, Arial, 25, 361, 350, Позняки, 1


; левый вестибюль
PenColor 000000
Line 106,493, 153,446, 153,440, 283,440
Line 283,385, 233,385
Stairs 235,335, 235,385, 281,335

PenColor 000000
Line 58,56, 221,56
Line 221,244, 153,244, 153,303, 233,303, 233,335, 283,335, 283,330
Line 90,477, 126,441, 126,244, 58,244
Line 58,223, 126,223, 126,77, 58,77
Line 221,77, 153,77, 153,223, 221,223
Stairs 60,77, 60,56, 106,77
Stairs 219,77, 219,56, 173,77
Stairs 219,244, 219,223, 173,244
Stairs 60,244, 60,223, 106,244
Stairs 91,476, 107,492, 123,444

BrushColor D0D0D0
Polygon 160,356, 153,356, 153,384, 160,384

; кассы
BrushColor -1
Line 233,306, 241,306, 241,332, 233,332
AngleTextOut -90, Arial, 10, 244, 307, кассы

; турникеты
BrushColor -1
Polygon 219,333, 215,331, 213,335, 217,337
Line 186,371, 184,374, 184,390, 0.5
Line 221,334, 231,334, 0.5
PenColor 009900
Stairs 188,371, 185,369, 215,339
PenColor FF0000
Stairs 182,436, 186,436, 182,389

; стрелки
PenColor FF0000
Arrow 164,409, 150,409
PenColor 009900
Arrow 152,329, 166,329

; правый вестибюль

PenColor 000000
Line 796,250, 864,250, 864,303, 784,303, 784,335, 733,335, 733,330
Line 890,619, 787,516
Line 733,440, 864,440, 864,507, 836,535, 802,501
Line 905,604, 852,551, 886,517, 886,229, 796,229
Line 733,410, 733,395
Line 283,410, 283,395
Stairs 781,335, 781,390, 735,335
Stairs 798,250, 798,229, 844,250
Stairs 803,502, 788,517, 835,534
Stairs 904,603, 889,618, 872,571

BrushColor D0D0D0
Polygon 857,356, 864,356, 864,384, 857,384

; кассы
BrushColor -1
Line 784,306, 776,306, 776,332, 784,332
AngleTextOut -90, Arial, 10, 787, 307, кассы

; турникеты
BrushColor -1
Polygon 798,333, 802,331, 804,335, 800,337
Line 831,371, 833,374, 833,390, 0.5
Line 796,334, 786,334, 0.5
PenColor 009900
Stairs 829,371, 832,369, 802,339
PenColor FF0000
Stairs 835,436, 831,436, 835,389

; стрелки
PenColor FF0000
Arrow 853,409, 867,409
PenColor 009900
Arrow 865,329, 851,329



; балкон и центральная лестница
Opaque 85
PenColor FFFFFF
BrushColor FFFFFF
Polygon 281,442, 281,395, 735,395, 735,442
Opaque 100

PenColor 000000
Line 463,352, 590,352
Line 463,383, 513,383
Line 463,388, 513,388, 513,395, 283,395
Line 590,388, 540,388, 540,395, 733,395
Line 279,440, 737,440
Stairs 588,388, 588,352, 542,388
Stairs 465,383, 465,352, 511,383

BrushColor D0D0D0
Polygon 733,395, 733,390, 784,390, 784,395
Polygon 283,395, 283,390, 233,390, 233,395

;названия улиц
BrushColor -1
PenColor 00AFAF
AngleTextOut 0, Arial, 15, 256, 141, проспект Николая Бажана
AngleTextOut -90, Arial, 15, 548, 17, проспект Петра Григоренко

PenColor 000000
AngleTextOut 0, Arial, 15, 462, 403, балкон
