Size 1060x550
Angle -12

;пути
BrushColor CC3333
Polygon 613,383, 1063,383, 1063,413, 613,413
Polygon 613,303, 1063,303, 1063,273, 613,273
PenColor CC3333
BrushColor -1
AngleTextOut 360, Arial, 25, 775, 324, Шулявская, 1
AngleTextOut 360, Arial, 20, 614, 249, << Берестейская
AngleTextOut 360, Arial, 20, 806, 413, Политехнический институт >>

;платформа
PenColor 000000
Line 1063,383, 1063,374, 911,374, 911,362, 931,362, 931,323, 911,323, 911,312, 1063,312, 1063,303, 613,303, 613,312, 757,312, 757,323, 683,323, 683,326, 664,326, 664,323, 644,323
Line 644,363, 664,363, 664,360, 683,360, 683,363, 757,363, 757,374, 613,374, 613,383, 1063,383

;пилоны
BrushColor D0D0D0
Polygon 779,374, 779,363, 790,363, 790,374
Polygon 812,374, 812,363, 823,363, 823,374
Polygon 845,374, 845,363, 856,363, 856,374
Polygon 878,374, 878,363, 889,363, 889,374

Polygon 779,323, 779,312, 790,312, 790,323
Polygon 812,323, 812,312, 823,312, 823,323
Polygon 845,323, 845,312, 856,312, 856,323
Polygon 878,323, 878,312, 889,312, 889,323

;эскалаторы нижние
PenColor 7F7F7F
Stairs 377,363, 377,326, 639,360
PenColor 000000
BrushColor 9B5509
Polygon 371,363, 644,363, 644,360, 371,360
Polygon 371,323, 644,323, 644,326, 371,326
Polygon 371,352, 371,347, 644,347, 644,352
Polygon 371,339, 371,334, 644,334, 644,339

;эскалаторы верхние
PenColor 7F7F7F
Stairs 232,301, 223,334, 130,273
PenColor 000000
BrushColor 9B5509
Polygon 227,338, 116,308, 117,305, 228,335
Polygon 237,299, 126,269, 125,272, 236,302
Polygon 230,327, 231,323, 120,293, 119,297
Polygon 233,314, 234,310, 123,280, 122,284

;промежуточный
BrushColor -1
Spline 284,353, 296,378, 320,395, 349,397, 374,385, 390,363
Spline 291,314, 316,292, 348,288, 374,300, 390,323
Line 284,353, 227,338
Line 291,314, 237,299

;вестибюль
;Ellipse 507,-58, 610,-161
;Ellipse 501,-52, 616,-167
;Ellipse 474,-25, 643,-194
Spline 51,309, 67,325, 90,333, 115,328, 134,313
Spline 44,291, 43,283, 44,273
Spline 46,312, 57,325, 73,335, 94,339, 113,336
Spline 88,367, 61,360, 38,346, 22,327, 12,303, 9,280
Spline 54,250, 70,237, 91,231, 116,236, 135,252, 144,274
Spline 39,292, 38,286, 38,280
Line 113,336, 122,361
Line 44,273, 39,273, 38,277, 9,277
Line 44,291, 39,292
Line 51,309, 46,312
Line 54,250, 36,250, 36,247, 16,247

;кассы
Line 38,290, 10,295
Line 9,280, 38,280
Line 44,282, 72,278, 119,295, 0.5
BrushColor -1
AngleTextOut 4, Arial, 10, 11, 280, кассы

;турникеты
Polygon 71,325, 70,319, 76,318, 77,324
PenColor 009900
Stairs 69,315, 75,314, 63,281

;стрелки
PenColor 009900
Arrow 103,375, 103,353
Arrow 299,349, 329,357, 355,357
Arrow 694,353, 723,353
PenColor FF0000
Arrow 20,262, -2,262
Arrow 354,331, 328,331, 302,324
Arrow 723,332, 694,332

;улицы
PenColor 00AFAF
AngleTextOut 90, Arial, 15, 211, 252, улица Александра Довженко
AngleTextOut 0, Arial, 15, 42, 414, проспект Победы
