Size 760x280
Angle -5

;пути
BrushColor 339933
Polygon 739,194, 739,224, 289,224, 289,194
Polygon 739,114, 739,84, 289,84, 289,114
PenColor 339933
BrushColor -1
AngleTextOut 0, Arial, 20, 290, 60, << Выдубичи
AngleTextOut 0, Arial, 20, 632, 224, Осокорки >>
AngleTextOut 0, Arial, 25, 444, 138, Славутич, 1

;платформа
PenColor 000000
Line 739,194, 739,179, 730,179, 730,129, 739,129, 739,114, 289,114, 289,129, 234,129
Line 209,178, 289,178, 289,194, 739,194

;вестибюль
Line 234,129, 234,97, 153,97, 153,32, 159,30
Line 209,178, 209,210, 159,210, 159,180, 153,180, 153,275, 159,277
BrushColor D0D0D0
Polygon 159,127, 159,150, 153,150, 153,127
Line 123,30, 129,32, 129,275, 123,277

Stairs 286,129, 286,178, 235,129

;турникеты
BrushColor -1
Line 191,130, 160,130, 0.5
Polygon 213,175, 211,171, 207,173, 209,177

PenColor 009900
Stairs 187,135, 192,132, 205,171
PenColor FF0000
Stairs 184,101, 190,101, 184,126


;кассы
PenColor 000000
Line 209,180, 219,180, 219,209, 209,209
AngleTextOut 90, Arial, 10, 207, 207, кассы


;колонны
PenColor 000000
BrushColor D0D0D0
Polygon 715,129, 715,136, 708,136, 708,129
Polygon 688,129, 688,136, 681,136, 681,129
Polygon 661,129, 661,136, 654,136, 654,129
Polygon 634,129, 634,136, 627,136, 627,129
Polygon 607,129, 607,136, 600,136, 600,129
Polygon 580,129, 580,136, 573,136, 573,129
Polygon 553,129, 553,136, 546,136, 546,129
Polygon 526,129, 526,136, 519,136, 519,129
Polygon 499,129, 499,136, 492,136, 492,129
Polygon 472,129, 472,136, 465,136, 465,129
Polygon 445,129, 445,136, 438,136, 438,129
Polygon 418,129, 418,136, 411,136, 411,129
Polygon 391,129, 391,136, 384,136, 384,129
Polygon 364,129, 364,136, 357,136, 357,129
Polygon 337,129, 337,136, 330,136, 330,129
Polygon 310,129, 310,136, 303,136, 303,129

Polygon 715,172, 715,179, 708,179, 708,172
Polygon 688,172, 688,179, 681,179, 681,172
Polygon 661,172, 661,179, 654,179, 654,172
Polygon 634,172, 634,179, 627,179, 627,172
Polygon 607,172, 607,179, 600,179, 600,172
Polygon 580,172, 580,179, 573,179, 573,172
Polygon 553,172, 553,179, 546,179, 546,172
Polygon 526,172, 526,179, 519,179, 519,172
Polygon 499,172, 499,179, 492,179, 492,172
Polygon 472,172, 472,179, 465,179, 465,172
Polygon 445,172, 445,179, 438,179, 438,172
Polygon 418,172, 418,179, 411,179, 411,172
Polygon 391,172, 391,179, 384,179, 384,172
Polygon 364,172, 364,179, 357,179, 357,172
Polygon 337,172, 337,179, 330,179, 330,172
Polygon 310,172, 310,179, 303,179, 303,172

;стрелки
PenColor 009900
Arrow 152,165, 170,165
PenColor FF0000
Arrow 170,112, 152,112

;названия улиц
BrushColor -1
PenColor 00AFAF
AngleTextOut 5, Arial, 15, 31, 143, проспект
AngleTextOut 5, Arial, 15, 9, 157, Миколы Бажана
