Size 1360x530
Angle 5

;пути
BrushColor CC3333
Polygon 534,209, 534,179, 984,179, 984,209
Polygon 534,289, 534,319, 984,319, 984,289

BrushColor -1
PenColor CC3333
AngleTextOut 0, Arial, 20, 534, 155, << Житомирская
AngleTextOut 0, Arial, 20, 907, 319, Нивки >>
AngleTextOut 0, Arial, 25, 689, 230, Святошин, 1

; левый вестибюль

PenColor 000000
Line 534,209, 534,219, 484,219, 484,179, 385,179, 326,120, 265,120, 265,61
Line 247,61, 247,120, 204,120, 204,61
Line 187,61, 187,120, 84,61, 110,35
Line 100,25, 23,102
Line 33,112, 69,76, 110,100, 65,121
Line 70,132, 123,108, 160,130, 143,177
Line 155,181, 171,136, 187,145, 187,201
Line 204,201, 204,146, 247,146, 247,201
Line 308,201, 308,146, 265,146, 265,201
Line 321,201, 321,146, 385,210, 385,319, 484,319, 484,280, 534,280, 534,289
Stairs 486,280, 486,219, 532,280
Stairs 308,199, 321,199, 308,153
Stairs 247,199, 265,199, 247,153
Stairs 247,63, 265,63, 247,108
Stairs 204,63, 187,63, 204,108
Stairs 204,199, 187,199, 204,153
Stairs 155,180, 144,176, 170,138
Stairs 67,120, 72,131, 108,101
Stairs 34,111, 24,101, 66,79
Stairs 109,36, 99,26, 86,59

; правый вестибюль

PenColor 000000
Line 984,209, 984,219, 1033,219, 1033,179, 1146,179, 1146,280, 1179,280, 1179,230
Line 1197,230, 1197,298, 1164,298, 1164,530, 1214,530
Line 1214,549, 1096,549
Line 1096,530, 1146,530, 1146,319, 1033,319, 1033,280, 984,280, 984,289
Line 983,226, 1033,226
Stairs 1031,226, 1031,280, 986,226
Stairs 1179,232, 1197,232, 1179,278
Stairs 1212,530, 1212,549, 1166,530
Stairs 1098,530, 1098,549, 1144,530


PenColor 00AFAF
BrushColor -1
AngleTextOut 0, Arial, 15, 178, 394, пр. Победы
AngleTextOut 0, Arial, 15, 1261, 239, "А 13, 23, 90"
AngleTextOut 0, Arial, 15, 1261, 251, "Тр 7, 7к"
AngleTextOut 0, Arial, 15, 1246, 394, пр. Победы
AngleTextOut 0, Arial, 15, 1258, 523, "А 13, 23, 90"
AngleTextOut 0, Arial, 15, 1257, 535, "Тр 7, 7к"
AngleTextOut 0, Arial, 15, 158, 40, "А 40, 97"
AngleTextOut 0, Arial, 15, 116, 204, "А 13, 40, 90, 97"
AngleTextOut -90, Arial, 15, 273, -18, ж/д станция
AngleTextOut -90, Arial, 15, 260, -14, Святошин
AngleTextOut -90, Arial, 15, 273, 211, ж/д станция
AngleTextOut -90, Arial, 15, 257, 216, Святошин

PenColor FFD0D0
AngleTextOut -5, Arial, 100, 411, 202, ?, 1
AngleTextOut -5, Arial, 100, 1065, 196, ?, 1
