Size 1100x400

;пути
BrushColor 339933
Polygon 631,210, 631,180, 1081,180, 1081,210
Polygon 631,290, 631,320, 1081,320, 1081,290

BrushColor -1
PenColor 339933
AngleTextOut 0, Arial, 20, 631, 156, << тупик
AngleTextOut 0, Arial, 20, 955, 320, Дорогожичи >>
AngleTextOut 0, Arial, 25, 786, 236, Сырец, 1


; колонны

PenColor 000000
BrushColor D0D0D0
Polygon 715,221, 729,221, 729,236, 715,236
Polygon 750,221, 765,221, 765,236, 750,236
Polygon 786,221, 801,221, 801,236, 786,236
Polygon 822,221, 837,221, 837,236, 822,236
Polygon 858,221, 873,221, 873,236, 858,236
Polygon 894,221, 909,221, 909,236, 894,236
Polygon 930,221, 945,221, 945,236, 930,236

Polygon 715,264, 729,264, 729,279, 715,279
Polygon 750,264, 765,264, 765,279, 750,279
Polygon 786,264, 801,264, 801,279, 786,279
Polygon 822,264, 837,264, 837,279, 822,279
Polygon 858,264, 873,264, 873,279, 858,279
Polygon 894,264, 909,264, 909,279, 894,279
Polygon 930,264, 945,264, 945,279, 930,279

; правый торец

PenColor 000000
Line 1081,210, 1081,221, 966,221, 966,236, 978,236, 978,264, 966,264, 966,279, 1081,279, 1081,290

; левый вестибюль

PenColor 000000
Line 529,224, 529,220, 596,220, 596,236, 694,236, 694,221, 631,221, 631,210
Line 631,290, 631,279, 694,279, 694,264, 596,264, 596,281, 529,281, 529,277

;BrushColor FFFFFF
;Polygon 44,259, 179,180, 213,198, 213,358, 182,376, 44,296
;Ellipse 54,186, 238,370
PenColor 000000
Spline 58,251, 81,213, 119,190, 165,188
Spline 213,215, 217,219, 221,224
Spline 238,277, 232,311, 213,341
Spline 168,367, 121,367, 81,343, 58,305
Line 165,188, 179,180, 213,198, 213,215
Line 213,341, 213,358, 182,376, 168,367
Line 58,251, 44,259, 44,296, 58,305

; эскалатор 4 гор
PenColor 7F7F7F
Stairs 531,274, 531,227, 210,274
PenColor 000000
BrushColor 9B5509
Polygon 538,227, 205,227, 205,224, 538,224
Polygon 538,235, 538,240, 205,240, 205,235
Polygon 538,248, 538,253, 205,253, 205,248
Polygon 538,261, 538,266, 205,266, 205,261
Polygon 538,274, 205,274, 205,277, 538,277


; Названия улиц голубым
PenColor 00AFAF
BrushColor -1
AngleTextOut 10, Arial, 15, 11, 25, ул. Щусева
AngleTextOut 10, Arial, 15, 8, 59, '<< ж/д пл. "Сырец"'

PenColor FFD0D0
AngleTextOut 0, Arial, 100, 116, 225, ?, 1
