Size 600x830
Angle -50

;пути
BrushColor 333399
Polygon -105,337, -105,307, 345,307, 345,337
Polygon -105,417, -105,447, 345,447, 345,417
PenColor 333399
BrushColor -1
AngleTextOut 360, Arial, 20, -105, 283, << Петровка
AngleTextOut 0, Arial, 20, 122, 447, Контрактовая площадь >>
AngleTextOut 360, Arial, 25, 1, 358, Тараса Шевченко, 1

;платформа
PenColor 000000
Line -105,337, -105,347, -86,347, -86,354, -89,354, -89,400, -86,400, -86,407, -105,407, -105,417, 345,417, 345,407, 343,407, 343,400, 393,400
Line 425,354, 343,354, 343,347, 345,347, 345,337, -105,337

;южный вестибюль
Line 393,400, 393,435, 473,435, 473,480, 425,480
Line 425,354, 425,320, 462,320, 462,353, 467,353, 467,320, 473,320, 473,275, 425,275
BrushColor D0D0D0
Polygon 462,404, 462,384, 467,384, 467,404
Line 425,497, 545,497
Line 545,480, 497,480, 497,275, 545,275
Line 545,257, 425,257
Stairs 427,497, 427,480, 473,497
Stairs 543,497, 543,480, 497,497
Stairs 427,257, 427,275, 473,257
Stairs 543,257, 543,275, 497,257

Stairs 347,400, 347,354, 392,400

;турникеты
BrushColor -1
Line 430,396, 461,396, 0.5
Polygon 408,349, 408,354, 413,354, 413,349

PenColor 009900
Stairs 408,359, 413,356, 429,395

;кассы
PenColor 000000
Line 425,351, 416,351, 416,322, 425,322
AngleTextOut 90, Arial, 10, 414, 349, кассы


;колонны
PenColor 000000
BrushColor D0D0D0
Polygon -71,407, -71,400, -64,400, -64,407
Polygon -43,407, -43,400, -36,400, -36,407
Polygon -15,407, -15,400, -8,400, -8,407
Polygon 13,407, 13,400, 20,400, 20,407
Polygon 41,407, 41,400, 48,400, 48,407
Polygon 69,407, 69,400, 76,400, 76,407
Polygon 97,407, 97,400, 104,400, 104,407
Polygon 125,407, 125,400, 132,400, 132,407
Polygon 153,407, 153,400, 160,400, 160,407
Polygon 181,407, 181,400, 188,400, 188,407
Polygon 209,407, 209,400, 216,400, 216,407
Polygon 237,407, 237,400, 244,400, 244,407
Polygon 265,407, 265,400, 272,400, 272,407
Polygon 293,407, 293,400, 300,400, 300,407
Polygon 321,407, 321,400, 328,400, 328,407

Polygon -71,354, -71,347, -64,347, -64,354
Polygon -43,354, -43,347, -36,347, -36,354
Polygon -15,354, -15,347, -8,347, -8,354
Polygon 13,354, 13,347, 20,347, 20,354
Polygon 41,354, 41,347, 48,347, 48,354
Polygon 69,354, 69,347, 76,347, 76,354
Polygon 97,354, 97,347, 104,347, 104,354
Polygon 125,354, 125,347, 132,347, 132,354
Polygon 153,354, 153,347, 160,347, 160,354
Polygon 181,354, 181,347, 188,347, 188,354
Polygon 209,354, 209,347, 216,347, 216,354
Polygon 237,354, 237,347, 244,347, 244,354
Polygon 265,354, 265,347, 272,347, 272,354
Polygon 293,354, 293,347, 300,347, 300,354
Polygon 321,354, 321,347, 328,347, 328,354

;стрелки
PenColor 009900
Arrow 472,369, 456,369
PenColor FF0000
Arrow 456,419, 472,419

;названия улиц
BrushColor -1
PenColor 00AFAF
AngleTextOut 360, Arial, 15, 545, 370, Межигорская улица
AngleTextOut 90, Arial, 15, 688, 554, Еленовская улица
