Size 910x960
Angle 50

;пути
BrushColor 333399
Polygon 682,629, 682,659, 232,659, 232,629
Polygon 682,549, 682,519, 232,519, 232,549
PenColor 333399
BrushColor -1
AngleTextOut 0, Arial, 20, 569, 659, Ипподром >>
AngleTextOut 0, Arial, 20, 233, 497, << тупик
AngleTextOut 0, Arial, 25, 405, 575, Теремки, 1

;южный вестибюль

PenColor 000000
Line 232,549, 232,560, 234,560, 234,567, 179,567
Line 179,611, 234,611, 234,618, 232,618, 232,629
Line 179,567, 179,533, 98,533, 98,288, 153,288
Line 179,611, 179,646, 98,646, 98,669, 153,669
Line 19,288, 74,288, 74,669, 19,669
Stairs 231,567, 231,605, 181,567
Line 233,605, 181,605
Line 153,270, 19,270
Line 153,686, 19,686
Stairs 151,270, 151,288, 105,270
Stairs 21,270, 21,288, 67,270
Stairs 151,669, 151,686, 105,669
Stairs 21,669, 21,686, 67,669

BrushColor D0D0D0
Polygon 105,596, 105,582, 98,582, 98,596

; кассы
PenColor 000000
BrushColor FFFFFF
Polygon 187,562, 187,536, 179,536, 179,562
BrushColor -1
AngleTextOut -90, Arial, 10, 190, 537, кассы

; турникеты
BrushColor FFFFFF
Polygon 162,572, 157,569, 160,564, 165,567
Line 167,567, 179,567, 0.5
PenColor 009900
Stairs 159,575, 156,573, 141,603
PenColor FF0000
Stairs 141,605, 137,605, 141,644

;стрелки
PenColor FF0000
Arrow 112,620, 97,620
PenColor 009900
Arrow 97,556, 112,556

;северный вестибюль

PenColor 000000
Line 682,629, 682,618, 680,618, 680,611, 735,611
Line 735,567, 680,567, 680,560, 682,560, 682,549
Line 895,288, 840,288, 840,669, 895,669
Line 735,567, 735,533, 816,533, 816,288, 761,288
Line 735,611, 735,646, 816,646, 816,669, 761,669
Stairs 683,567, 683,605, 733,567
Line 681,605, 733,605
Line 895,270, 761,270
Line 895,687, 761,687
Stairs 893,270, 893,288, 847,270
Stairs 763,270, 763,288, 809,270
Stairs 893,687, 893,669, 847,687
Stairs 763,687, 763,669, 809,687

BrushColor D0D0D0
Polygon 809,582, 809,596, 816,596, 816,582

; кассы
PenColor 000000
BrushColor FFFFFF
Polygon 727,616, 727,642, 735,642, 735,616
BrushColor -1
AngleTextOut -90, Arial, 10, 738, 617, кассы

; турникеты
BrushColor FFFFFF
Polygon 752,606, 757,609, 754,614, 749,611
Line 747,611, 735,611, 0.5
PenColor 009900
Stairs 755,603, 758,605, 773,575
PenColor FF0000
Stairs 773,573, 777,573, 773,534

;стрелки
PenColor FF0000
Arrow 802,558, 817,558
PenColor 009900
Arrow 817,622, 802,622

;названия улиц
BrushColor -1
PenColor 00AFAF
AngleTextOut 0, Arial, 15, 328, 405, проспект Академика Глушкова
