Size 1070x960
Angle 20
; пути
BrushColor CC3333
Polygon 411,653, -39,653, -39,623, 411,623
Polygon 411,733, -39,733, -39,763, 411,763
PenColor CC3333
BrushColor -1
AngleTextOut 0, Arial, 20, 276, 763, Театральная >>
AngleTextOut 0, Arial, 20, -39, 601, << Вокзальная
AngleTextOut 0, Arial, 25, 162, 675, Университет, 1

; пилоны
PenColor 000000
BrushColor D0D0D0
Polygon 195,664, 195,675, 206,675, 206,664
Polygon 228,664, 228,675, 239,675, 239,664
Polygon 262,664, 262,675, 273,675, 273,664
Polygon 295,664, 295,675, 306,675, 306,664

Polygon 306,711, 306,722, 295,722, 295,711
Polygon 273,711, 273,722, 262,722, 262,711
Polygon 239,711, 239,722, 228,722, 228,711
Polygon 206,711, 206,722, 195,722, 195,711

; правый торец
Line -39,653, -39,664, 172,664, 172,675, 152,675, 152,711, 172,711, 172,722, -39,722, -39,733

; левый выход
Line 411,733, 411,722, 328,722, 328,711, 355,711, 355,708, 359,708, 359,713, 392,713
Line 392,673, 359,673, 359,678, 355,678, 355,675, 328,675, 328,664, 411,664, 411,653, -39,653

; эскалатор 3 гор
PenColor 7F7F7F
Stairs 682,673, 682,710, 398,676
PenColor 000000
BrushColor 9B5509
Polygon 392,713, 689,713, 689,710, 392,710
Polygon 392,673, 689,673, 689,676, 392,676
Polygon 392,684, 392,689, 689,689, 689,684
Polygon 392,697, 392,702, 689,702, 689,697

; эскалатор 3 гор
PenColor 7F7F7F
Stairs 913,462, 939,486, 805,579
PenColor 000000
BrushColor 9B5509
Polygon 799,581, 801,583, 918,458, 916,456
Polygon 829,608, 946,483, 944,481, 827,606
Polygon 924,463, 928,467, 811,592, 807,588
Polygon 934,472, 938,476, 821,601, 817,597

; 1-й круг
PenColor 000000
Spline 743,632, 697,637, 668,673
Spline 671,713, 697,742, 735,748, 767,732, 784,701, 781,668
Line 743,632, 774,599, 777,602, 780,599, 777,596, 802,569, 806,573
Line 781,668, 812,635, 808,631, 811,628, 815,632, 841,604, 837,600
BrushColor D0D0D0
Polygon 759,645, 774,629, 782,636, 767,652

; 2-й круг
PenColor 000000
Spline 980,372, 938,374, 908,397, 893,433, 901,472
Spline 929,501, 970,510, 1010,492, 1031,456, 1029,415
Line 926,465, 957,436, 0.5
Line 916,456, 927,410, 0.5

; турникет
BrushColor -1
Polygon 931,405, 935,409, 931,413, 927,409, 931,405

PenColor 009900
Stairs 934,416, 938,412, 955,437

стрелки
Arrow 1003,370, 984,390
Arrow 727,665, 713,680, 701,680
Arrow 349,685, 331,685

PenColor FF0000
Arrow 1009,412, 1027,393
Arrow 704,706, 732,706, 756,680
Arrow 331,700, 349,700

; кассы
BrushColor -1
PenColor 000000
AngleTextOut 38, Arial, 10, 907, 380, кассы
Spline 935,364, 918,373, 904,386
Line 939,374, 935,364
Line 904,386, 912,393

; названия улиц голубым
PenColor 00AFAF
AngleTextOut -43, Arial, 15, 999, 273, бульвар Тараса Шевченко
AngleTextOut 47, Arial, 15, 1001, 238, улица Пирогова
AngleTextOut -43, Arial, 15, 623, 520, Ботанический сад
