Size 980x500
Angle 14

;пути 
BrushColor 333399
Polygon 253,295, 253,325, 703,325, 703,295
Polygon 253,215, 253,185, 703,185, 703,215
BrushColor -1
PenColor 333399
AngleTextOut 0, Arial, 25, 373, 237, Васильковская, 1
AngleTextOut 0, Arial, 20, 253, 162, << Выставочный центр
AngleTextOut 0, Arial, 20, 556, 325, Голосеевская >>

;восточный вестибюль
PenColor 000000
BrushColor D0D0D0
Line 703,295, 703,286, 724,286, 724,325, 799,325, 799,394, 947,394
Line 703,215, 703,224, 724,224, 724,185, 799,185, 799,104, 730,104
Polygon 792,288, 792,222, 799,222, 799,288
Line 703,286, 655,286
Line 703,224, 655,224
Line 703,263, 655,263
Line 703,247, 655,247
Stairs 701,286, 701,263, 655,286
Stairs 701,224, 701,247, 655,224
Line 730,85, 819,85, 819,375, 947,375
Stairs 945,394, 945,375, 899,394
Stairs 732,104, 732,85, 778,104

;турникеты
BrushColor -1
Polygon 768,234, 763,231, 766,226, 771,229
PenColor 009900
Stairs 761,235, 766,238, 735,277
PenColor FF0000
Stairs 758,189, 764,189, 758,222

;кассы
PenColor 000000
Line 771,224, 758,224, 0.5
Line 738,278, 724,290, 0.5
Line 724,322, 712,322, 712,290, 724,290
AngleTextOut 270, Arial, 10, 725, 293, кассы



;западный вестибюль
PenColor 000000
BrushColor D0D0D0
Line 253,295, 253,286, 232,286, 232,325, 157,325, 157,392, 66,392
Line 253,215, 253,224, 232,224, 232,185, 154,185, 154,126, 29,126
Polygon 164,288, 164,222, 157,222, 157,288
Line 253,286, 301,286
Line 253,224, 301,224
Line 253,263, 301,263
Line 253,247, 301,247
Stairs 255,286, 255,263, 301,286
Stairs 255,224, 255,247, 301,224
Line 66,373, 137,373, 137,141, 29,141
Line 137,385, 150,385, 150,359
Stairs 68,392, 68,373, 114,392
Stairs 137,372, 150,372, 137,359
Stairs 31,141, 31,126, 77,141

;турникеты
BrushColor -1
Polygon 189,233, 194,230, 191,225, 186,228
PenColor 009900
Stairs 191,237, 196,234, 216,279
PenColor FF0000
Stairs 193,189, 198,189, 193,222

;кассы
PenColor 000000
Line 186,224, 199,224, 0.5
Line 219,278, 232,286, 0.5
Line 232,322, 244,322, 244,290, 232,290
AngleTextOut 270, Arial, 10, 245, 293, кассы


;лифты восточный вестибюль
PenColor 000000
BrushColor D0EFFF
Polygon 671,247, 687,247, 687,263, 671,263
Polygon 783,132, 799,132, 799,116, 783,116
Polygon 859,375, 875,375, 875,359, 859,359
BrushColor -1
AngleTextOut 0, Arial, 6.5, 672, 251, лифт
AngleTextOut 0, Arial, 6.5, 784, 120, лифт
AngleTextOut 0, Arial, 6.5, 860, 363, лифт

;лифты западный вестибюль
PenColor 000000
BrushColor D0EFFF
Polygon 269,247, 285,247, 285,263, 269,263
BrushColor -1
AngleTextOut 0, Arial, 6.5, 270, 251, лифт

;стрелки
PenColor 009900
Arrow 802,303, 783,303
Arrow 155,307, 174,307
PenColor FF0000
Arrow 783,204, 802,204
Arrow 173,204, 154,204

;названия улиц
BrushColor -1
PenColor 00AFAF
AngleTextOut 0, Arial, 15, 10, 238, Васильковская
AngleTextOut 0, Arial, 15, 46, 255, улица
AngleTextOut 0, Arial, 15, 842, 237, Васильковская
AngleTextOut 0, Arial, 15, 877, 255, улица

