Size 940x730
Angle -45

;пути
BrushColor CC3333
Polygon 513,330, 963,330, 963,360, 513,360
Polygon 513,250, 963,250, 963,220, 513,220
PenColor CC3333
BrushColor -1
AngleTextOut 360, Arial, 25, 599, 273, Вокзальная, 1
AngleTextOut 360, Arial, 20, 514, 196, << Политехнический институт
AngleTextOut 360, Arial, 20, 832, 360, Университет >>

;платформа
PenColor 000000
Line 963,330, 963,318, 743,318, 743,307, 757,307, 757,273, 744,273, 744,262, 963,262, 963,250
Line 513,250, 513,262, 590,262, 590,273, 561,273, 561,277, 553,277, 553,270, 525,270
Line 525,310, 553,310, 553,303, 561,303, 561,307, 590,307, 590,318, 513,318, 513,330

;пилоны
BrushColor D0D0D0
Polygon 711,318, 711,307, 722,307, 722,318
Polygon 678,318, 678,307, 689,307, 689,318
Polygon 645,318, 645,307, 656,307, 656,318
Polygon 612,318, 612,307, 623,307, 623,318

Polygon 612,273, 612,262, 623,262, 623,273
Polygon 645,273, 645,262, 656,262, 656,273
Polygon 678,273, 678,262, 689,262, 689,273
Polygon 711,273, 711,262, 722,262, 722,273


;эскалаторы
PenColor 7F7F7F
Stairs 248,307, 248,273, 521,307
PenColor 000000
BrushColor 9B5509
Polygon 242,310, 525,310, 525,307, 242,307
Polygon 242,270, 525,270, 525,273, 242,273
Polygon 242,299, 242,294, 525,294, 525,299
Polygon 242,286, 242,281, 525,281, 525,286

;вестибюль
BrushColor -1
Spline 158,361, 192,368, 224,361, 250,342, 268,310
Spline 212,214, 232,222, 247,234, 259,249, 268,270
Line 183,211, 183,206, 195,170, 189,168, 202,130, 315,169, 312,178, 344,189
Line 212,214, 212,208, 222,179, 335,218
Spline 183,211, 156,219, 135,235, 121,254, 114,277, 113,295, 117,315, 125,331, 136,346
Line 136,346, 123,381, 117,379, 104,417, 216,456, 218,450, 250,461
Line 158,361, 148,390, 229,418, 228,421, 260,432

;кассы
Line 263,151, 266,142, 301,154, 298,163
Line 242,283, 194,285, 121,259, 0.5
BrushColor -1
AngleTextOut -19, Arial, 10, 273, 142, кассы

;турникеты
Polygon 225,227, 221,221, 215,225, 219,231
PenColor 009900
Stairs 211,229, 214,233, 153,268

;стрелки
PenColor 009900
Arrow 347,206, 318,196
Arrow 566,282, 585,282
PenColor FF0000
Arrow 233,439, 262,449
Arrow 585,297, 566,297

;улицы
PenColor 00AFAF
AngleTextOut 71, Arial, 15, 95, 638, Пригородный вокзал
AngleTextOut -19, Arial, 15, 428, 630, Центральный вокзал >>
AngleTextOut -19, Arial, 15, 365, 50, Вокзальная площадь >>
