Size 1190x1050
Angle -40

;пути
BrushColor 339933
Polygon 218,526, 218,496, 668,496, 668,526
Polygon 218,606, 218,636, 668,636, 668,606
PenColor 339933
BrushColor -1
AngleTextOut 360, Arial, 20, 218, 472, << Дружбы народов
AngleTextOut 360, Arial, 20, 564, 636, Славутич >>
AngleTextOut 360, Arial, 25, 375, 547, Выдубичи, 1

;платформа
PenColor 000000
Line 218,526, 218,534, 220,534, 220,541, 143,541
Line 168,590, 220,590, 220,597, 218,597, 218,606
Line 668,606, 668,597, 666,597, 666,590, 717,590
Line 742,541, 666,541, 666,534, 668,534, 668,526

;восточный вестибюль
BrushColor D0D0D0
Line 717,590, 717,622, 798,622, 798,774, 816,862, 999,856, 999,781
Line 742,541, 742,509, 792,509, 792,539, 798,539, 798,509, 798,468, 636,468, 624,435, 663,389
Stairs 669,590, 669,541, 715,590
Polygon 792,592, 792,569, 798,569, 798,592
Line 976,781, 976,833, 835,838, 822,769, 822,468, 976,381, 976,437
Line 680,403, 649,439, 651,445, 817,445, 1060,306, 1060,256
Line 996,437, 996,370, 1080,322, 1080,256
Stairs 634,424, 650,438, 663,389
Stairs 976,435, 996,435, 976,389
Stairs 1060,302, 1080,302, 1060,256
Stairs 976,827, 999,827, 976,781

;турникеты
BrushColor -1
Line 760,590, 792,590, 0.5
Polygon 738,544, 740,548, 744,546, 742,542

PenColor 009900
Stairs 741,551, 746,548, 758,588
PenColor FF0000
Stairs 761,594, 767,594, 761,619

;кассы
PenColor 000000
Line 742,539, 732,539, 732,510, 742,510
AngleTextOut 90, Arial, 10, 730, 537, кассы


;западный вестибюль
PenColor 000000

BrushColor D0D0D0
Line 168,590, 168,622, 67,622, 67,459
Line 143,541, 143,509, 93,509, 93,539, 87,539, 87,459
Stairs 216,590, 216,541, 170,590
Polygon 93,592, 93,569, 87,569, 87,592
Stairs 67,461, 87,461, 67,507

;турникеты
BrushColor -1
Line 93,590, 125,590, 0.5
Polygon 141,546, 145,548, 147,544, 143,542

PenColor 009900
Stairs 138,549, 143,552, 120,585
PenColor FF0000
Stairs 118,594, 124,594, 118,619

;кассы
PenColor 000000
BrushColor -1
Line 143,539, 153,539, 153,510, 143,510
AngleTextOut 90, Arial, 10, 141, 537, кассы

;колонны
PenColor 000000
BrushColor D0D0D0
Polygon 238,597, 238,590, 245,590, 245,597
Polygon 265,597, 265,590, 272,590, 272,597
Polygon 292,597, 292,590, 299,590, 299,597
Polygon 319,597, 319,590, 326,590, 326,597
Polygon 346,597, 346,590, 353,590, 353,597
Polygon 373,597, 373,590, 380,590, 380,597
Polygon 400,597, 400,590, 407,590, 407,597
Polygon 427,597, 427,590, 434,590, 434,597
Polygon 454,597, 454,590, 461,590, 461,597
Polygon 481,597, 481,590, 488,590, 488,597
Polygon 508,597, 508,590, 515,590, 515,597
Polygon 535,597, 535,590, 542,590, 542,597
Polygon 562,597, 562,590, 569,590, 569,597
Polygon 589,597, 589,590, 596,590, 596,597
Polygon 616,597, 616,590, 623,590, 623,597
Polygon 643,597, 643,590, 650,590, 650,597

Polygon 238,541, 238,534, 245,534, 245,541
Polygon 265,541, 265,534, 272,534, 272,541
Polygon 292,541, 292,534, 299,534, 299,541
Polygon 319,541, 319,534, 326,534, 326,541
Polygon 346,541, 346,534, 353,534, 353,541
Polygon 373,541, 373,534, 380,534, 380,541
Polygon 400,541, 400,534, 407,534, 407,541
Polygon 427,541, 427,534, 434,534, 434,541
Polygon 454,541, 454,534, 461,534, 461,541
Polygon 481,541, 481,534, 488,534, 488,541
Polygon 508,541, 508,534, 515,534, 515,541
Polygon 535,541, 535,534, 542,534, 542,541
Polygon 562,541, 562,534, 569,534, 569,541
Polygon 589,541, 589,534, 596,534, 596,541
Polygon 616,541, 616,534, 623,534, 623,541
Polygon 643,541, 643,534, 650,534, 650,541

;стрелки
PenColor 009900
Arrow 799,554, 781,554
Arrow 86,554, 104,554
PenColor FF0000
Arrow 781,607, 799,607
Arrow 104,607, 86,607

;названия улиц
BrushColor -1
PenColor 00AFAF
AngleTextOut 50, Arial, 15, -160, 523, 'ж/д платформа "Выдубичи"'
AngleTextOut 90, Arial, 15, 889, 669, Надднепрянское шоссе
AngleTextOut 90, Arial, 15, 889, 329, Надднепрянское шоссе
AngleTextOut 90, Arial, 15, 1011, 288, Камышинская улица
