Size 500x860
Angle 70

; перекресток
PenColor F5F5F5
BrushColor F5F5F5
Polygon -183,497, 732,496, 739,516, -175,517
Polygon -175,517, -216,405, 121,743, 70,762

;пути
PenColor 000000
BrushColor 333399
Polygon 645,404, 645,434, 195,434, 195,404
Polygon 645,324, 645,294, 195,294, 195,324
PenColor 333399
BrushColor -1
AngleTextOut 0, Arial, 20, 489, 268, Васильковская >>
AngleTextOut 0, Arial, 20, 195, 434, << Ипподром
AngleTextOut 0, Arial, 25, 293, 344, Выставочный центр, 1

; оборотные стрелки

PenColor FFFFFF
Line 278,427, 312,427
Spline 312,427, 318,423, 318,415, 312,411
Arrow 312,411, 278,411
Line 565,302, 531,302
Spline 531,302, 525,306, 525,314, 531,318
Arrow 531,318, 565,318



;северный торец

PenColor 000000
;Line 817,474, 817,486, 767,486, 767,494, 817,494
;Line 817,534, 767,534, 767,542, 817,542, 817,554
Line 645,335, 595,335
Line 645,393, 595,393
Line 645,324, 645,404
Stairs 643,335, 643,361, 597,335
Stairs 643,393, 643,367, 597,393

BrushColor D0D0D0
Polygon 595,367, 595,361, 645,361, 645,367

;южный вестибюль

PenColor 000000
Line 195,324, 195,335, 241,335, 241,340, 186,340, 186,294, 101,294, 101,255, 175,255
Line 151,467, 101,467, 101,434, 186,434, 186,388, 241,388, 241,393, 195,393, 195,404
Line 175,238, 84,238, 84,294, 71,294, 71,323, 84,323, 84,484, 151,484
Stairs 239,340, 239,388, 217,340
Stairs 209,340, 209,388, 188,340
Stairs 173,255, 173,238, 127,255
Stairs 149,467, 149,484, 103,467

; подземный переход
Line 105,680, 58,633, -15,706, -81,706
Line -81,724, -15,724, 23,762
Line 35,750, 0,715, 58,657, 93,692
Stairs 34,749, 22,761, 1,716
Stairs 92,691, 104,679, 60,659
Stairs -79,724, -79,706, -33,724

PenColor D0D0D0
Line 101,490, 101,614, 73,642
Line 84,490, 84,607, 61,630

;названия улиц
BrushColor -1
PenColor 00AFAF
AngleTextOut -45, Arial, 15, -120, 518, проспект Академика Глушкова
AngleTextOut 0, Arial, 15, 118, 497, Васильковская улица

PenColor D0D0D0
AngleTextOut -90, Arial, 15, 103, 533, (строится)

PenColor FF0000
Line 588,335, 592,393
Line 592,335, 588,393

; ?
PenColor FFD0D0
AngleTextOut -70, Arial, 100, 178, 327, ?, 1
