Size 920x800
Angle 5

; перекресток
PenColor F5F5F5
BrushColor F5F5F5
;PenColor 000000
Polygon 195,425, 195,-25, 176,-27, 176,425, -4,425, -12,513, 79,513, 79,768, 104,770, 104,513, 911,513, 919,425

;пути
PenColor 000000
BrushColor CC3333
Polygon 288,245, 288,215, 738,215, 738,245
Polygon 288,325, 288,355, 738,355, 738,325

BrushColor -1
PenColor CC3333
AngleTextOut 0, Arial, 20, 288, 192, << Академгородок
AngleTextOut 0, Arial, 20, 622, 355, Святошин >>
AngleTextOut 0, Arial, 25, 428, 266, Житомирская, 1

; левый вестибюль

PenColor 000000
Line 288,245, 288,255, 238,255, 238,215, 136,215, 136,202, 238,202, 238,99
Line 218,99, 218,149, 161,92, 80,173, 109,202, 109,378, 59,378
Line 59,398, 109,398, 109,536, 7,536
Line 7,557, 186,557
Line 234,398, 136,398, 136,536, 186,536
Line 234,377, 136,377, 136,355, 238,355, 238,316, 288,316, 288,325
Stairs 240,316, 240,255, 286,316
Stairs 61,398, 61,378, 107,398
Stairs 232,377, 232,398, 186,377
Stairs 9,536, 9,557, 55,536
Stairs 184,536, 184,557, 138,536
Stairs 218,101, 238,101, 218,147

BrushColor D0D0D0
Polygon 136,259, 136,311, 150,311, 150,259

; кассы
PenColor 000000
BrushColor FFFFFF
Polygon 142,272, 142,298, 150,298, 150,272
BrushColor -1
AngleTextOut 270, Arial, 10, 153, 273, кассы

; турникеты
BrushColor FFFFFF
Polygon 170,305, 176,305, 176,311, 170,311
Line 175,315, 194,315, 234,355, 0.5
Line 174,259, 161,259, 0.5
PenColor 009900
Stairs 171,301, 175,301, 171,260
PenColor FF0000
Stairs 161,255, 165,255, 161,216

;стрелки
PenColor FF0000
Arrow 149,237, 134,237
PenColor 009900
Arrow 134,332, 149,332


; правый вестибюль

PenColor 000000
Line 738,245, 738,255, 787,255, 787,215, 855,215, 855,193, 805,193
Line 805,174, 931,174
Line 931,193, 881,193, 881,215, 900,215, 900,355, 787,355, 787,316, 738,316, 738,325
Stairs 785,255, 785,316, 740,255
Stairs 929,193, 929,174, 883,193
Stairs 807,193, 807,174, 853,193

BrushColor D0D0D0
Polygon 855,311, 855,259, 841,259, 841,311

PenColor 000000
BrushColor FFFFFF
Polygon 849,298, 849,272, 841,272, 841,298
BrushColor -1
AngleTextOut 90, Arial, 10, 838, 297, кассы

; турникеты
BrushColor FFFFFF
Polygon 821,264, 815,264, 815,258, 821,258
Line 817,255, 787,255, 0.5
Line 817,311, 830,311, 0.5
PenColor 009900
Stairs 820,269, 816,269, 820,311
PenColor FF0000
Stairs 830,315, 826,315, 830,354

;стрелки
PenColor FF0000
Arrow 842,333, 857,333
PenColor 009900
Arrow 857,238, 842,238


; Названия улиц голубым
PenColor 00AFAF
BrushColor -1
AngleTextOut 0, Arial, 15, 396, 459, проспект Победы
AngleTextOut -90, Arial, 15, 98, 565, улица Фёдора Кричевского
AngleTextOut -90, Arial, 15, 196, -8, улица Семашко
