Size 1200x1290
Angle 11
;ЗВорота - платформа
Line 364,433, 364,459, 356,459, 356,441, 343,441, 343,892, 352,892, 352,879, 357,879, 357,923
Line 404,433, 404,459, 411,459, 411,441, 424,441, 424,892, 415,892, 415,879, 410,879, 410,923

;пути Театральной
BrushColor CC3333
Polygon 594,1083, 594,1053, 143,1053, 143,1083
Polygon 143,1163, 143,1194, 594,1194, 594,1163

;пути ЗВорот
BrushColor 339933
Polygon 343,441, 314,441, 314,892, 343,892
Polygon 424,441, 454,441, 454,892, 424,892

;Театральная - платформа
Line 609,1097, 579,1097, 579,1091, 594,1091, 594,1083
Line 143,1083, 143,1091, 163,1091, 163,1104, 155,1104, 155,1142, 163,1142, 163,1155, 143,1155, 143,1163, 594,1163, 594,1155, 579,1155, 579,1150, 609,1150

Opaque 80
PenColor FFFFFF
BrushColor FFFFFF
Polygon 294,1086, 295,1050, 313,1050, 314,1086
Polygon 347,1086, 346,1050, 328,1050, 327,1086
Polygon 413,1086, 412,1050, 394,1050, 393,1086
Polygon 446,1086, 445,1050, 427,1050, 426,1086
Opaque 100

;переход
Line 384,998, 384,969, 0.5
Line 410,969, 410,995, 446,995, 446,1091
Line 426,1091, 426,1017, 413,1017, 413,1091
Line 393,1091, 393,998, 379,998, 379,1024, 347,1051, 347,1091
Line 327,1091, 327,1042, 358,1016, 358,1013, 355,1013, 314,1047, 314,1091
Line 294,1091, 294,1038, 336,1003, 336,995, 357,995, 357,969
Stairs 327,1101, 347,1101, 327,1068
Stairs 294,1101, 314,1101, 294,1068
Stairs 393,1101, 413,1101, 393,1068
Stairs 426,1101, 446,1101, 426,1068


;пилоны
BrushColor D0D0D0
Polygon 347,1104, 347,1091, 360,1091, 360,1104
Polygon 380,1104, 380,1091, 393,1091, 393,1104
Polygon 413,1104, 413,1091, 426,1091, 426,1104
Polygon 314,1104, 314,1091, 327,1091, 327,1104
Polygon 446,1104, 446,1091, 459,1091, 459,1104
Polygon 281,1104, 281,1091, 294,1091, 294,1104
Polygon 479,1104, 479,1091, 492,1091, 492,1104
Polygon 248,1104, 248,1091, 261,1091, 261,1104
Polygon 512,1104, 512,1091, 525,1091, 525,1104
Polygon 215,1104, 215,1091, 228,1091, 228,1104
Polygon 545,1104, 545,1091, 558,1091, 558,1104
Polygon 182,1104, 182,1091, 195,1091, 195,1104

Polygon 347,1155, 347,1142, 360,1142, 360,1155
Polygon 380,1155, 380,1142, 393,1142, 393,1155
Polygon 413,1155, 413,1142, 426,1142, 426,1155
Polygon 314,1155, 314,1142, 327,1142, 327,1155
Polygon 446,1155, 446,1142, 459,1142, 459,1155
Polygon 281,1155, 281,1142, 294,1142, 294,1155
Polygon 479,1155, 479,1142, 492,1142, 492,1155
Polygon 248,1155, 248,1142, 261,1142, 261,1155
Polygon 512,1155, 512,1142, 525,1142, 525,1155
Polygon 215,1155, 215,1142, 228,1142, 228,1155
Polygon 545,1155, 545,1142, 558,1142, 558,1155
Polygon 182,1155, 182,1142, 195,1142, 195,1155

;колонны
Ellipse 411,484, 404,477
Ellipse 404,499, 411,506
Ellipse 404,521, 411,528
Ellipse 404,543, 411,550
Ellipse 404,565, 411,572
Ellipse 404,587, 411,594
Ellipse 404,609, 411,616
Ellipse 404,631, 411,638
Ellipse 404,653, 411,660
Ellipse 404,675, 411,682
Ellipse 404,697, 411,704
Ellipse 404,719, 411,726
Ellipse 404,741, 411,748
Ellipse 404,763, 411,770
Ellipse 404,785, 411,792
Ellipse 404,807, 411,814
Ellipse 404,829, 411,836
Ellipse 404,851, 411,858

Ellipse 356,484, 363,477
Ellipse 363,499, 356,506
Ellipse 363,521, 356,528
Ellipse 363,543, 356,550
Ellipse 363,565, 356,572
Ellipse 363,587, 356,594
Ellipse 363,609, 356,616
Ellipse 363,631, 356,638
Ellipse 363,653, 356,660
Ellipse 363,675, 356,682
Ellipse 363,697, 356,704
Ellipse 363,719, 356,726
Ellipse 363,741, 356,748
Ellipse 363,763, 356,770
Ellipse 363,785, 356,792
Ellipse 363,807, 356,814
Ellipse 363,829, 356,836
Ellipse 363,851, 356,858


;эскалаторы
PenColor 7F7F7F
Stairs 366,274, 403,274, 365,432
Stairs 360,926, 407,926, 360,967
Stairs 613,1147, 613,1100, 810,1147
Stairs 286,130, 261,155, 359,202
PenColor 000000
BrushColor 9B5509
Polygon 357,923, 360,923, 360,969, 357,969
Polygon 410,923, 407,923, 407,969, 410,969
Polygon 386,969, 386,923, 381,923, 381,969
Polygon 368,923, 373,923, 373,969, 368,969
Polygon 394,923, 399,923, 399,969, 394,969

Polygon 609,1097, 815,1097, 815,1100, 609,1100
Polygon 609,1150, 815,1150, 815,1147, 609,1147
Polygon 609,1108, 815,1108, 815,1113, 609,1113
Polygon 609,1121, 815,1121, 815,1126, 609,1126
Polygon 609,1134, 815,1134, 815,1139, 609,1139

Polygon 364,433, 364,271, 367,271, 367,433
Polygon 404,433, 404,271, 401,271, 401,433
Polygon 375,433, 375,271, 380,271, 380,433
Polygon 388,433, 388,271, 393,271, 393,433

Polygon 361,202, 285,126, 283,128, 359,204
Polygon 333,230, 257,154, 259,152, 335,228
Polygon 277,134, 353,210, 350,213, 274,137
Polygon 268,143, 344,219, 341,222, 265,146


;вестибюль Театральной
PenColor 000000
Line 878,1091, 798,1091, 798,1097
Line 798,1150, 798,1156, 864,1156, 875,1165, 965,1206, 1002,1123, 1061,1149
Line 1070,1129, 1027,1110, 1057,1041, 1100,1060
Line 1109,1040, 872,934
Line 863,954, 903,972, 873,1040, 835,1023
Line 826,1043, 882,1068, 901,1026, 915,1032, 898,1071, 901,1079, 878,1091
Line 947,1198, 943,1207, 916,1195, 920,1186
BrushColor D0D0D0
Polygon 914,1096, 978,1124, 976,1129, 912,1101, 891,1147, 888,1146, 886,1144, 886,1110
Stairs 874,935, 865,955, 912,952
Stairs 837,1024, 828,1044, 873,1040
Stairs 931,961, 902,1026, 943,966
Stairs 1068,1128, 1059,1148, 1027,1110
Stairs 1107,1039, 1098,1059, 1066,1021

BrushColor -1
AngleTextOut -24, Arial, 10, 923, 1186, кассы
Line 907,1113, 923,1134, 0.5

;турникеты Театральной
Polygon 911,1180, 912,1174, 918,1175, 917,1181
PenColor 009900
Stairs 913,1170, 919,1171, 920,1133
PenColor FF0000
Stairs 874,1096, 879,1093, 883,1110

;промежуточный ЗВорот
PenColor 000000
Spline 352,249, 353,268, 364,284
Spline 404,283, 413,271, 416,257, 412,242, 401,230, 384,225
Line 384,225, 361,202
Line 352,249, 333,230

Opaque 80
PenColor FFFFFF
BrushColor FFFFFF
Polygon 273,174, 288,173, 295,169, 300,164, 304,157, 305,142, 336,174, 333,181, 327,188, 320,195, 310,201, 302,204
Opaque 100

;вестибюль ЗВорот
Spline 274,173, 291,171, 302,160, 304,143
Spline 232,122, 226,146, 229,167, 237,183, 252,197, 269,205, 286,207, 303,204, 319,196, 330,185, 335,177
Line 335,177, 337,173, 390,196
Line 397,180, 344,156, 348,147, 401,171
Line 408,155, 355,131, 377,82, 319,56, 341,6
Line 232,122, 293,-15
Line 309,-8, 287,42, 303,49, 325,-1
Stairs 285,3, 301,10, 276,24
Stairs 317,17, 333,24, 308,38
Stairs 377,141, 370,157, 386,145
Stairs 366,166, 359,182, 375,170
Spline 336,175, 327,155, 335,135, 356,128
Spline 358,124, 334,131, 323,154, 334,179

BrushColor -1
AngleTextOut 66, Arial, 10, 363, 111, кассы
Line 363,114, 372,118, 384,91, 375,87
Line 288,66, 297,80, 0.5
Line 306,194, 309,201, 0.5

;турникеты ЗВорот
PenColor 000000
Polygon 294,81, 294,87, 300,87, 300,81
PenColor 009900
Stairs 294,91, 300,91, 294,129
PenColor FF0000
Stairs 293,173, 298,171, 304,196
Stairs 265,57, 268,51, 287,69


;стрелки
PenColor 000000
Arrow 436,1030, 436,1049
Arrow 403,1030, 403,1049
Arrow 347,1038, 360,1027
Arrow 321,1028, 334,1017
Arrow 369,902, 369,883
Arrow 398,883, 398,902
PenColor 009900
Arrow 604,1135, 583,1135
Arrow 991,1122, 984,1136
Arrow 396,434, 396,459
Arrow 364,215, 395,246, 395,265
Arrow 336,-4, 328,14
Arrow 412,166, 392,157
PenColor FF0000
Arrow 583,1112, 604,1112
Arrow 895,1094, 909,1087
Arrow 371,459, 371,434
Arrow 368,265, 368,253, 347,232
Arrow 296,0, 304,-18
Arrow 381,182, 401,191

;подписи
BrushColor -1
PenColor 339933
AngleTextOut -90, Arial, 25, 402, 561, Золотые ворота, 1
AngleTextOut -90, Arial, 20, 479, 441, << Лукьяновская
AngleTextOut -90, Arial, 20, 314, 737, Дворец спорта >>
PenColor CC3333
AngleTextOut 0, Arial, 25, 287, 1107, Театральная, 1
AngleTextOut 0, Arial, 20, 142, 1029, << Университет
AngleTextOut 0, Arial, 20, 485, 1194, Крещатик >>

;названия улиц
BrushColor -1
PenColor 00AFAF
AngleTextOut -24, Arial, 15, 654, 891, улица Богдана Хмельницкого
AngleTextOut -24, Arial, 15, 23, 612, улица Богдана Хмельницкого
AngleTextOut -24, Arial, 15, 270, -62, Золотоворотский проезд
AngleTextOut 66, Arial, 15, 99, 880, Владимирская улица
AngleTextOut 66, Arial, 15, 408, 217, Владимирская улица
AngleTextOut -24, Arial, 15, 130, 417, Театральная
AngleTextOut -24, Arial, 15, 136, 437, площадь
AngleTextOut 66, Arial, 15, 1024, 987, Пушкинская улица
