Size 1640x770
Angle -20

;пути

BrushColor 00861D
Polygon 291,354, 291,324, 741,324, 741,354
Polygon 291,464, 291,434, 741,434, 741,464

BrushColor -1
PenColor 00861D
AngleTextOut 0, Arial, 20, 291, 301, << Геологическая
AngleTextOut 0, Arial, 20, 664, 464, тупик >>
AngleTextOut 0, Arial, 25, 451, 375, Ботаническая, 1


; левый вестибюль
PenColor 000000
Line 291,354, 291,365, 219,365, 213,360, 207,365, 200,365, 190,344, 137,344, 137,349, 109,349, 109,344, 84,344, 84,514, 23,566
Line 286,371, 262,371, 0.5
Line 250,371, 226,371, 0.5
Line 84,563, 109,542, 109,441, 137,441, 137,446, 190,446, 200,425, 207,425, 213,430, 219,425, 291,425, 291,434
Line 85,546, 39,585
Stairs 248,371, 248,425, 226,371
Stairs 284,371, 284,425, 262,371
Stairs 28,562, 41,577, 63,532
Stairs 84,511, 103,511, 84,500
Line 103,527, 103,499, 0.5
Line 40,578, 78,546, 0.5

BrushColor D0D0D0
Polygon 109,416, 137,416, 137,373, 109,373

; кассы
BrushColor FFFFFF
Line 200,425, 206,428, 196,449, 190,446
BrushColor -1
AngleTextOut 65, Arial, 8, 189, 443, кассы

; турникеты
Line 198,425, 178,421, 0.5
Line 148,378, 139,378, 0.5
BrushColor -1
Polygon 161,380, 155,381, 154,375, 160,374
PenColor 009900
Stairs 176,421, 180,420, 165,382
PenColor FF0000
Stairs 166,375, 170,375, 166,345

; стрелки
PenColor FF0000
Arrow 153,362, 137,362
PenColor 009900
Arrow 132,429, 148,429

;лифты
PenColor 000000
BrushColor D0EFFF
Polygon 76,554, 84,563, 75,571, 67,562
BrushColor -1
AngleTextOut 20, Arial, 5, 69, 561, лифт



; правый вестибюль

PenColor 000000
Line 741,354, 741,365, 813,365, 819,360, 825,365, 832,365, 842,344, 895,344, 895,349, 923,349, 923,202, 1186,18, 1089,-8
Line 1095,-32, 1243,8, 1275,-111, 1219,-126
Line 1281,-133, 1284,-144, 1310,-137
Line 1374,-108, 1299,-128
Line 1226,-148, 1288,-131
Line 1368,-86, 1308,-102, 1276,17, 1581,98
Line 1489,99, 1269,40, 1267,48, 1211,33, 948,217
Line 1572,121, 1516,106
Line 1502,114, 1491,111, 1481,97
Line 1505,103, 1501,102
Line 964,236, 1017,199
Line 980,240, 951,260, 951,562, 935,568, 939,579
Line 942,621, 924,572
Line 1256,34, 1214,23, 1174,51, 0.5
Line 1179,35, 1169,42, 0.5
Line 1137,77, 1157,63, 0.5
Stairs 1183,44, 1172,28, 1175,50
Stairs 1151,67, 1140,51, 1145,71
Line 697,652, 716,639, 898,573, 918,628
Line 646,673, 698,636
Line 646,667, 690,636, 0.5
Line 741,434, 741,425, 813,425, 819,430, 825,425, 832,425, 842,446, 895,446, 895,441, 923,441, 923,529, 686,615, 631,654
Line 746,419, 770,419, 0.5
Line 782,419, 806,419, 0.5
Stairs 748,365, 748,419, 770,365
Stairs 784,365, 784,419, 806,365
Stairs 917,624, 934,618, 901,580
Line 935,620, 918,573, 0.5
Stairs 649,665, 638,649, 687,638
Stairs 998,182, 1009,198, 960,209
Line 1011,197, 970,226, 0.5
Stairs 1096,-11, 1101,-30, 1140,1
Line 1091,-12, 1143,2, 0.5
Stairs 1574,96, 1569,115, 1528,84
Line 1572,116, 1523,103, 0.5
Stairs 1364,-91, 1369,-109, 1319,-103
Line 1315,-104, 1367,-90, 0.5
Stairs 1225,-129, 1230,-147, 1269,-117
Line 1221,-130, 1272,-116, 0.5
Stairs 923,527, 943,527, 923,513
Line 932,560, 943,556, 943,511, 0.5
Line 933,513, 933,529, 0.5

BrushColor D0D0D0
Polygon 895,373, 895,416, 923,416, 923,373

; кассы
BrushColor FFFFFF
Line 832,365, 826,362, 836,341, 842,344
BrushColor -1
AngleTextOut 65, Arial, 8, 825, 359, кассы

; турникеты
Line 834,365, 854,369, 0.5
Line 883,412, 893,412, 0.5
BrushColor -1
Polygon 871,410, 877,409, 878,415, 872,416
PenColor 009900
Stairs 856,369, 852,370, 867,409
PenColor FF0000
Stairs 866,415, 862,415, 866,444

; стрелки
PenColor FF0000
Arrow 880,428, 896,428
PenColor 009900
Arrow 900,361, 885,361

;лифты
PenColor 000000
BrushColor D0EFFF
Polygon 983,223, 990,233, 980,240, 973,230
BrushColor -1
AngleTextOut 20, Arial, 5, 976, 231, лифт

;лифты
PenColor 000000
BrushColor D0EFFF
Polygon 1310,-137, 1321,-134, 1318,-123, 1307,-126
BrushColor -1
AngleTextOut 20, Arial, 5, 1308, -131, лифт

;лифты
PenColor 000000
BrushColor D0EFFF
Polygon 1505,103, 1516,106, 1513,117, 1502,114
BrushColor -1
AngleTextOut 20, Arial, 5, 1503, 109, лифт

;лифты
PenColor 000000
BrushColor D0EFFF
Polygon 690,642, 697,652, 687,659, 680,649
BrushColor -1
AngleTextOut 20, Arial, 5, 683, 650, лифт

;лифты
PenColor 000000
BrushColor D0EFFF
Polygon 939,579, 943,590, 932,594, 928,583
BrushColor -1
AngleTextOut 20, Arial, 5, 930, 586, лифт




;названия улиц голубым

PenColor 00AFAF
BrushColor -1
AngleTextOut -15, Arial, 15, 1095, -101, улица Белинского
AngleTextOut 35, Arial, 15, 552, 657, улица Академика Шварца
AngleTextOut 35, Arial, 15, -29, 357, улица Юлиуса Фучика
AngleTextOut -70, Arial, 15, 822, 623, улица Крестинского
AngleTextOut -70, Arial, 15, 940, 630, к электричке
AngleTextOut -70, Arial, 10, 913, 640, "пройти 600м,"
AngleTextOut -70, Arial, 10, 903, 644, повернуть налево
AngleTextOut -70, Arial, 10, 893, 648, на пешеходный мост
AngleTextOut 40, Arial, 15, 39, 608, 'ТЦ "Дирижабль"'
Arrow 924,647, 948,713
Arrow 122,561, 52,620
