Size 450x1060
Angle -80
;Пути

BrushColor 00861D
Polygon 302,438, 302,408, 752,408, 752,438
Polygon 302,548, 302,518, 752,518, 752,548

BrushColor -1
PenColor 00861D
AngleTextOut 0, Arial, 20, 608, 548, Ботаническая >>
AngleTextOut 0, Arial, 20, 302, 384, << Геологическая
AngleTextOut 0, Arial, 25, 421, 459, Чкаловская, 1

; южный торец

PenColor 000000
Line 752,438, 752,457, 670,457, 670,499, 752,499, 752,518

BrushColor D0D0D0
Polygon 655,457, 655,499, 612,499, 612,457

; северный вестибюль

PenColor D0D0D0
BrushColor D0D0D0
Polygon 68,435, 68,432, 8,432, 8,404, 4,404, 4,441, 18,441, 18,436

PenColor 000000
Line 302,438, 302,456, 238,456, 238,450, 210,450, 210,454
Line 138,454, 138,450, 85,450, 85,436, 18,436, 18,441, 4,441, 4,404, 8,404, 8,432, 73,432
Line 302,518, 302,502, 238,502, 238,508, 210,508, 210,504
Line 138,504, 138,508, 85,508, 85,522, 18,522, 18,517, 4,517, 4,585, -39,585, -39,605, 14,605
Line 74,409, 31,409, 31,388, -73,388, -73,327
Line -227,559, -227,621, -181,621, -181,573, -73,586, -73,673
Line -50,673, -50,627, 14,627
Line -181,341, -181,415, -177,415, -96,389, -96,327
Line -31,412, -41,412
Line -205,341, -205,414
Line -216,404, -216,415, -282,415
Line -205,595, -205,438, -282,438
Line -216,610, -205,610
Line -50,585, -50,594

Stairs 70,432, 70,414, 32,432
Line 32,414, 73,414, 0.5
Stairs 26,410, 8,410, 26,405
Line 26,412, 26,404, 0.5
Stairs -55,669, -73,669, -55,635
Line -55,672, -55,632, 0.5
Stairs -92,333, -73,333, -92,378
Line -92,331, -92,380, 0.5
Stairs -186,345, -205,345, -186,391
Line -186,343, -186,392, 0.5
Stairs -275,415, -275,433, -229,415
Line -278,433, -227,433, 0.5
Stairs -222,562, -205,562, -222,595
Line -222,596, -222,560, 0.5
Stairs -186,584, -205,584, -186,594
Line -186,582, -186,610, 0.5
Stairs -73,589, -55,589, -73,600
Line -55,600, -55,588, 0.5
Stairs -102,576, -100,559, -111,575
Line -97,577, -114,575, 0.5
Stairs -141,554, -143,571, -151,553
Line -138,572, -154,570, 0.5
Stairs 8,627, 8,610, -26,627
Line 11,610, -27,610, 0.5

BrushColor D0D0D0
Polygon 4,493, 18,493, 18,465, 4,465
Polygon -181,438, -172,438, -89,412, -51,412, -51,423, -20,423, -20,561, -80,561, -181,549

; эскалатор 4 верт
PenColor 7F7F7F
Stairs 136,501, 136,457, 213,501
PenColor 000000
BrushColor 9B5509
Polygon 130,504, 218,504, 218,501, 130,501
Polygon 130,493, 218,493, 218,489, 130,489
Polygon 130,481, 218,481, 218,477, 130,477
Polygon 130,469, 218,469, 218,465, 130,465
Polygon 130,457, 218,457, 218,454, 130,454

; кассы
BrushColor FFFFFF
Line 69,522, 69,529, 32,529, 32,522
BrushColor -1
AngleTextOut 0, Arial, 8, 40, 520, кассы

; турникеты
Line 62,469, 58,461, 0.5
BrushColor -1
Polygon 67,473, 62,475, 60,470, 65,468
PenColor 009900
Stairs 87,506, 91,504, 70,474
PenColor FF0000
Stairs 56,461, 60,461, 56,436

; стрелки
PenColor FF0000
Arrow 268,467, 251,467
PenColor 009900
Arrow 97,488, 110,488



;лифты
PenColor 000000
BrushColor D0EFFF
Polygon -227,610, -216,610, -216,621, -227,621
BrushColor -1
AngleTextOut 80, Arial, 4, -224, 619, лифт

;лифты
PenColor 000000
BrushColor D0EFFF
Polygon -50,594, -39,594, -39,605, -50,605
BrushColor -1
AngleTextOut 80, Arial, 4, -47, 603, лифт

;лифты
PenColor 000000
BrushColor D0EFFF
Polygon -31,412, -20,412, -20,423, -31,423
BrushColor -1
AngleTextOut 80, Arial, 4, -28, 421, лифт

;лифты
PenColor 000000
BrushColor D0EFFF
Polygon -216,393, -205,393, -205,404, -216,404
BrushColor -1
AngleTextOut 80, Arial, 4, -213, 402, лифт

;названия улиц голубым
BrushColor -1
PenColor 00AFAF
AngleTextOut 90, Arial, 15, -139, 677, улица Щорса
AngleTextOut 0, Arial, 15, 57, 557, улица 8-го марта
