Size 640x820
Angle 90

;Пути
BrushColor 00861D
Polygon 376,234, 376,264, -74,264, -74,234
Polygon 376,124, 376,154, -74,154, -74,124

BrushColor -1
PenColor 00861D
AngleTextOut 0, Arial, 20, 261, 264, Уральская >>
AngleTextOut 0, Arial, 20, -74, 102, << Площадь 1905 года
AngleTextOut 0, Arial, 25, 106, 181, Динамо, 1

; южный торец
PenColor 000000
Line -74,154, -74,166, -70,166, -70,222, -74,222, -74,234

; северный вестибюль
PenColor 000000
Line 376,234, 376,217, 396,217, 396,213
Line 513,213, 513,223, 529,223, 529,263, 607,263, 607,251, 625,251, 625,263, 632,263, 632,399
Line 649,399, 649,125, 625,125, 625,137, 607,137, 607,125, 529,125, 529,165, 513,165, 513,175
Line 396,175, 396,171, 376,171, 376,154

Stairs 632,397, 649,397, 632,363
Stairs 632,265, 649,265, 632,275

BrushColor D0D0D0
Polygon 625,165, 625,223, 607,223, 607,165

; эскалатор 3 верт
PenColor 7F7F7F
Stairs 394,178, 394,210, 517,178
PenColor 000000
BrushColor 9B5509
Polygon 388,175, 522,175, 522,178, 388,178
Polygon 388,186, 522,186, 522,190, 388,190
Polygon 388,198, 522,198, 522,202, 388,202
Polygon 388,210, 522,210, 522,213, 388,213

; кассы
BrushColor -1
Line 538,125, 538,154, 529,154
AngleTextOut -90, Arial, 10, 539, 127, кассы

; турникеты
Line 529,165, 549,165, 0.5
Polygon 555,162, 549,162, 549,168, 555,168
Line 548,223, 529,223, 0.5
Line 600,223, 607,223, 0.5
Line 599,165, 607,165, 0.5
PenColor 009900
Stairs 559,163, 559,168, 601,163
PenColor FF0000
Stairs 600,226, 600,221, 547,226

; стрелки
PenColor FF0000
Arrow 570,199, 574,199, 574,215
PenColor 009900
Arrow 577,144, 577,158

;названия улиц голубым
BrushColor -1
PenColor 00AFAF
AngleTextOut -130, Arial, 15, 717, 530, Красный переулок
AngleTextOut -130, Arial, 15, 655, 564, 'Киноконцертный театр "Космос"'
Arrow 638,551, 587,612
PenColor 000000
AngleTextOut -90, Arial, 15, 199, 460, 'Спорткомплекс "Динамо"'
