Size 650x740
Angle -75

;Пути

BrushColor 00861D
Polygon -45,396, -45,366, 405,366, 405,396
Polygon -45,506, -45,476, 405,476, 405,506

BrushColor -1
PenColor 00861D
AngleTextOut 0, Arial, 20, 281, 506, Чкаловская >>
AngleTextOut 0, Arial, 20, -45, 339, << Площадь 1905 года
AngleTextOut 0, Arial, 25, 88, 392, Геологическая, 1

; лестницы на платформе

PenColor 000000
Stairs 131,423, 131,449, 81,423
Stairs 216,449, 216,423, 266,449

Line 81,423, 131,423
Line 131,449, 81,449
Line 266,449, 216,449
Line 216,423, 266,423
PenColor D0D0D0
Line 131,449, 215,449
Line 131,423, 153,423, 153,417
Line 216,423, 194,423, 194,417

; северный торец
PenColor 000000
Line -45,396, -45,476

; южный вестибюль

Line 405,396, 405,408, 424,408, 424,412
Line 512,412, 512,408, 532,408, 532,366, 602,366, 602,380, 620,380, 620,358, 628,358, 628,172, 578,172
Line 405,476, 405,466, 424,466, 424,462
Line 512,462, 512,466, 532,466, 532,506, 602,506, 602,493, 620,493, 620,514, 628,514, 628,550, 208,550
Line 578,154, 697,154
Line 697,331, 647,331, 647,568, 437,568, 437,619
Line 419,619, 419,568, 208,568
Line 697,313, 647,313, 647,172, 697,172

PenColor 000000
Stairs 580,172, 580,154, 626,172
Stairs 695,172, 695,154, 649,172
Stairs 695,331, 695,313, 649,331
Stairs 419,617, 437,617, 419,571
Stairs 210,568, 210,550, 256,568
Stairs 647,357, 628,357, 647,348
Stairs 647,295, 628,295, 647,286
Stairs 628,514, 647,514, 628,523
Stairs 460,550, 460,568, 451,550

BrushColor D0D0D0
Polygon 620,464, 602,464, 602,408, 620,408

; эскалатор 4 верт
PenColor 7F7F7F
Stairs 514,459, 514,415, 421,459
PenColor 000000
BrushColor 9B5509
Polygon 520,462, 416,462, 416,459, 520,459
Polygon 520,451, 416,451, 416,447, 520,447
Polygon 520,439, 416,439, 416,435, 520,435
Polygon 520,427, 416,427, 416,423, 520,423
Polygon 520,415, 416,415, 416,412, 520,412

; кассы
BrushColor -1
Line 553,366, 553,358, 583,358, 583,366
AngleTextOut 0, Arial, 10, 556, 355, кассы

; турникеты
Polygon 578,435, 578,429, 572,429, 572,435
Line 520,437, 602,437, 0.5
Line 574,491, 574,506, 0.5
PenColor 009900
Stairs 551,368, 547,370, 575,425
PenColor FF0000
Stairs 577,438, 573,438, 576,491

; стрелки
PenColor FF0000
Arrow 544,460, 560,460
PenColor 009900
Arrow 598,395, 582,401

;названия улиц голубым
BrushColor -1
PenColor 00AFAF
AngleTextOut 90, Arial, 15, 320, 693, улица Куйбышева
AngleTextOut 0, Arial, 15, 498, 242, улица 8-го марта

Opaque 70
; "закрыто"
PenColor FFD0D0
BrushColor FFD0D0
Polygon 213,452, 213,420, 269,420, 269,452
Polygon 78,452, 78,420, 134,420, 134,452
PenColor FF4040

Opaque 100
PenColor FF4040
BrushColor -1
AngleTextOut 0, Arial, 15, 215, 427, Закрыто
Dashed 213,452, 213,420, 269,420, 269,452, 213,452
AngleTextOut 0, Arial, 15, 80, 427, Закрыто
Dashed 78,452, 78,420, 134,420, 134,452, 78,452
