Size 470x1020
Angle 90

;Пути
BrushColor 00861D
Polygon 505,493, 505,523, 55,523, 55,493
Polygon 505,383, 505,413, 55,413, 55,383

BrushColor -1
PenColor 00861D
AngleTextOut 0, Arial, 20, 396, 523, Уралмаш >>
AngleTextOut 0, Arial, 20, 66, 361, << Уральская
AngleTextOut 0, Arial, 25, 162, 439, Машиностроителей, 1

; северный вестибюль
PenColor 000000
Line 505,493, 505,481, 520,481, 520,477
Line 552,477, 552,481, 568,481, 568,522, 646,522, 646,509, 664,509, 664,522, 671,522, 671,608, 633,608
Line 633,626, 726,626
Line 726,608, 688,608, 688,384, 664,384, 664,396, 646,396, 646,384, 568,384, 568,425, 505,425, 505,413
Line 568,451, 505,451

Stairs 565,425, 565,451, 508,425
Stairs 724,608, 724,626, 690,608
Stairs 635,608, 635,626, 669,608
Stairs 671,604, 688,604, 671,595

BrushColor D0D0D0
Polygon 664,480, 664,424, 646,424, 646,480

; эскалатор 2 верт
PenColor 7F7F7F
Stairs 518,454, 518,474, 556,454
PenColor 000000
BrushColor 9B5509
Polygon 512,451, 561,451, 561,454, 512,454
Polygon 512,462, 561,462, 561,466, 512,466
Polygon 512,474, 561,474, 561,477, 512,477

; кассы
BrushColor -1
Line 577,384, 577,413, 568,413
AngleTextOut -90, Arial, 10, 578, 386, кассы

; турникеты
Line 568,423, 583,423, 0.5
Polygon 617,455, 611,455, 611,461, 617,461
Line 614,461, 614,466, 0.5
Line 614,510, 614,522, 0.5
Line 617,461, 646,461, 0.5
PenColor 009900
Stairs 585,422, 582,425, 615,452
PenColor FF0000
Stairs 616,466, 612,466, 616,511

; южный вестибюль

PenColor 000000
Line 55,413, 55,425, -18,425, -18,429
Line -58,429, -58,425, -76,425, -76,384, -154,384, -154,396, -172,396, -172,384, -196,384, -196,647, -241,647
Line 55,493, 55,481, -76,481, -76,522, -154,522, -154,509, -172,509, -172,522, -179,522, -179,665, -241,665
Line -4,455, -76,455

Stairs -6,455, -6,481, -73,455
Stairs -239,647, -239,665, -198,647

BrushColor D0D0D0
Polygon -172,424, -154,424, -154,480, -172,480

; эскалатор 2 верт
PenColor 7F7F7F
Stairs -60,432, -60,452, -14,432
PenColor 000000
BrushColor 9B5509
Polygon -65,429, -9,429, -9,432, -65,432
Polygon -65,440, -9,440, -9,444, -65,444
Polygon -65,452, -9,452, -9,455, -65,455

; кассы
BrushColor -1
Line -76,495, -84,495, -84,522
AngleTextOut -90, Arial, 10, -74, 497, кассы

; турникеты
Line -76,492, -91,492, 0.5
Polygon -131,454, -131,448, -125,448, -125,454
Line -128,448, -128,434, 0.5
Line -128,397, -128,384, 0.5
Line -131,451, -154,451, 0.5
PenColor 009900
Stairs -93,493, -90,490, -127,457
PenColor FF0000
Stairs -130,434, -126,434, -130,396

; стрелки
PenColor FF0000
Arrow -98,413, -115,413
Arrow 582,492, 600,492
PenColor 009900
Arrow -147,494, -131,488
Arrow 640,410, 623,419

;Улицы голубым
PenColor 00AFAF
BrushColor -1
AngleTextOut -90, Arial, 15, 569, 587, улица Фронтовых Бригад
AngleTextOut -90, Arial, 15, -257, 609, улица Турбинная
AngleTextOut 0, Arial, 15, 218, 294, проспект Космонавтов

PenColor 000000
AngleTextOut 0, Arial, 15, 628, 662, Педагогический\nуниверситет
Arrow 638,660, 715,660
