Size 600x960
Angle -80

;Пути
BrushColor 00861D
Polygon -77,483, -77,453, 373,453, 373,483
Polygon -77,593, -77,563, 373,563, 373,593

BrushColor -1
PenColor 00861D
AngleTextOut 0, Arial, 20, 223, 593, Геологическая >>
AngleTextOut 0, Arial, 20, -77, 428, << Динамо
AngleTextOut 0, Arial, 25, 58, 506, Площадь 1905 года, 1

; северный вестибюль
PenColor 000000
Line -77,483, -77,499, -59,499, -59,547, -77,547, -77,563

; южный вестибюль
Line 373,483, 373,494, 389,494, 389,498
Line 510,498, 510,487, 563,487, 563,454, 633,454, 633,466, 651,466, 651,454, 658,454, 658,411, 631,411, 631,438
Line 373,563, 373,552, 389,552, 389,548
Line 510,548, 510,558, 563,558, 563,592, 633,592, 633,579, 651,579, 651,592, 658,592, 658,659
Line 675,659, 675,395, 615,395, 615,438
Stairs 658,656, 675,656, 658,635
Stairs 655,411, 655,395, 634,411
Stairs 631,435, 615,435, 631,414
Stairs 658,451, 675,451, 658,442
Stairs 658,595, 675,595, 658,604

BrushColor D0D0D0
Polygon 651,550, 633,550, 633,494, 651,494

; эскалатор 4 верт
PenColor 7F7F7F
Stairs 512,545, 512,501, 386,545
PenColor 000000
BrushColor 9B5509
Polygon 518,548, 383,548, 383,545, 518,545
Polygon 518,537, 383,537, 383,533, 518,533
Polygon 518,525, 383,525, 383,521, 518,521
Polygon 518,513, 383,513, 383,509, 518,509
Polygon 518,501, 383,501, 383,498, 518,498

; кассы
BrushColor -1
Line 563,454, 554,454, 554,483, 563,483
AngleTextOut 90, Arial, 10, 552, 481, кассы

; турникеты
Line 563,487, 567,491, 0.5
Polygon 611,531, 607,527, 603,531, 607,535
Line 609,533, 609,542, 0.5
Line 609,578, 609,592, 0.5
PenColor 009900
Stairs 569,490, 566,493, 603,524
PenColor FF0000
Stairs 611,542, 607,542, 611,579

; стрелки
PenColor FF0000
Arrow 575,546, 591,546
PenColor 009900
Arrow 629,481, 613,487

;названия улиц голубым
BrushColor -1
PenColor 00AFAF
AngleTextOut 90, Arial, 15, -143, 354, проспект Ленина
AngleTextOut 0, Arial, 15, 695, 503, улица\n8-го марта
AngleTextOut 90, Arial, 15, -185, 681, Площадь 1905 года
PenColor 000000
AngleTextOut 90, Arial, 15, -23, 376, Консерватория
AngleTextOut 90, Arial, 15, 712, 384, Театр эстрады
AngleTextOut 90, Arial, 15, 604, 813, ЦУМ
