Size 650x1250
Angle 90

;Пути
BrushColor 00861D
Polygon 696,534, 696,564, 246,564, 246,534
Polygon 696,644, 696,674, 246,674, 246,644

BrushColor -1
PenColor 00861D
AngleTextOut 0, Arial, 20, 247, 510, << Уралмаш
AngleTextOut 0, Arial, 20, 621, 674, тупик >>
AngleTextOut 0, Arial, 25, 327, 591, Проспект Космонавтов, 1

PenColor 000000
BrushColor D0D0D0
Ellipse 663,575, 651,587
Ellipse 616,575, 604,587
Ellipse 569,575, 557,587
Ellipse 522,575, 510,587
Ellipse 475,575, 463,587
Ellipse 428,575, 416,587
Ellipse 381,575, 369,587
Ellipse 334,575, 322,587
Ellipse 287,575, 275,587

Ellipse 663,621, 651,633
Ellipse 616,621, 604,633
Ellipse 569,621, 557,633
Ellipse 522,621, 510,633
Ellipse 475,621, 463,633
Ellipse 428,621, 416,633
Ellipse 381,621, 369,633
Ellipse 334,621, 322,633
Ellipse 287,621, 275,633

; северный вестибюль
Line 941,471, 861,471, 861,535, 855,535, 855,547, 837,547, 837,535, 747,535, 747,575, 696,575, 696,564
Line 941,489, 879,489, 879,673, 855,673, 855,660, 837,660, 837,673, 747,673, 747,633, 696,633, 696,644
;Line 796,476, 796,490
;Line 810,535, 810,545
;Line 810,565, 810,576
;Line 796,535, 796,545
;Line 796,565, 796,577
;Line 810,619, 810,633
;Line 796,619, 796,633

Stairs 939,489, 939,471, 893,489
Stairs 743,575, 743,633, 698,575

Polygon 855,575, 855,631, 837,631, 837,575

; кассы
BrushColor -1
Line 756,535, 756,564, 747,564
AngleTextOut -90, Arial, 10, 757, 537, кассы

; турникеты
Line 747,574, 774,574, 0.5
Polygon 808,606, 802,606, 802,612, 808,612
Line 805,612, 805,617, 0.5
Line 805,661, 805,673, 0.5
PenColor 009900
Stairs 776,573, 773,576, 806,603
PenColor FF0000
Stairs 807,617, 803,617, 807,662

; южный вестибюль

PenColor 000000
Line 157,454, -65,454
Line 155,816, -90,816
Line -65,472, 73,472, 73,798, -90,798
Line 157,472, 97,472, 97,547, 115,547, 115,535, 193,535, 193,575, 246,575, 246,564
Line 155,798, 90,798, 90,673, 97,673, 97,660, 115,660, 115,673, 193,673, 193,633, 246,633, 246,644
Stairs 242,575, 242,633, 196,575
Stairs -88,798, -88,816, -54,798
Stairs -34,454, -34,472, -65,454
Stairs 153,454, 153,472, 118,454
Stairs 153,798, 153,816, 118,798
Stairs 90,786, 73,786, 90,795
Stairs 69,798, 69,816, 60,798
Stairs 69,454, 69,472, 60,454

BrushColor D0D0D0
Polygon 115,575, 115,631, 97,631, 97,575

; кассы
BrushColor -1
Line 193,646, 185,646, 185,673
AngleTextOut -90, Arial, 10, 195, 648, кассы

; турникеты
Line 193,643, 178,643, 0.5
Polygon 138,605, 138,599, 144,599, 144,605
Line 141,599, 141,585, 0.5
Line 141,548, 141,535, 0.5
PenColor 009900
Stairs 176,644, 179,641, 141,607
PenColor FF0000
Stairs 139,585, 143,585, 139,547

; стрелки
PenColor FF0000
Arrow 773,643, 791,643
Arrow 171,564, 154,564
PenColor 009900
Arrow 122,645, 138,639
Arrow 831,561, 814,570

; остановки
BrushColor 0000FF
SpotCircle 20, 232, 786, ShowMessage Остановка тр.3
SpotCircle 20, 170, 329, ShowMessage Остановка тр. 13 (в сторону Коммунистической)
SpotCircle 20, -185, 506, ShowMessage Остановка тр. 3
PenColor FFFFFF
AngleTextOut -90, Arial, 25, -172, 498, A, 1
AngleTextOut -90, Arial, 25, 183, 321, A, 1
AngleTextOut -90, Arial, 25, 244, 778, A, 1

;Улицы голубым
PenColor 00AFAF
BrushColor -1
AngleTextOut 0, Arial, 15, -287, 442, "Троллейбусы 3, 5, 12 (в центр)"
AngleTextOut 0, Arial, 15, -288, 461, "Автобусы 56, 108, 111 (в центр)"
Arrow -146,532, -232,532
AngleTextOut -90, Arial, 15, 234, 323, Троллейбус 13
AngleTextOut -90, Arial, 15, 216, 309, (к Коммунистической)
Arrow 199,407, 199,312
AngleTextOut -90, Arial, 15, 279, 735, "Автобусы 56, 108, 111 (из центра)"
Arrow 251,729, 327,729
AngleTextOut -90, Arial, 15, 297, 735, "Троллейбусы 3, 5, 12 (из центра)"
AngleTextOut -90, Arial, 15, -147, 309, Рыночный комплекс
AngleTextOut -90, Arial, 15, -162, 345, '"Омега"'
AngleTextOut 0, Arial, 15, 127, 704, Проспект Космонавтов
AngleTextOut 0, Arial, 15, 624, 919, Детская больница №4
AngleTextOut -90, Arial, 15, 60, 568, ул. Фрезеровщиков
