Size 600x940
Angle 90

;Пути
BrushColor 00861D
Polygon -157,376, -157,346, 293,346, 293,376
Polygon -157,486, -157,456, 293,456, 293,486

BrushColor -1
PenColor 00861D
AngleTextOut 0, Arial, 20, 100, 486, Машиностроителей>>
AngleTextOut 0, Arial, 20, -157, 321, << Динамо
AngleTextOut 0, Arial, 25, 31, 401, Уральская, 1

; северный вестибюль
PenColor 000000
Line -157,376, -157,385, -105,385, -105,394, -157,394, -157,438, -105,438, -105,447, -157,447, -157,456

; южный вестибюль
Line 293,376, 293,383, 245,383, 245,389, 313,389, 313,393
Line 429,393, 429,389, 448,389, 448,346, 516,346, 516,359, 534,359, 534,346, 619,346, 619,504, 633,504, 660,578, 660,636
Line 293,456, 293,449, 245,449, 245,442, 313,442, 313,439
Line 429,439, 429,443, 448,443, 448,486, 516,486, 516,472, 534,472, 534,486, 542,486, 542,506, 492,506
Line 492,524, 620,524, 642,585, 642,636

Stairs 494,506, 494,524, 540,506
Stairs 642,634, 660,634, 642,588

BrushColor D0D0D0
Polygon 534,443, 516,443, 516,387, 534,387

; эскалатор 3 верт
PenColor 7F7F7F
Stairs 431,436, 431,396, 309,436
PenColor 000000
BrushColor 9B5509
Polygon 437,439, 304,439, 304,436, 437,436
Polygon 437,429, 304,429, 304,425, 437,425
Polygon 437,418, 304,418, 304,414, 437,414
Polygon 437,407, 304,407, 304,403, 437,403
Polygon 437,396, 304,396, 304,393, 437,393

; кассы
BrushColor -1
Line 448,373, 456,373, 456,346
AngleTextOut -90, Arial, 10, 458, 348, кассы

; турникеты
Line 456,373, 463,380, 0.5
Polygon 493,411, 493,417, 487,417, 487,411
Line 490,417, 490,432, 0.5
Line 490,476, 490,486, 0.5
Line 493,415, 516,415, 0.5
Line 437,416, 472,427, 490,427, 0.5
PenColor 009900
Stairs 465,379, 462,382, 491,406
PenColor FF0000
Stairs 492,432, 488,432, 492,477

; стрелки
PenColor FF0000
Arrow 466,446, 483,446
PenColor 009900
Arrow 504,377, 492,389

;Улицы голубым
PenColor 00AFAF
BrushColor -1
AngleTextOut -90, Arial, 15, 731, 676, Вокзальная ул.
AngleTextOut 0, Arial, 15, 468, 555, Невьянский пер.
AngleTextOut -90, Arial, 15, 320, 180, ул. Стрелочников
PenColor 000000
AngleTextOut -90, Arial, 15, 718, 320, Северный автовокзал
AngleTextOut -90, Arial, 15, 764, 695, вокзал
Arrow 747,698, 747,736
