Size 980x1450
Angle 90

;Пути

BrushColor 00861D
Polygon 908,759, 908,789, 458,789, 458,759
Polygon 908,649, 908,679, 458,679, 458,649

BrushColor -1
PenColor 00861D
AngleTextOut 0, Arial, 20, 684, 788, Проспект Космонавтов >>
AngleTextOut 0, Arial, 20, 469, 619, << Машиностроителей
AngleTextOut 0, Arial, 25, 629, 702, Уралмаш, 1

; северный вестибюль
PenColor 000000
Line 908,759, 908,748, 972,748, 972,788, 1049,788, 1049,775, 1067,775, 1067,788, 1097,788, 1097,588, 1155,588
Line 1155,562, 1074,562, 1074,650, 1067,650, 1067,662, 1049,662, 1049,650, 972,650, 972,690, 908,690, 908,679

Stairs 964,690, 964,748, 918,690
Stairs 1153,562, 1153,588, 1107,562

BrushColor D0D0D0
Polygon 1067,746, 1067,690, 1049,690, 1049,746
Polygon 281,690, 299,690, 299,746, 281,746
Polygon 252,970, 261,970, 261,1013, 252,1013

; кассы
BrushColor -1
Line 972,650, 964,650, 964,679, 972,679
AngleTextOut -90, Arial, 10, 974, 652, кассы

; турникеты
Line 972,689, 986,689, 0.5
Polygon 1020,721, 1014,721, 1014,727, 1020,727
Line 1017,727, 1017,732, 0.5
Line 1017,776, 1017,788, 0.5
Line 1020,727, 1049,727, 0.5
PenColor 009900
Stairs 988,688, 985,691, 1018,718
PenColor FF0000
Stairs 1019,732, 1015,732, 1019,777

; южный вестибюль

PenColor 000000
Line 458,679, 458,690, 436,690, 436,694
Line 400,694, 400,690, 377,690, 377,650, 299,650, 299,662, 281,662, 281,650, 258,650, 258,454
Line 458,759, 458,748, 377,748, 377,788, 299,788, 299,775, 281,775, 281,788, 274,788, 274,1002
Line 239,454, 239,559, -17,514, -30,588
Line -12,591, -3,541, 239,583, 239,1002
Line 290,946, 290,1029, 224,1029, 224,946
Line 458,720, 377,720

Stairs 451,720, 451,748, 381,720
Stairs 258,456, 239,456, 258,502
Stairs 274,980, 261,980, 274,1002
Stairs -12,589, -29,586, -4,544

Stairs 274,946, 239,946, 274,968
Stairs 252,980, 239,980, 252,1002

; эскалатор 2 верт
PenColor 7F7F7F
Stairs 394,697, 394,717, 440,697
PenColor 000000
BrushColor 9B5509
Polygon 388,694, 445,694, 445,697, 388,697
Polygon 388,705, 445,705, 445,709, 388,709
Polygon 388,717, 445,717, 445,720, 388,720

; кассы
BrushColor -1
Line 377,761, 385,761, 385,788, 377,788
AngleTextOut -90, Arial, 10, 387, 762, кассы

; турникеты
Line 377,758, 362,758, 0.5
Polygon 322,720, 322,714, 328,714, 328,720
Line 325,714, 325,700, 0.5
Line 325,663, 325,650, 0.5
Line 322,717, 299,717, 0.5
PenColor 009900
Stairs 360,759, 363,756, 326,723
PenColor FF0000
Stairs 323,700, 327,700, 323,662

; стрелки
PenColor FF0000
Arrow 355,679, 338,679
Arrow 985,758, 1003,758
PenColor 009900
Arrow 306,760, 322,754
Arrow 1043,676, 1026,685

; остановки
PenColor 000000
BrushColor 0000FF
SpotCircle 20, 174, 383, ShowMessage Остановка тр.17
SpotCircle 20, 374, 887, ShowMessage Остановка тр. 3
SpotCircle 20, -154, 663, ShowMessage Остановка тр. 3
PenColor FFFFFF
AngleTextOut -90, Arial, 25, 188, 375, A, 1
AngleTextOut -90, Arial, 25, 388, 879, A, 1
AngleTextOut -90, Arial, 25, -141, 655, A, 1

;Улицы голубым
PenColor 00AFAF
BrushColor -1
AngleTextOut 0, Arial, 15, 1074, 491, ДК Лаврова
Arrow 1077,517, 1150,517
AngleTextOut 0, Arial, 15, 70, 714, проспект Космонавтов
AngleTextOut 0, Arial, 15, 1116, 711, проспект\nКосмонавтов
AngleTextOut -100, Arial, 15, 84, 351, улица Машиностроителей
AngleTextOut -84, Arial, 15, 110, 1048, улица Баумана
AngleTextOut 0, Arial, 15, -59, 1152, 'кинотеатр "Заря"'
AngleTextOut -90, Arial, 15, -72, 1026, улица Краснофлотцев
AngleTextOut -90, Arial, 15, 134, 272, Троллейбус 17 (в сторону Уралмаша)
AngleTextOut -90, Arial, 15, 151, 272, "Автобусы 36, 56 (в сторону Уралмаша)"
Arrow 100,398, 100,301
AngleTextOut -90, Arial, 15, 117, 272, "Трамваи 5,5а, 8,17,22 (в обе стороны)"
AngleTextOut -90, Arial, 15, 417, 870, "Троллейбусы 3, 5, 12 (из центра)"
AngleTextOut -90, Arial, 15, 434, 870, "Автобусы 56, 108, 111 (из центра)"
Arrow 369,857, 444,857
AngleTextOut 0, Arial, 15, -222, 600, "Троллейбусы 3, 5, 12, 17\n(в сторону центра)"
Arrow -116,639, -201,639
