Size 770x580
Angle -20

; пути

BrushColor 702785
Polygon 519,494, 519,524, 69,524, 69,494
Polygon 519,414, 519,384, 69,384, 69,414

BrushColor -1
PenColor 702785
AngleTextOut 0, Arial, 20, 424, 524, Садовая >>
AngleTextOut 0, Arial, 20, 74, 360, << Спортивная
AngleTextOut 0, Arial, 25, 201, 435, Адмиралтейская, 1

; левый торец
PenColor 000000
Line 69,414, 69,427, 149,427, 149,480, 69,480, 69,494

; правый торец

Line 519,494, 519,485, 539,485, 539,480
Line 539,427, 539,422, 519,422, 519,414

; вестибюль

;Здания беж
PenColor DDDDDD
BrushColor FEFBF1
Polygon 459,434, 450,425, 484,391, 493,400, 538,355, 364,181, 260,181, 194,247, 420,473

PenColor CCCCCC
BrushColor CCCCCC
Polygon 194,247, 260,181, 364,181, 385,202, 372,215, 366,209, 307,268, 300,282, 297,295, 296,309, 298,321, 301,333, 308,345, 300,353
Polygon 327,364, 337,370, 349,374, 361,376, 373,376, 386,374, 398,369, 460,351, 497,314, 537,355, 493,400, 484,391, 450,425, 459,434, 420,473, 319,372
Polygon 371,263, 365,257, 378,249, 389,244, 403,243, 415,244, 421,238, 458,275, 452,281, 453,295, 452,307, 447,319, 439,331, 433,325, 441,314, 446,299, 446,279, 431,260, 422,255, 412,251, 402,250, 392,251, 382,255

PenColor 000000
Line 579,427, 579,422, 638,422, 690,403, 727,288, 699,210
Line 580,480, 580,485, 649,485, 721,459, 779,279, 729,141, 680,159, 682,165

; эскалатор 4 гор
PenColor 7F7F7F
Stairs 581,477, 581,430, 536,477
PenColor 000000
BrushColor 9B5509
Polygon 588,430, 531,430, 531,427, 588,427
Polygon 588,438, 588,443, 531,443, 531,438
Polygon 588,451, 588,456, 531,456, 531,451
Polygon 588,464, 588,469, 531,469, 531,464
Polygon 588,477, 531,477, 531,480, 588,480

; эскалатор 4 гор
PenColor 7F7F7F
Stairs 700,207, 685,166, 379,324
PenColor 000000
BrushColor 9B5509
Polygon 693,164, 358,286, 357,283, 692,161
Polygon 695,170, 697,175, 362,297, 360,292
Polygon 699,182, 701,187, 366,309, 364,304
Polygon 703,193, 705,198, 370,320, 368,315
Polygon 707,204, 372,326, 373,329, 708,207

; будки
BrushColor FFFFFF
Ellipse 353,349, 358,346

; турникеты
PenColor 
Line 330,315, 343,310, 356,310, 365,307, 0.5
Line 343,310, 331,247, 0.5
Line 357,340, 360,337, 443,307, 0.5
PenColor 009900
Stairs 351,346, 355,342, 323,318
PenColor FF0000
Stairs 356,267, 360,263, 333,244

; кассы
PenColor FFFFFF
BrushColor FFFFFF
Polygon 382,375, 382,383, 351,383, 351,375, 366,376
PenColor 000000
Line 382,375, 382,383, 351,383, 351,375
BrushColor -1
AngleTextOut 0, Arial, 8, 357, 375, кассы

; стрелки
PenColor FF0000
Arrow 360,243, 374,229
PenColor 009900
Arrow 471,313, 455,328


Opaque 80
PenColor CCCCCC
BrushColor CCCCCC
Polygon 427,257, 436,254, 475,292, 445,303, 446,296, 446,291, 445,285, 443,277, 440,272, 437,267, 433,262
Opaque 100

PenColor 000000
Line 307,268, 366,209, 372,215, 385,202, 364,181, 260,181, 194,247, 300,353, 308,345
Line 327,364, 319,372, 420,473, 459,434, 450,425, 484,391, 493,400, 538,355, 497,314, 460,351, 398,369
Spline 307,268, 297,295, 298,321, 308,345
Spline 327,364, 349,374, 373,376, 398,369
Spline 371,263, 402,250, 433,263, 446,294, 433,325
Line 433,325, 439,331
Spline 439,331, 452,307, 452,281
Line 452,281, 458,275, 421,238, 415,244
Spline 415,244, 389,244, 365,257
Line 371,263, 365,257
Stairs 414,245, 378,209, 420,239
Stairs 490,321, 451,282, 497,314

;названия улиц голубым

PenColor 00AFAF
BrushColor -1
AngleTextOut 45, Arial, 15, 154, 250, Малая Морская улица
AngleTextOut -45, Arial, 15, 359, 135, Кирпичный переулок
AngleTextOut 0, Arial, 15, 284, 27, Невский проспект


;Ellipse 437,350, 297,210
;Ellipse 446,312, 359,225
;Ellipse 454,320, 351,217
