Size 790x530
Angle 25

; пути

BrushColor D6083B
Polygon 453,358, 453,328, 3,328, 3,358
Polygon 3,248, 3,218, 453,218, 453,248

BrushColor -1
PenColor D6083B
AngleTextOut 0, Arial, 20, 236, 357, Гражданский проспект >>
AngleTextOut 0, Arial, 20, 11, 192, << Политехническая
AngleTextOut 0, Arial, 25, 127, 270, Академическая, 1


; левый торец

PenColor 000000
Line 3,248, 3,262, 9,262, 9,314, 3,314, 3,328


; правый вестибюль

Line 453,248, 453,254, 359,254, 359,259, 407,259, 407,262
Line 453,328, 453,323, 359,323, 359,318, 407,318, 407,315

Line 561,262, 572,226, 638,160, 704,226, 704,240, 699,240
Line 699,336, 704,336, 704,350, 638,416, 572,350, 561,315
Line 699,273, 704,273, 704,301, 699,301
Line 704,288, 580,288

; эскалатор 4 гор
PenColor 7F7F7F
Stairs 573,312, 573,265, 404,312
PenColor 000000
BrushColor 9B5509
Polygon 580,265, 400,265, 400,262, 580,262
Polygon 580,273, 580,278, 400,278, 400,273
Polygon 580,286, 580,291, 400,291, 400,286
Polygon 580,299, 580,304, 400,304, 400,299
Polygon 580,312, 400,312, 400,315, 580,315

; турникеты
Line 598,200, 602,211, 0.5
Line 626,277, 630,288, 0.5
PenColor 009900
Stairs 622,278, 630,275, 598,211

; стрелки
PenColor FF0000
Arrow 688,318, 714,318
PenColor 009900
Arrow 714,256, 686,256

; Названия улиц голубым
PenColor 00AFAF
BrushColor -1
AngleTextOut 45, Arial, 15, 644, 479, Гражданский проспект
AngleTextOut -45, Arial, 15, 685, 118, проспект Науки
