Size 950x880
Angle 0
;Angle -28

; Площадь Александра Невского-II

;Пути
PenColor 000000
BrushColor ea7125
Polygon 126,727, 126,697, 576,697, 576,727
Polygon 126,807, 126,837, 576,837, 576,807

BrushColor -1
PenColor ea7125
AngleTextOut 0, Arial, 20, 132, 673, << Лиговский проспект
AngleTextOut 0, Arial, 20, 413, 837, Новочеркасская >>
AngleTextOut 0, Arial, 25, 164, 752, Площадь Александра Невского-II, 1

; вестибюль

;Здания беж
PenColor DDDDDD
BrushColor FEFBF1
Polygon -359,769, 269,601, 182,422, 23,464, 12,504, -181,555, -213,529, -372,571

PenColor 000000
Line 126,727, 126,739, 84,739, 84,717, 72,700, 79,685, 83,668, 79,667
Line 41,658, 37,657, 33,674, 39,691, 51,702, 50,716, 48,716, 48,739, 39,739, 39,795, 126,795, 126,807
Stairs 124,739, 124,795, 85,739
Stairs 48,736, 63,736, 48,723
Stairs 69,736, 84,736, 69,722

BrushColor CCCCCC
Polygon 63,707, 63,739, 69,739, 69,717

; эскалатор 3 +77
PenColor 7F7F7F
Stairs 108,532, 74,524, 76,670
PenColor 000000
BrushColor 9B5509
Polygon 76,518, 42,665, 39,664, 73,517
Polygon 83,520, 88,521, 54,668, 49,667
Polygon 96,523, 101,524, 67,671, 62,670
Polygon 109,526, 75,673, 78,674, 112,527


Opaque 80
PenColor FFFFFF
BrushColor FFFFFF
Polygon 93,614, 81,609, 73,605, 62,596, 56,589, 62,561, 65,567, 69,572, 73,577, 79,579, 85,580, 92,577, 98,574, 102,571
Opaque 100

PenColor 000000
Spline 63,561, 79,579, 102,570
Spline 45,574, 65,599, 89,613, 123,619, 157,610
Spline 184,589, 195,572, 202,553
Spline 202,517, 189,487, 165,463, 126,450, 91,455, 63,472, 44,497
Spline 49,503, 43,523, 43,546, 49,566
Line 49,503, 44,497
Line 49,566, 45,574

; турникеты
Line 59,505, 60,501, 64,502, 63,506, 59,505
Line 192,577, 170,560, 158,504, 108,493, 101,524, 0.5
Line 48,500, 59,503, 0.5
Line 95,512, 103,514, 0.5
PenColor 009900
Stairs 95,510, 94,514, 67,503

; кассы
PenColor 0
BrushColor -1
Line 48,489, 40,482, 63,459, 70,466
AngleTextOut 45, Arial, 10, 41, 478, кассы

;инфосос
PenColor 34349C
BrushColor 34349C
Polygon 128,500, 132,501, 132,502, 128,501
PenColor FF0000
BrushColor FF0000
Polygon 124,499, 128,500, 128,501, 124,500


; стрелки
PenColor FF0000
Arrow 162,590, 177,610
PenColor 009900
Arrow 214,534, 188,534

; переход

PenColor 000000
Line 576,807, 576,797, 604,797, 604,794
Line 576,727, 576,738, 604,738, 604,741

; эскалатор 4 гор
PenColor 7F7F7F
Stairs 702,791, 702,744, 601,791
PenColor 000000
BrushColor 9B5509
Polygon 709,744, 596,744, 596,741, 709,741
Polygon 709,752, 709,757, 596,757, 596,752
Polygon 709,765, 709,770, 596,770, 596,765
Polygon 709,778, 709,783, 596,783, 596,778
Polygon 709,791, 596,791, 596,794, 709,794

PenColor 000000
Line 700,741, 700,738, 761,738, 761,743, 793,743, 827,725, 824,719, 839,711, 820,676
Line 700,794, 700,797, 760,797, 760,792, 794,792, 848,764, 850,768, 910,736, 884,687, 876,691, 858,657
Stairs 828,717, 854,766, 837,712
Stairs 838,709, 875,689, 821,677

; горизонтальный лифт
Line 858,657, 872,650, 866,639, 865,639, 859,627, 861,626, 859,622, 857,623, 851,612, 853,611, 851,607, 849,608, 843,597, 845,596, 843,592, 841,593, 835,582, 837,581, 835,577, 833,578, 827,567, 829,566, 827,562, 825,563, 819,552, 821,551, 819,547, 817,548, 811,537, 813,536, 811,532, 809,533, 803,522, 805,521, 803,517, 801,518, 795,507, 797,506, 795,502, 793,503, 787,492, 789,491, 787,487, 785,488, 779,477, 781,476, 779,472, 777,473, 771,462, 773,461, 771,457, 769,458, 763,447, 765,446, 763,442, 761,443, 755,432, 757,431, 755,427, 753,428, 747,417, 749,416, 747,412, 745,413, 739,402, 741,401, 739,397, 737,398, 731,387, 733,386, 731,382, 729,383, 723,372, 725,371, 723,367, 721,368, 715,357, 717,356, 715,352, 713,353, 707,342, 709,341, 707,337, 705,338, 699,327, 701,326, 699,322, 697,323, 691,312, 693,311, 691,307, 689,308, 683,297, 685,296, 683,292, 681,293, 675,282, 677,281, 675,277, 673,278, 667,267, 668,266, 660,251, 649,257, 631,223, 629,224
Line 820,676, 806,683, 801,673, 802,672, 796,661, 794,662, 792,658, 794,657, 788,646, 786,647, 784,643, 786,642, 780,631, 778,632, 776,628, 778,627, 772,616, 770,617, 768,613, 770,612, 764,601, 762,602, 760,598, 762,597, 756,586, 754,587, 752,583, 754,582, 748,571, 746,572, 744,568, 746,567, 740,556, 738,557, 736,553, 738,552, 732,541, 730,542, 728,538, 730,537, 724,526, 722,527, 720,523, 722,522, 716,511, 714,512, 712,508, 714,507, 708,496, 706,497, 704,493, 706,492, 700,481, 698,482, 696,478, 698,477, 692,466, 690,467, 688,463, 690,462, 684,451, 682,452, 680,448, 682,447, 676,436, 674,437, 672,433, 674,432, 668,421, 666,422, 664,418, 666,417, 660,406, 658,407, 656,403, 658,402, 652,391, 650,392, 648,388, 650,387, 644,376, 642,377, 640,373, 642,372, 636,361, 634,362, 632,358, 634,357, 628,346, 626,347, 624,343, 626,342, 620,331, 618,332, 616,328, 618,327, 612,316, 610,317, 608,313, 610,312, 604,300, 603,301, 595,286, 605,281, 587,247, 588,246

; Площадь Александра Невского-I

;Пути
BrushColor 009a49
Polygon 874,648, 900,634, 688,236, 662,250
Polygon 804,684, 777,698, 566,301, 593,287

BrushColor -1
PenColor 009a49
AngleTextOut -62, Arial, 20, 711, 226, << Маяковская
AngleTextOut -62, Arial, 20, 704, 561, Елизаровская >>
AngleTextOut -62, Arial, 25, 659, 294, Площадь Александра Невского-I, 1

; вестибюль

; эскалатор 3
PenColor 7F7F7F
Stairs 591,246, 627,227, 534,139
PenColor 000000
BrushColor 9B5509
Polygon 628,232, 566,116, 570,114, 632,230
Polygon 621,236, 615,239, 553,123, 559,120
Polygon 608,243, 602,246, 540,130, 546,127
Polygon 595,250, 533,134, 529,136, 591,252

Opaque 80
PenColor FFFFFF
BrushColor FFFFFF
Polygon 559,194, 571,191, 582,185, 592,180, 602,173, 618,202, 574,225
Opaque 100

PenColor 000000
Line 646,68, 623,80, 644,119
Line 651,185, 638,192, 636,188
Line 620,196, 622,200, 572,227, 570,223
Line 554,231, 556,235, 543,242
Line 492,199, 438,98, 470,96, 475,105, 486,99
Line 640,57, 617,69, 589,17, 570,43, 575,52, 564,58
Spline 492,199, 516,232, 543,242
Spline 644,119, 657,157, 651,185
Spline 564,58, 548,50, 530,48, 511,54, 497,65, 488,81, 486,99
Spline 533,144, 511,138, 494,123
Line 494,123, 486,127, 512,176
Spline 512,176, 535,190, 557,194, 582,185, 603,171, 611,150, 612,123
Line 612,123, 586,74, 579,78
Spline 579,78, 582,101, 574,122

; турникеты
Line 515,55, 520,56, 519,61, 514,60, 515,55
Line 511,55, 542,113, 543,128, 0.5
Line 579,78, 566,73, 0.5
PenColor 009900
Stairs 523,61, 524,58, 567,75

; кассы
PenColor 0
BrushColor -1
Line 628,89, 635,85, 650,113, 643,117
AngleTextOut -62, Arial, 10, 639, 87, кассы

; стрелки
PenColor FF0000
Arrow 480,146, 491,167
PenColor 009900
Arrow 616,101, 605,80

;названия улиц голубым
PenColor 00AFAF
BrushColor -1
AngleTextOut 25, Arial, 15, 347, 533, площадь Александра Невского
AngleTextOut -40, Arial, 15, 175, 331, Невский проспект
AngleTextOut 50, Arial, 15, 66, 152, улица Александра Невского
AngleTextOut 25, Arial, 15, 643, 53, 'ТЦ "Москва" >>'

PenColor 000000
TextOut Arial, 15, 61, 389, вестибюль работает
TextOut Arial, 15, 21, 407, только по рабочим дням с 7 до 20.

