Size 340x650
Angle -80

; пути

BrushColor D6083B
Polygon 13,343, 13,313, 463,313, 463,343
Polygon 13,423, 13,453, 463,453, 463,423

BrushColor -1
PenColor D6083B
AngleTextOut 0, Arial, 20, 14, 289, << Кировский завод
AngleTextOut 0, Arial, 20, 266, 453, Ленинский проспект >>
AngleTextOut 0, Arial, 25, 188, 365, Автово, 1


; правый торец

PenColor 000000
Line 463,343, 463,360, 430,360, 430,406, 463,406, 463,423


; левый вестибюль

Line 13,343, 13,363
Line 13,423, 13,404
Line -19,363, 29,363
Line -19,404, 29,404
Stairs -17,363, -17,404, 28,363

Line -7,363, -7,343, -62,343, -62,292
Line -7,404, -7,423, -99,423, -99,344, -96,344, -96,292
Spline -62,292, -41,275, -33,250, -42,221, -66,205, -92,205, -116,221, -125,249, -117,275, -96,292
Spline -103,267, -109,249, -103,231, -87,220
Spline -72,220, -55,231, -49,249, -55,267
Railway 16, 16, 3, -117,275, -122,265, -125,251
Railway 16, 16, 3, -124,241, -121,230, -115,220
Railway 16, 16, 3, -110,215, -103,210, -92,205
Railway 16, 16, 3, -66,205, -57,209, -47,216
Railway 16, 16, 3, -42,222, -37,231, -34,240
Railway 16, 16, 3, -33,253, -36,265, -41,275

Line -88,147, -88,171, -11,171, -11,147
Line -31,147, -31,131
Line -70,146, -70,131
Spline -70,131, -89,114, -97,88, -88,61, -64,44, -37,44, -13,61, -4,88, -12,114, -31,131
Spline -60,67, -71,76, -75,88, -71,102, -60,111
Ellipse -75,65, -26,114
Ellipse -71,69, -30,110
Ellipse -73,67, -28,112

PenColor FFFFFF
BrushColor FFFFFF
Polygon -64,75, -75,64, -27,64, -38,75

PenColor 000000
Line -34,72, -37,75, -42,75, -42,58, -37,44
Line -68,72, -65,75, -60,75, -60,58, -64,44
Stairs -60,73, -42,73, -60,58

BrushColor CCCCCC
Polygon -56,147, -56,135, -44,135, -44,147, -56,147

; кассы
BrushColor -1
Line -91,231, -91,225, -69,225, -69,231, -91,231
AngleTextOut 0, Arial, 8, -90, 222, кассы

; турникеты
Line -75,355, -81,358, -81,344, -84,344, 0.5
Line -60,347, -53,343, 0.5
Line -96,344, -93,344, 0.5
PenColor 009900
Stairs -76,353, -74,357, -59,344
PenColor FF0000
Stairs -93,342, -93,346, -84,342

; стрелки
PenColor FF0000
Arrow -63,136, -63,145
Arrow -53,52, -53,63
Arrow -62,49, -55,47
Arrow -114,234, -107,223
Arrow -87,335, -87,326
Arrow -83,208, -82,217
PenColor 009900
Arrow -37,145, -37,135
Arrow -48,63, -48,52
Arrow -47,47, -41,48
Arrow -77,217, -77,208
Arrow -44,236, -41,248
Arrow -68,325, -68,334

;названия улиц голубым
PenColor 00AFAF
BrushColor -1
AngleTextOut 0, Arial, 15, -163, 369, проспект
AngleTextOut 0, Arial, 15, -163, 384, Стачек

