Size 870x350
Angle 15

; пути

BrushColor D6083B
Polygon 838,248, 388,248, 388,278, 838,278
Polygon 838,168, 388,168, 388,138, 838,138

BrushColor -1
PenColor D6083B
AngleTextOut 0, Arial, 20, 388, 114, << Нарвская
AngleTextOut 0, Arial, 20, 568, 278, Технологический институт-II >>
AngleTextOut 0, Arial, 25, 542, 193, Балтийская, 1

; столбы

PenColor 000000
BrushColor CCCCCC
Polygon 826,237, 820,237, 820,229, 822,227, 824,227, 826,229
Polygon 807,237, 801,237, 801,229, 803,227, 805,227, 807,229
Polygon 789,237, 783,237, 783,229, 785,227, 787,227, 789,229
Polygon 771,237, 765,237, 765,229, 767,227, 769,227, 771,229
Polygon 753,237, 747,237, 747,229, 749,227, 751,227, 753,229
Polygon 734,237, 728,237, 728,229, 730,227, 732,227, 734,229
Polygon 715,237, 709,237, 709,229, 711,227, 713,227, 715,229
Polygon 697,237, 691,237, 691,229, 693,227, 695,227, 697,229
Polygon 679,237, 673,237, 673,229, 675,227, 677,227, 679,229
Polygon 661,237, 655,237, 655,229, 657,227, 659,227, 661,229
Polygon 642,237, 636,237, 636,229, 638,227, 640,227, 642,229
Polygon 624,237, 618,237, 618,229, 620,227, 622,227, 624,229
Polygon 605,237, 599,237, 599,229, 601,227, 603,227, 605,229
Polygon 586,237, 580,237, 580,229, 582,227, 584,227, 586,229
Polygon 568,237, 562,237, 562,229, 564,227, 566,227, 568,229
Polygon 550,237, 544,237, 544,229, 546,227, 548,227, 550,229
Polygon 532,237, 526,237, 526,229, 528,227, 530,227, 532,229
Polygon 513,237, 507,237, 507,229, 509,227, 511,227, 513,229
Polygon 495,237, 489,237, 489,229, 491,227, 493,227, 495,229
Polygon 476,237, 470,237, 470,229, 472,227, 474,227, 476,229
Polygon 458,237, 452,237, 452,229, 454,227, 456,227, 458,229
Polygon 440,237, 434,237, 434,229, 436,227, 438,227, 440,229
Polygon 421,237, 415,237, 415,229, 417,227, 419,227, 421,229
Polygon 403,237, 397,237, 397,229, 399,227, 401,227, 403,229
Polygon 826,180, 820,180, 820,188, 822,190, 824,190, 826,188
Polygon 807,180, 801,180, 801,188, 803,190, 805,190, 807,188
Polygon 789,180, 783,180, 783,188, 785,190, 787,190, 789,188
Polygon 771,180, 765,180, 765,188, 767,190, 769,190, 771,188
Polygon 753,180, 747,180, 747,188, 749,190, 751,190, 753,188
Polygon 734,180, 728,180, 728,188, 730,190, 732,190, 734,188
Polygon 715,180, 709,180, 709,188, 711,190, 713,190, 715,188
Polygon 697,180, 691,180, 691,188, 693,190, 695,190, 697,188
Polygon 679,180, 673,180, 673,188, 675,190, 677,190, 679,188
Polygon 661,180, 655,180, 655,188, 657,190, 659,190, 661,188
Polygon 642,180, 636,180, 636,188, 638,190, 640,190, 642,188
Polygon 624,180, 618,180, 618,188, 620,190, 622,190, 624,188
Polygon 605,180, 599,180, 599,188, 601,190, 603,190, 605,188
Polygon 586,180, 580,180, 580,188, 582,190, 584,190, 586,188
Polygon 568,180, 562,180, 562,188, 564,190, 566,190, 568,188
Polygon 550,180, 544,180, 544,188, 546,190, 548,190, 550,188
Polygon 532,180, 526,180, 526,188, 528,190, 530,190, 532,188
Polygon 513,180, 507,180, 507,188, 509,190, 511,190, 513,188
Polygon 495,180, 489,180, 489,188, 491,190, 493,190, 495,188
Polygon 476,180, 470,180, 470,188, 472,190, 474,190, 476,188
Polygon 458,180, 452,180, 452,188, 454,190, 456,190, 458,188
Polygon 440,180, 434,180, 434,188, 436,190, 438,190, 440,188
Polygon 421,180, 415,180, 415,188, 417,190, 419,190, 421,188
Polygon 403,180, 397,180, 397,188, 399,190, 401,190, 403,188


; правый торец

Line 838,248, 838,234, 830,234, 830,224, 834,224, 834,227, 838,227, 838,189, 834,189, 834,193, 830,193, 830,183, 838,183, 838,168


; левый вестибюль

Line 388,168, 388,182, 394,182, 394,191, 389,191, 389,193, 383,193, 383,191, 373,191, 373,185, 341,185, 341,188
Line 388,248, 388,235, 394,235, 394,225, 389,225, 389,223, 383,223, 383,225, 373,225, 373,231, 341,231, 341,228

; эскалатор 3 гор
PenColor 7F7F7F
Stairs 343,225, 343,191, 221,225
PenColor 000000
BrushColor 9B5509
Polygon 350,191, 216,191, 216,188, 350,188
Polygon 350,199, 350,204, 216,204, 216,199
Polygon 350,212, 350,217, 216,217, 216,212
Polygon 350,225, 216,225, 216,228, 350,228

; будки
BrushColor FFFFFF
Polygon 352,204, 359,204, 359,199, 352,199
Polygon 214,212, 214,217, 207,217, 207,212


Stairs 130,220, 130,196, 108,220
Spline 222,228, 201,250, 171,254, 146,241, 134,220
Spline 133,196, 147,173, 169,161
Spline 210,171, 217,179, 222,188
Spline 193,102, 187,109, 189,118
Line 134,220, 100,220, 41,204, 40,208, 36,207
Line 133,196, 103,196, 47,181, 48,177, 44,176
Line 35,195, 37,187
Line 169,161, 163,141, 168,121, 161,119, 165,104, 169,105, 171,98, 167,97, 170,86, 174,87, 175,83, 171,82
Line 190,87, 186,86, 185,90, 189,91, 186,102, 182,101, 180,108, 184,109, 176,139, 183,165, 189,143, 188,137, 189,134, 185,133, 189,118
Line 193,102, 198,83, 246,96, 249,84, 260,87, 261,83, 265,84
Line 287,90, 291,91, 290,95, 305,99, 288,160, 277,157, 278,153, 274,152, 273,156, 266,154, 267,150, 263,149, 262,153, 255,151, 256,147, 252,146, 251,150, 244,148, 245,144, 226,139, 225,143, 221,142, 220,145, 215,150, 209,172
Line 181,104, 178,103
Line 173,102, 170,101
Line 185,88, 182,87
Line 178,86, 175,85
Line 283,89, 279,88
Line 273,86, 269,85
Stairs 176,139, 165,136, 178,130
Stairs 212,161, 186,154, 214,154

; столбы
BrushColor CCCCCC
Polygon 133,211, 106,211, 106,205, 133,205
Polygon 43,180, 44,176, 40,175, 39,179
Polygon 32,206, 33,202, 37,203, 36,207
Polygon 236,97, 230,95, 232,89, 238,91
Polygon 222,93, 216,91, 218,85, 224,87
Polygon 208,89, 202,87, 204,81, 210,83
Polygon 216,148, 212,147, 213,143, 217,144
Polygon 205,145, 201,144, 202,140, 206,141
Polygon 194,142, 190,141, 191,137, 195,138
Polygon 208,164, 204,163, 203,167, 207,168
Polygon 200,162, 196,161, 195,165, 199,166
Polygon 192,160, 191,164, 187,163, 188,159

Ellipse 234,103, 229,98
Ellipse 220,99, 215,94
Ellipse 206,95, 201,90
Ellipse 200,106, 196,102
Ellipse 196,120, 192,116
Ellipse 218,141, 214,137
Ellipse 207,138, 203,134
Ellipse 196,135, 192,131
Ellipse 99,210, 91,202
Ellipse 77,204, 69,196
Ellipse 55,198, 47,190

; турникеты
PenColor 000000
Line 183,165, 193,201, 216,201, 0.5
BrushColor FFFFFF
Polygon 223,105, 218,108, 215,103, 220,100
PenColor 009900
Stairs 241,141, 244,139, 221,111

; кассы
PenColor 0
BrushColor -1
Spline 290,153, 287,126, 303,105
AngleTextOut 75, Arial, 8, 286, 135, кассы


; стрелки
PenColor FF0000
Arrow 41,184, 33,182
Arrow 37,199, 29,197
Arrow 178,94, 182,79
Arrow 201,215, 191,215
PenColor 009900
Arrow 278,79, 274,94
Arrow 198,195, 208,195

186,252, 

; Названия улиц голубым
PenColor 00AFAF
BrushColor -1
AngleTextOut 75, Arial, 15, 338, 140, Митрофаньевское шоссе
AngleTextOut -15, Arial, 15, 74, -36, Площадь Балтийского вокзала
AngleTextOut 75, Arial, 15, -13, 217, Балтийский вокзал



