Size 440x720
Angle -77

; пути
BrushColor 702785
Polygon 121,264, 121,234, 571,234, 571,264
Polygon 121,344, 121,374, 571,374, 571,344

BrushColor -1
PenColor 702785
AngleTextOut 0, Arial, 20, 122, 210, << Волковская
AngleTextOut 0, Arial, 20, 406, 374, Международная >>
AngleTextOut 0, Arial, 25, 249, 286, Бухарестская, 1

; правый торец
PenColor 000000
Line 571,264, 571,278, 418,278, 418,286, 421,286, 421,322, 418,322, 418,330, 571,330, 571,344

; пилоны
BrushColor CCCCCC
Polygon 407,278, 384,278, 384,286, 407,286
Polygon 373,278, 350,278, 350,286, 373,286
Polygon 339,278, 316,278, 316,286, 339,286
Polygon 306,278, 283,278, 283,286, 306,286
Polygon 272,278, 249,278, 249,286, 272,286

Polygon 407,322, 384,322, 384,330, 407,330
Polygon 373,322, 350,322, 350,330, 373,330
Polygon 339,322, 316,322, 316,330, 339,330
Polygon 306,322, 283,322, 283,330, 306,330
Polygon 272,322, 249,322, 249,330, 272,330

; левый вестибюль

PenColor D0D0D0
BrushColor D0D0D0
Polygon -34,324, -34,280, -20,280, -22,285, -24,290, -25,296, -25,302, -25,307, -24,313, -22,319, -20,324
PenColor FFFFFF
BrushColor FFFFFF
Polygon -23,288, -32,288, -32,316, -23,316
PenColor 000000
Line -23,288, -32,288, -32,316, -23,316

PenColor 000000
Line 121,264, 121,278, 236,278, 236,286, 221,286
Line 121,344, 121,330, 236,330, 236,322, 221,322

; эскалатор 4 гор
PenColor 7F7F7F
Stairs 213,320, 213,288, 45,320
PenColor 000000
BrushColor 9B5509
Polygon 221,289, 38,289, 38,286, 221,286
Polygon 221,294, 221,297, 38,297, 38,294
Polygon 221,302, 221,306, 38,306, 38,302
Polygon 221,311, 221,314, 38,314, 38,311
Polygon 221,319, 38,319, 38,322, 221,322

PenColor 000000
Line -65,258, -65,253, 48,253, 48,286
Line 48,322, 48,354, 9,354, 9,389
Line -13,389, -13,354, -48,354, -48,349
Line -48,329, -48,324, -20,324
Line -65,275, -65,280, -20,280
Spline -20,324, -25,302, -20,280
Line -34,324, -34,280

BrushColor -1
AngleTextOut 90, Arial, 10, -35, 314, кассы
AngleTextOut 90, Arial, 8, 8, 384, полиция
Line 9,385, 18,385, 18,354


; турникеты
Line 38,304, 15,304, -9,280, -20,280, 0.5
PenColor 009900
Stairs 15,351, 21,351, 15,306
PenColor FF0000
Stairs 16,257, 22,257, 15,303

; названия улиц голубым
BrushColor -1
PenColor 00AFAF
AngleTextOut 115, Arial, 15, -91, 372, улица Салова
AngleTextOut 10, Arial, 15, 377, 597, Бухарестская улица

PenColor 000000
AngleTextOut 90, Arial, 15, -10, 497, 'ТРК "Континент"'
