Size 470x880
Angle 75

; пути

PenColor 000000
BrushColor 0078c9
Polygon 670,497, 670,527, 220,527, 220,497
Polygon 670,417, 670,387, 220,387, 220,417

BrushColor -1
PenColor 0078c9
AngleTextOut 0, Arial, 20, 542, 527, Пионерская >>
AngleTextOut 0, Arial, 20, 217, 361, << Петроградская
AngleTextOut 0, Arial, 25, 363, 440, Чёрная речка, 1

; левый торец

PenColor 000000
Line 670,417, 670,433, 603,433, 603,443, 618,451, 635,453, 635,460, 618,462, 603,470, 603,480, 670,480, 670,497
Line 603,475, 581,475, 570,464, 570,449, 581,438, 603,438, 0.5

; правый вестибюль

Line 220,497, 220,479, 135,479, 135,476
Line 220,417, 220,433, 135,433, 135,436
Stairs 218,479, 218,433, 172,479

; эскалатор 3 гор
PenColor 7F7F7F
Stairs -31,439, -31,473, 138,439
PenColor 000000
BrushColor 9B5509
Polygon -38,473, 142,473, 142,476, -38,476
Polygon -38,465, -38,460, 142,460, 142,465
Polygon -38,452, -38,447, 142,447, 142,452
Polygon -38,439, 142,439, 142,436, -38,436

Opaque 80
PenColor FFFFFF
BrushColor FFFFFF
Polygon 90,477, 90,435, 43,435, 43,477
Opaque 100

Line -1,380, -5,380, -5,404, 12,404, 43,435, 43,477, 12,508, -74,508, -74,514
Line -101,514, -101,508, -109,508, -112,505, -119,512
Line 8,584, -7,569, -179,569
Line -179,469, -144,469, -144,487, -136,495, -129,488, -132,485, -132,357, -106,331, -5,331, -5,348, 5,348, 29,324, 29,306
Spline 29,306, 23,299, 29,292
Line 29,292, 29,270
Line 63,270, 63,292
Spline 63,292, 69,299, 63,306
Line 63,306, 63,324, 91,324

Stairs -177,569, -177,469, -163,569
Stairs 29,274, 63,274, 29,288

Line 6,582, 88,500, 88,324
Line 3,579, 84,498, 84,324
Line 0,576, 80,496, 80,324
Line -3,573, 76,494, 76,324
Line -6,570, 72,492, 72,324

; турникеты
Line -5,397, -54,397, 0.5
Line -110,397, -120,397, -120,414, -92,460, -38,460, 0.5
PenColor 009900
Stairs -110,400, -110,394, -53,400

; стрелки
PenColor FF0000
Arrow -117,494, -130,507
Arrow -87,503, -87,523
PenColor 009900
Arrow 12,364, -17,364

;названия улиц голубым
PenColor 00AFAF
BrushColor -1
AngleTextOut 360, Arial, 15, -128, 652, улица Академика Крылова
