Size 470x750
Angle 90

; пути
PenColor 000000
BrushColor 702785
Polygon 327,414, 327,444, -123,444, -123,414
Polygon 327,334, 327,304, -123,304, -123,334

BrushColor -1
PenColor 702785
AngleTextOut 0, Arial, 20, -122, 279, << Спортивная
AngleTextOut 0, Arial, 20, 133, 444, Крестовский остров >>
AngleTextOut 0, Arial, 25, 62, 358, Чкаловская, 1

; левый торец
PenColor 000000
Line -123,414, -123,401, -60,401, -60,349, -123,349, -123,334

; правый вестибюль
Line 327,414, 327,397, 361,397, 361,394
Line 327,334, 327,351, 361,351, 361,354

; эскалатор 3 гор
PenColor 7F7F7F
Stairs 467,391, 467,357, 358,391
PenColor 000000
BrushColor 9B5509
Polygon 474,357, 353,357, 353,354, 474,354
Polygon 474,365, 474,370, 353,370, 353,365
Polygon 474,378, 474,383, 353,383, 353,378
Polygon 474,391, 353,391, 353,394, 474,394

BrushColor CCCCCC
Polygon 399,351, 481,269, 510,298, 457,351
Polygon 399,397, 457,397, 510,450, 481,479

PenColor 000000

Line 520,312, 522,310, 510,298
Line 399,351, 399,397
Line 510,450, 523,437, 521,435
Line 537,329, 539,327, 552,340, 552,407, 538,421, 536,419
Line 493,490, 521,462, 533,474
Line 481,269, 505,245, 534,274, 515,293
Line 514,278, 502,290
Line 508,438, 493,423
Line 520,440, 501,421
Line 517,389, 522,384, 522,363, 517,358
Line 494,412, 483,423
Line 522,380, 474,380
Line 494,335, 489,330, 474,345
Stairs 520,288, 512,280, 517,291
Stairs 502,422, 497,427, 511,431
Stairs 497,427, 492,432, 506,436
Line 521,287, 568,334, 568,415, 521,462
Line 523,285, 571,333, 571,416, 523,464
Line 525,283, 574,332, 574,417, 525,466
Line 527,281, 577,331, 577,418, 527,468
Line 529,279, 580,330, 580,419, 529,470
Line 531,277, 583,329, 583,420, 531,472

; турникеты
PenColor 009900
Stairs 519,356, 515,360, 495,332
PenColor FF0000
Stairs 519,391, 515,387, 495,415

; стрелки
PenColor FF0000
Arrow 517,415, 526,424
PenColor 009900
Arrow 526,323, 517,332

; названия улиц голубым
PenColor 00AFAF
BrushColor -1
AngleTextOut -45, Arial, 15, 500, 148, Чкаловский проспект
AngleTextOut -135, Arial, 15, 599, 488, улица Большая Зеленина
