Size 690x650
Angle 70

; метро

; пути

PenColor 000000
BrushColor D6083B
Polygon 558,279, 558,309, 108,309, 108,279
Polygon 558,246, 558,276, 108,276, 108,246

; платформы
Line 558,309, 558,321, 548,321, 548,336, 536,336
Line 125,336, 108,336, 108,309
Line 558,246, 558,234, 548,234, 548,220, 466,220
Line 432,202, 448,202, 448,220, 432,220, 432,190
Line 429,220, 429,202, 381,202
Line 485,175, 485,167, 432,167, 432,175
Line 485,190, 485,220, 469,220, 469,202, 485,202
Line 488,220, 488,202, 536,202
Line 451,220, 210,220
Line 231,220, 231,202
Line 125,202, 173,202
Line 231,202, 279,202
Line 194,220, 108,220, 108,246
Line 173,220, 173,202

BrushColor D0D0D0
Polygon 432,207, 448,207, 448,220, 432,220
Polygon 469,207, 485,207, 485,220, 469,220
Polygon 176,207, 192,207, 192,220, 176,220
Polygon 212,207, 228,207, 228,220, 212,220

Polygon 176,336, 192,336, 192,354, 176,354
Polygon 212,336, 228,336, 228,354, 212,354
Polygon 432,336, 448,336, 448,354, 432,354
Polygon 469,336, 485,336, 485,354, 469,354

; турникеты
PenColor 009900
Stairs 451,202, 451,206, 468,202
Stairs 194,202, 194,206, 211,202

; кассы
BrushColor -1
PenColor 000000
Line 228,220, 228,202, 212,202, 212,220
Line 176,220, 176,202, 192,202, 192,220
Line 176,207, 192,207
Line 212,207, 228,207
Line 432,207, 448,207
Line 469,207, 485,207
Line 176,202, 176,190
Line 176,175, 176,167, 228,167, 228,175
Line 228,190, 228,202
AngleTextOut 0, Arial, 6, 177, 200, касса
AngleTextOut 0, Arial, 6, 213, 200, касса
AngleTextOut 0, Arial, 6, 433, 200, касса
AngleTextOut 0, Arial, 6, 470, 200, касса

; ж/д

; пути
PenColor 999999
Railway 10, 14, 4, 64,430, 592,430
Railway 10, 14, 4, 64,411, 592,411
Railway 10, 14, 4, 64,479, 592,479
Railway 10, 14, 4, 64,117, 592,117
Railway 10, 14, 4, 64,99, 592,99

; платформы

PenColor D0D0D0
BrushColor D0D0D0
Polygon 64,165, 64,132, 592,132, 592,165, 376,165, 328,213, 280,165
Polygon 63,400, 63,372, 591,372, 591,400


PenColor 000000
Line 369,172, 376,165, 592,165, 592,132, 64,132, 64,165, 280,165, 288,173
Line 592,165, 592,220, 548,220
Line 64,165, 64,220, 108,220
Line 548,336, 591,336, 591,372
Line 108,336, 63,336, 63,372
Line 279,336, 291,336, 291,348
Polygon 307,348, 307,336, 355,336, 355,348
Line 371,348, 371,336, 382,336
Line 382,336, 429,336, 429,354, 381,354
Line 536,336, 488,336, 488,354, 536,354
Line 279,336, 231,336, 231,354, 279,354
Line 125,336, 173,336, 173,354, 125,354
Line 317,202, 328,213, 340,201
Line 125,62, 173,62, 173,80, 125,80
Line 125,505, 173,505, 173,523, 125,523
Line 279,505, 231,505, 231,523, 279,523
Line 536,80, 488,80, 488,62, 536,62
Line 536,505, 488,505, 488,523, 536,523
Line 381,505, 429,505, 429,523, 381,523
Line 564,372, 591,372, 591,400, 63,400, 63,372, 89,372
Line 117,372, 252,372
Line 280,372, 379,372
Line 407,372, 536,372

Stairs 127,80, 127,62, 172,80
Stairs 534,80, 534,62, 489,80

Stairs 127,220, 127,202, 172,220
Stairs 277,220, 277,202, 232,220
Stairs 383,220, 383,202, 429,220
Stairs 534,220, 534,202, 488,220

Stairs 171,354, 171,336, 125,354
Stairs 233,354, 233,336, 279,354
Stairs 427,354, 427,336, 381,354
Stairs 490,354, 490,336, 536,354

Stairs 127,505, 127,523, 172,505
Stairs 277,505, 277,523, 232,505
Stairs 383,523, 383,505, 428,523
Stairs 534,523, 534,505, 489,523

; турникеты
Stairs 314,204, 319,199, 286,175
Stairs 343,203, 338,198, 372,174

Stairs 89,370, 89,374, 118,370
Stairs 252,370, 252,374, 281,370
Stairs 379,370, 379,374, 408,370
Stairs 536,370, 536,374, 565,370

; стрелки
PenColor FF0000
Arrow 463,333, 463,360, 540,360, 540,346, 516,346
Arrow 454,333, 454,360, 378,360, 378,346, 410,346
Arrow 203,333, 203,364, 222,364
Arrow 299,340, 299,354, 316,354
Line 363,340, 363,354, 370,354, 378,346
PenColor 009900
Arrow 539,210, 548,210, 548,184, 461,184, 461,205, 461,227
Arrow 379,210, 375,210, 375,184, 453,184, 453,205, 453,227


; подземные переходы
Opaque 20

PenColor FFFFFF
BrushColor FFFFFF
Polygon 174,401, 174,131, 230,131, 230,401
Polygon 430,401, 430,131, 487,131, 487,401

PenColor 000000
Line 488,62, 429,62, 429,202
Line 429,220, 429,336
Line 429,354, 429,505
Line 429,523, 488,523
Line 488,505, 488,357
Line 488,336, 488,220
Line 488,202, 488,80

Line 173,80, 173,194
Line 173,220, 173,336
Line 173,62, 231,62, 231,194
Line 231,220, 231,336
Line 173,505, 173,354
Line 231,354, 231,505
Line 173,523, 231,523

Opaque 100

; надписи

PenColor 000000
BrushColor -1
AngleTextOut 0, Arial, 20, 70, 132, << Мурино (на Санкт-Петербург)
AngleTextOut 0, Arial, 20, 294, 377, Лаврики (от Санкт-Петербурга) >>

PenColor 000000
AngleTextOut 0, Arial, 25, 280, 260, Девяткино, 1
AngleTextOut 0, Arial, 20, 426, 283, посадки нет >>
AngleTextOut 0, Arial, 20, 112, 243, << Гражданский проспект
PenColor FFFFFF
AngleTextOut 0, Arial, 25, 282, 262, Девяткино, 1
AngleTextOut 0, Arial, 20, 428, 285, посадки нет >>
AngleTextOut 0, Arial, 20, 113, 244, << Гражданский проспект

PenColor 00AFAF
AngleTextOut 0, Arial, 15, 504, 552, 'Автостанция "Северная"'


Opaque 70
; "закрыто"
PenColor FFD0D0
BrushColor FFD0D0
Polygon 123,60, 175,60, 175,82, 123,82
Polygon 123,200, 174,200, 174,166, 230,166, 230,200, 281,200, 281,222, 123,222
Polygon 123,334, 175,334, 175,356, 123,356
Polygon 229,334, 281,334, 281,356, 229,356
Polygon 123,503, 175,503, 175,525, 123,525
Polygon 229,503, 281,503, 281,525, 229,525

Opaque 100
PenColor FF4040
Dashed 123,60, 175,60, 175,82, 123,82, 123,60
Dashed 123,200, 174,200, 174,166, 230,166, 230,200, 281,200, 281,222, 123,222, 123,200
Dashed 123,334, 175,334, 175,356, 123,356, 123,334
Dashed 229,334, 281,334, 281,356, 229,356, 229,334
Dashed 123,503, 175,503, 175,525, 123,525, 123,503
Dashed 229,503, 281,503, 281,525, 229,525, 229,503
PenColor FF4040
BrushColor -1
AngleTextOut -90, Arial, 10, 209, 539, Переход закрыт
