Size 250x650
Angle 90

; пути
Polygon 435,282, 435,252, -15,252, -15,282
Polygon 435,392, 435,362, -15,362, -15,392

; пути

BrushColor 0078c9
Polygon 435,282, 435,252, -15,252, -15,282
Polygon 435,392, 435,362, -15,362, -15,392

BrushColor -1
PenColor 0078c9
AngleTextOut 0, Arial, 14, 303, 392, Московские ворота >>
AngleTextOut 0, Arial, 14, -14, 235, << Парк Победы
AngleTextOut 0, Arial, 25, 103, 308, Электросила, 1

; столбы
PenColor 000000
BrushColor d0d0d0
Polygon 250,292, 243,292, 243,299, 250,299
Polygon 231,292, 224,292, 224,299, 231,299
Polygon 212,292, 205,292, 205,299, 212,299
Polygon 193,292, 186,292, 186,299, 193,299
Polygon 250,345, 243,345, 243,352, 250,352
Polygon 231,345, 224,345, 224,352, 231,352
Polygon 212,345, 205,345, 205,352, 212,352
Polygon 193,345, 186,345, 186,352, 193,352

; правый торец
Line 435,282, 435,290, 270,290, 270,292, 262,292, 262,299, 268,299, 268,345, 262,345, 262,352, 270,352, 270,354, 435,354, 435,362

; левый вестибюль
Line -15,362, -15,354, 163,354, 163,352, 174,352, 174,345, 163,345, 163,340, 157,340, 157,345, 75,345, 75,342
Line -15,282, -15,290, 163,290, 163,292, 174,292, 174,299, 163,299, 163,304, 157,304, 157,299, 76,299, 76,302

; эскалатор 3 гор
PenColor 7F7F7F
Stairs 78,339, 78,305, -75,339
PenColor 000000
BrushColor 9B5509
Polygon 85,305, -80,305, -80,302, 85,302
Polygon 85,313, 85,318, -80,318, -80,313
Polygon 85,326, 85,331, -80,331, -80,326
Polygon 85,339, -80,339, -80,342, 85,342

BrushColor CCCCCC
Polygon -111,380, -107,387, -110,391, -108,397, -111,403, -121,403, -125,397, -123,391, -127,387, -123,381, -123,381, -123,381

Spline -67,342, -76,358, -87,369, -98,375
Spline -106,378, -117,381, -130,381
Spline -142,378, -161,367, -176,348, -182,326, -179,303, -168,284, -152,271, -133,264, -112,264, -95,270, -79,283, -67,302
Line -94,373, -94,381, -88,381, -88,385, -82,385, -77,390, -77,403, -88,403
Line -106,403, -126,403
Line -142,403, -158,403, -158,388, -148,388, -145,377
Line -97,379, -98,375
Line -105,382, -106,378
Line -131,385, -130,381
Line -143,382, -142,378

; турникеты
Line -80,313, -100,313, -100,323, -120,323, -120,312, 0.5
Line -120,268, -120,263, 0.5
PenColor 009900
Stairs -117,312, -123,312, -117,267

; кассы
PenColor 0
BrushColor -1
Line -178,300, -185,293
Spline -153,260, -172,273, -185,293
Line -153,260, -145,268
AngleTextOut -135, Arial, 10, -154, 273, кассы

; стрелки
PenColor 009900
Arrow -137,414, -137,395
PenColor FF0000
Arrow -98,394, -98,414

; Названия улиц голубым
PenColor 00AFAF
BrushColor -1
AngleTextOut 0, Arial, 15, -164, 423, Московский пр.
