Size 680x720
Angle -50

; пути
BrushColor 009A49
Polygon -65,335, -65,305, 385,305, 385,335
Polygon -65,415, -65,445, 385,445, 385,415

; горизонтальный лифт
PenColor 000000
Line 438,356, 438,353, 385,353, 385,338, 373,338, 373,339, 360,339, 360,337, 355,337, 355,339, 343,339, 343,337, 338,337, 338,339, 326,339, 326,337, 321,337, 321,339, 309,339, 309,337, 304,337, 304,339, 292,339, 292,337, 287,337, 287,339, 275,339, 275,337, 270,337, 270,339, 258,339, 258,337, 253,337, 253,339, 241,339, 241,337, 236,337, 236,339, 224,339, 224,337, 219,337, 219,339, 207,339, 207,337, 202,337, 202,339, 190,339, 190,337, 185,337, 185,339, 173,339, 173,337, 168,337, 168,339, 156,339, 156,337, 151,337, 151,339, 139,339, 139,337, 134,337, 134,339, 122,339, 122,337, 117,337, 117,339, 105,339, 105,337, 100,337, 100,339, 88,339, 88,337, 83,337, 83,339, 71,339, 71,337, 66,337, 66,339, 54,339, 54,337, 49,337, 49,339, 37,339, 37,337, 32,337, 32,339, 20,339, 20,337, 15,337, 15,339, 3,339, 3,337, -2,337, -2,339, -14,339, -14,337, -19,337, -19,339, -31,339, -31,337, -36,337, -36,339, -49,339, -49,338, -65,338
Line 438,396, 438,399, 385,399, 385,412, 373,412, 373,411, 360,411, 360,413, 355,413, 355,411, 343,411, 343,413, 338,413, 338,411, 326,411, 326,413, 321,413, 321,411, 309,411, 309,413, 304,413, 304,411, 292,411, 292,413, 287,413, 287,411, 275,411, 275,413, 270,413, 270,411, 258,411, 258,413, 253,413, 253,411, 241,411, 241,413, 236,413, 236,411, 224,411, 224,413, 219,413, 219,411, 207,411, 207,413, 202,413, 202,411, 190,411, 190,413, 185,413, 185,411, 173,411, 173,413, 168,413, 168,411, 156,411, 156,413, 151,413, 151,411, 139,411, 139,413, 134,413, 134,411, 122,411, 122,413, 117,413, 117,411, 105,411, 105,413, 100,413, 100,411, 88,411, 88,413, 83,413, 83,411, 71,411, 71,413, 66,413, 66,411, 54,411, 54,413, 49,413, 49,411, 37,411, 37,413, 32,413, 32,411, 20,411, 20,413, 15,413, 15,411, 3,411, 3,413, -2,413, -2,411, -14,411, -14,413, -19,413, -19,411, -31,411, -31,413, -36,413, -36,411, -49,411, -49,412, -65,412, -65,338

; эскалатор 3 гор
PenColor 7F7F7F
Stairs 540,393, 540,359, 435,393
PenColor 000000
BrushColor 9B5509
Polygon 547,359, 431,359, 431,356, 547,356
Polygon 547,367, 547,372, 431,372, 431,367
Polygon 547,380, 547,385, 431,385, 431,380
Polygon 547,393, 431,393, 431,396, 547,396

; вестибюль

Opaque 80
PenColor FFFFFF
BrushColor FFFFFF
Polygon 536,355, 510,355, 510,397, 536,397, 532,393, 529,389, 527,385, 525,380, 525,376, 525,372, 527,367, 529,363, 532,359
Opaque 100

PenColor 000000
Spline 536,356, 525,376, 536,396

BrushColor CCCCCC
Line 699,302, 699,293, 510,293, 510,456, 699,456, 699,447
Polygon 699,412, 658,412, 658,404, 677,404, 677,346, 659,346, 659,338, 699,338

Line 547,356, 612,356, 616,366
Line 547,396, 601,416, 608,412
Line 626,388, 631,399, 624,403
PenColor 009900
Stairs 614,367, 618,365, 625,391
PenColor FF0000
Stairs 623,401, 625,405, 607,410

; стрелки
PenColor FF0000
Arrow 675,430, 692,430
PenColor 009900
Arrow 692,320, 675,320

BrushColor -1
PenColor 009A49
AngleTextOut 0, Arial, 20, -62, 279, << Площадь Александра Невского-I
AngleTextOut 0, Arial, 20, 230, 445, Ломоносовская >>
AngleTextOut 0, Arial, 25, 84, 358, Елизаровская, 1

PenColor 00AFAF
AngleTextOut 0, Arial, 15, 525, 504, улица Бабушкина
AngleTextOut 90, Arial, 15, 733, 418, проспект Елизарова

