Size 220x630
Angle 90


; пути

BrushColor 0078c9
Polygon -195,345, -195,375, 255,375, 255,345
Polygon -195,235, -195,265, 255,265, 255,235

BrushColor -1
PenColor 0078c9
AngleTextOut 0, Arial, 20, -194, 211, << Московские ворота
AngleTextOut 0, Arial, 20, -13, 375, Технологический институт-II >>
AngleTextOut 0, Arial, 25, -30, 289, Фрунзенская, 1

; столбы
PenColor 000000
BrushColor CCCCCC
Polygon -16,335, -9,335, -9,328, -16,328
Polygon 10,335, 17,335, 17,328, 10,328
Polygon 36,335, 43,335, 43,328, 36,328
Polygon 62,335, 69,335, 69,328, 62,328
Polygon -16,282, -9,282, -9,275, -16,275
Polygon 10,282, 17,282, 17,275, 10,275
Polygon 36,282, 43,282, 43,275, 36,275
Polygon 62,282, 69,282, 69,275, 62,275

; левый торец
Line -195,265, -195,275, -35,275, -35,282, -45,282, -45,328, -35,328, -35,335, -195,335, -195,345


; правый вестибюль
Line 255,265, 255,275, 88,275, 88,282, 93,282, 93,288, 109,288, 109,282, 139,282, 139,285
Line 255,345, 255,335, 88,335, 88,328, 93,328, 93,322, 109,322, 109,328, 139,328, 139,325

; эскалатор 3 гор
PenColor 7F7F7F
Stairs 305,322, 305,288, 134,322
PenColor 000000
BrushColor 9B5509
Polygon 312,288, 129,288, 129,285, 312,285
Polygon 312,296, 312,301, 129,301, 129,296
Polygon 312,309, 312,314, 129,314, 129,309
Polygon 312,322, 129,322, 129,325, 312,325

BrushColor FFFFFF
Spline 326,358, 308,343, 297,325
Spline 373,361, 393,349, 407,332, 414,310, 411,285, 399,264, 381,250, 361,244, 335,246, 311,261, 296,285
Line 373,361, 380,376, 389,372
Line 326,358, 318,376, 308,372

BrushColor CCCCCC
Polygon 356,364, 359,371, 355,373, 359,381, 344,381, 347,373, 343,371, 346,364

; турникеты
PenColor 000000
BrushColor -1
Polygon 348,253, 354,253, 354,259, 348,259
Line 312,301, 332,301, 332,323, 351,323, 0.5
Line 351,364, 351,315, 0.5
Line 351,253, 351,244, 0.5
PenColor 009900
Stairs 353,315, 349,315, 353,261

; стрелки
PenColor 009900
Arrow 372,386, 365,363
PenColor FF0000
Arrow 334,364, 328,382

; кассы
PenColor 000000
Line 387,253, 394,246, 414,266, 406,274
BrushColor -1
AngleTextOut -45, Arial, 10, 397, 245, кассы

; Названия улиц голубым
PenColor 00AFAF
AngleTextOut 0, Arial, 15, 270, 405, Московский проспект
