Size 570x750
Angle -70

; пути

BrushColor 0078c9
Polygon 663,304, 663,274, 213,274, 213,304
Polygon 663,414, 663,384, 213,384, 213,414

BrushColor -1
PenColor 0078c9
AngleTextOut 0, Arial, 25, 353, 326, Горьковская, 1
AngleTextOut 0, Arial, 20, 213, 250, <<  Петроградская
AngleTextOut 0, Arial, 20, 483, 414, Невский проспект >>

; столбы
PenColor 000000
BrushColor CCCCCC
Polygon 485,314, 477,314, 477,322, 485,322
Polygon 460,314, 452,314, 452,322, 460,322
Polygon 434,314, 426,314, 426,322, 434,322
Polygon 408,314, 400,314, 400,322, 408,322
Polygon 485,366, 477,366, 477,374, 485,374
Polygon 460,366, 452,366, 452,374, 460,374
Polygon 434,366, 426,366, 426,374, 434,374
Polygon 408,366, 400,366, 400,374, 408,374


; правый торец

PenColor 000000
Line 663,304, 663,314, 503,314, 503,322, 509,322, 509,366, 503,366, 503,374, 663,374, 663,384


; левый вестибюль

Line 213,384, 213,374, 383,374, 383,366, 378,366, 378,360, 361,360, 361,366, 332,366, 332,364
Line 213,304, 213,314, 383,314, 383,322, 378,322, 378,328, 361,328, 361,322, 332,322, 332,324

; эскалатор 3 гор
PenColor 7F7F7F
Stairs 334,361, 334,327, 124,361
PenColor 000000
BrushColor 9B5509
Polygon 341,327, 119,327, 119,324, 341,324
Polygon 341,335, 341,340, 119,340, 119,335
Polygon 341,348, 341,353, 119,353, 119,348
Polygon 341,361, 119,361, 119,364, 341,364

PenColor 000000
BrushColor FFFFFF
;Spline 131,327, 112,314, 89,309, 65,314, 46,327, 33,346, 29,367, 33,391, 47,411, 67,424, 89,428, 112,423, 131,410
Spline 130,302, 121,294, 111,289
Spline 100,285, 91,284, 81,284
Spline 71,286, 56,293, 45,302, 35,316, 29,334, 29,355, 36,373, 47,387, 62,397, 79,402, 97,402, 115,396, 130,385
Line 130,302, 130,324
Line 130,385, 130,364
Line 68,287, 61,272, 50,277, 19,218
Line 115,291, 122,277, 128,280, 160,217
BrushColor CCCCCC
Polygon 92,252, 92,204, 100,204, 100,252
Polygon 85,284, 83,278, 87,273, 84,267, 101,268, 97,274, 99,279, 97,285
Line 92,250, 42,263
Line 92,246, 40,259
Line 92,242, 38,255
Line 92,238, 36,251
Line 92,234, 34,247
Line 92,230, 32,243
Line 92,226, 30,239
Line 92,222, 28,235
Line 92,218, 26,231
Line 92,214, 24,227
Line 92,210, 22,223
Line 100,250, 138,261
Line 100,246, 140,257
Line 100,242, 142,253
Line 100,238, 144,249
Line 100,234, 146,245
Line 100,230, 148,241
Line 100,226, 150,237
Line 100,222, 152,233
Line 100,218, 154,229
Line 100,214, 156,225
Line 100,210, 158,221

; турникеты
Line 119,348, 105,348, 105,330, 88,330, 88,284, 0.5
BrushColor -1
Polygon 84,391, 92,391, 92,399, 84,399
PenColor 009900
Stairs 85,334, 91,334, 85,388

; стрелки
PenColor 009900
Arrow 70,263, 74,281
PenColor FF0000
Arrow 107,284, 113,264

PenColor 00AFAF
BrushColor -1
AngleTextOut 75, Arial, 15, 87, 594, Александровский парк
AngleTextOut 65, Arial, 15, -84, 296, Кронверкский проспект
AngleTextOut 0, Arial, 15, 80, 76, Каменноостровский проспект
