Size 570x900
Angle 65

; пути

BrushColor D6083B
Polygon 279,503, 279,473, -171,473, -171,503
Polygon -171,393, -171,363, 279,363, 279,393

BrushColor -1
PenColor D6083B
AngleTextOut 0, Arial, 20, 159, 502, Девяткино >>
AngleTextOut 0, Arial, 20, -167, 340, << Академическая
AngleTextOut 0, Arial, 25, -89, 415, Гражданский проспект, 1


; левый торец

PenColor 000000
Line -171,393, -171,407, -153,407, -153,458, -171,458, -171,472


; правый вестибюль

PenColor 000000
Line 279,393, 279,398, 258,398, 258,403, 306,403, 306,406
Line 279,473, 279,468, 258,468, 258,462, 306,462, 306,459

Line 514,488, 514,499, 499,499, 499,510, 509,510, 509,524
Line 542,488, 542,499, 556,499, 556,510, 546,510, 546,524
Line 582,448, 595,448, 595,471, 605,471, 605,453, 616,453, 616,461, 628,473, 628,480, 673,480, 680,473, 680,453, 687,453
Line 583,422, 595,422, 595,399, 605,399, 605,415, 616,415, 616,410, 620,406, 637,406, 637,391, 672,391, 680,399, 680,417, 687,417
Spline 477,459, 487,473, 499,482, 514,488
Spline 542,488, 567,474, 582,448
Spline 583,422, 568,394, 542,379, 515,378, 493,389, 478,406

; эскалатор 4 гор
PenColor 7F7F7F
Stairs 492,456, 492,409, 303,456
PenColor 000000
BrushColor 9B5509
Polygon 499,409, 298,409, 298,406, 499,406
Polygon 499,417, 499,422, 298,422, 298,417
Polygon 499,430, 499,435, 298,435, 298,430
Polygon 499,443, 499,448, 298,448, 298,443
Polygon 499,456, 298,456, 298,459, 499,459

; турникеты
Line 541,379, 541,386, 0.5
Line 541,446, 541,458, 0.5
Line 499,433, 545,461, 545,487, 0.5
PenColor 009900
Stairs 538,386, 544,386, 538,447

; стрелки
PenColor FF0000
Arrow 530,504, 530,520
PenColor 009900
Arrow 687,436, 668,436

; Названия улиц голубым
PenColor 00AFAF
BrushColor -1
AngleTextOut 0, Arial, 15, 486, 561, Гражданский проспект
AngleTextOut -90, Arial, 15, 745, 392, проспект Просвещения
