Size 950x1100
Angle 65

; перекресток
PenColor F7F7F7
BrushColor F7F7F7
Polygon 209,150, 294,110, 877,110, 921,204, 920,867, 890,881, 891,150

; Кировский завод

;Пути
PenColor 000000
BrushColor D6083B
Polygon 521,380, 521,410, 71,410, 71,380
Polygon 521,300, 521,270, 71,270, 71,300

BrushColor -1
PenColor D6083B
AngleTextOut 0, Arial, 20, 413, 410, Нарвская >>
AngleTextOut 0, Arial, 20, 73, 248, << Автово
AngleTextOut 0, Arial, 25, 203, 321, Кировский завод, 1

; правый вестибюль
PenColor 000000
Line 521,380, 521,366, 566,366, 566,363
Line 521,300, 521,314, 566,314, 566,317
Line 725,394, 725,409, 775,409, 775,394
Line 803,366, 819,366, 819,315, 804,315
Spline 695,363, 707,381, 725,394
Spline 775,394, 792,382, 803,366
Spline 804,315, 792,298, 775,286
Spline 695,317, 707,300, 724,287
Line 775,286, 775,272, 787,272, 787,258, 795,258, 795,272, 821,272, 821,219, 818,219, 818,201
Line 859,200, 859,169, 609,169, 609,200
Line 789,201, 789,209, 797,209, 797,219, 796,219, 796,228, 776,228
Spline 776,228, 766,215, 749,210, 734,215, 724,228
Line 724,228, 705,228, 705,213, 684,213, 684,205, 673,205, 673,201
Line 650,201, 650,210, 663,210, 663,213, 645,213, 645,272, 705,272, 705,258, 712,258, 712,272, 724,272, 724,287

; турникеты
Line 712,258, 714,253, 0.5
Line 724,228, 722,234, 0.5
Line 797,219, 801,219, 0.5
Line 818,219, 814,219, 0.5
PenColor 009900
Stairs 712,252, 716,253, 720,233
PenColor FF0000
Stairs 801,217, 801,221, 814,217

; эскалатор 3
PenColor 7F7F7F
Stairs 564,321, 564,359, 698,321
PenColor 000000
BrushColor 9B5509
Polygon 703,363, 558,363, 558,359, 703,359
Polygon 703,351, 558,351, 558,344, 703,344
Polygon 703,336, 558,336, 558,329, 703,329
Polygon 703,321, 558,321, 558,317, 703,317

; стрелки
PenColor FF0000
Arrow 807,243, 807,227
PenColor 009900
Arrow 688,236, 709,241


; левый вестибюль
PenColor 000000
Line 71,380, 71,370, 40,370, 40,366
Line 40,313, 40,309, 71,309, 71,300

; эскалатор 4 гор
PenColor 7F7F7F
Stairs 42,363, 42,316, -26,363
PenColor 000000
BrushColor 9B5509
Polygon 49,316, -31,316, -31,313, 49,313
Polygon 49,324, 49,329, -31,329, -31,324
Polygon 49,337, 49,342, -31,342, -31,337
Polygon 49,350, 49,355, -31,355, -31,350
Polygon 49,363, -31,363, -31,366, 49,366

; переход

Line -24,313, -24,309, -95,309, -95,370, -90,370, -90,381
Line -74,381, -74,370, -62,370, -62,381
Line -46,381, -46,370, -24,370, -24,366
Spline -90,381, -87,406, -80,432
Spline -74,381, -72,403, -65,426
Spline -62,381, -59,401, -53,422
Spline -46,381, -44,398, -39,417
Line -80,432, -61,483
Line -65,426, -46,478
Line -53,422, -34,473
Line -39,417, -20,468
Spline -61,483, -56,501, -57,517
Spline -46,478, -40,500, -41,520
Spline -34,473, -27,498, -29,522
Spline -20,468, -11,498, -13,525
Line -57,517, -66,542, -77,538, -98,595, -7,628, -5,623
Line -41,520, -51,548, -40,552, -29,522
Line -13,525, -25,557, 14,571, 13,574


; Путилковская
;Пути
BrushColor 99CC00
Polygon 99,596, 109,568, 531,721, 521,749
Polygon 64,691, 74,664, 495,817, 485,844

BrushColor -1
PenColor 99CC00
AngleTextOut -20, Arial, 20, 381, 806, Броневая >>
AngleTextOut -20, Arial, 20, 120, 546, << Юго-Западная
AngleTextOut -20, Arial, 25, 242, 655, Путиловская, 1

; левый вестибюль
PenColor 000000
Line 99,596, 97,601, 74,593, 73,596
Line 74,664, 76,659, 54,651, 56,646

; эскалатор 4
PenColor 7F7F7F
Stairs 58,644, 74,600, -8,620
PenColor 000000
BrushColor 9B5509
Polygon 80,602, 3,574, 4,571, 81,599
Polygon 77,609, 75,614, -2,586, 0,581
Polygon 72,621, 70,626, -6,598, -4,593
Polygon 68,633, 66,638, -10,610, -8,605
Polygon 63,646, -13,618, -14,621, 62,649


; правый вестибюль
Line 521,749, 519,755, 538,762, 536,767
Line 495,817, 497,811, 517,818, 518,815
Line 676,816, 691,775, 735,791, 739,800, 735,802
Line 743,819, 747,817, 762,849, 758,851
Line 767,869, 771,867, 791,910, 754,927, 649,890, 658,866

; эскалатор 4
PenColor 7F7F7F
Stairs 669,867, 685,823, 517,812
PenColor 000000
BrushColor 9B5509
Polygon 691,825, 528,766, 529,763, 692,822
Polygon 688,832, 686,837, 523,778, 525,773
Polygon 683,844, 681,849, 519,790, 521,785
Polygon 679,856, 677,861, 515,802, 517,797
Polygon 674,869, 512,810, 511,813, 673,872


; кассы
BrushColor -1
Line 689,780, 678,776, 668,804, 679,808
AngleTextOut -110, Arial, 10, 689, 783, кассы

Opaque 70
PenColor FFFFFF
BrushColor FFFFFF
Polygon 65,296, 65,526, 841,808, 779,976, -114,651, -113,296

Opaque100
BrushColor -1
PenColor 99CC00
AngleTextOut -20, Arial, 25, 242, 655, Путиловская, 1
PenColor FF0000
AngleTextOut -20, Arial, 25, 248, 685, (проект)


PenColor FF0000
Line 80,309, 74,370
Line 74,309, 80,370

;названия улиц голубым
PenColor 00AFAF
AngleTextOut 0, Arial, 15, 687, 119, проспект Стачек
AngleTextOut -90, Arial, 15, 919, 233, улица Васи Алексеева
BrushColor 000000
