Size 910x1030
Angle -60

; пути
BrushColor 702785
Polygon 323,642, 323,672, -127,672, -127,642
Polygon -127,562, -127,532, 323,532, 323,562

BrushColor -1
PenColor 702785
AngleTextOut 0, Arial, 20, 6, 507, << посадки нет
AngleTextOut 0, Arial, 20, 155, 672, Старая Деревня >>
AngleTextOut 0, Arial, 25, 34, 587, Комендантский проспект, 1


; левый торец
PenColor 000000
Line -127,642, -127,630, -71,630, -71,573, -127,573, -127,562

; переход к панно

Opaque 80
PenColor FFFFFF
BrushColor FFFFFF
Polygon -37,531, 2,531, 2,563, -37,563
Opaque 100

Line -37,532, -37,578, 32,578
Line -40,624, 32,624
Line 2,578, 2,532
PenColor C0C0C0
Line 2,530, 2,425
Line -37,530, -37,425

PenColor 000000
BrushColor -1
AngleTextOut 90, Arial, 9, -37, 621, мозаичное
AngleTextOut 90, Arial, 9, -30, 613, панно
BrushColor CCCCCC
Polygon -37,624, -40,624, -40,578, -37,578


; правый вестибюль

Line 323,642, 323,637, 296,637, 296,632, 347,632, 347,629
Line 323,562, 323,567, 296,567, 296,573, 346,573, 346,576

; эскалатор 4 гор
PenColor 7F7F7F
Stairs 481,626, 481,579, 343,626
PenColor 000000
BrushColor 9B5509
Polygon 488,579, 338,579, 338,576, 488,576
Polygon 488,587, 488,592, 338,592, 338,587
Polygon 488,600, 488,605, 338,605, 338,600
Polygon 488,613, 488,618, 338,618, 338,613
Polygon 488,626, 338,626, 338,629, 488,629

Opaque 80
PenColor FFFFFF
BrushColor FFFFFF
Polygon 426,575, 465,575, 460,579, 457,583, 453,587, 451,592, 449,596, 449,602, 449,609, 451,613, 454,618, 457,622, 460,626, 464,630, 426,630
Opaque 100

PenColor 000000
Spline 464,576, 449,602, 464,629
Line 576,739, 618,739, 618,697, 606,697, 606,655, 594,655, 594,643, 554,643, 554,653, 426,653, 426,549, 554,549, 554,560, 618,560, 618,465, 576,465
Line 575,428, 696,428, 696,432, 618,432, 618,444, 575,444
Line 575,415, 709,415, 709,444, 668,444
Line 709,465, 667,465, 667,584, 785,584
Line 785,621, 667,621, 667,739, 709,739
Line 667,760, 709,760, 709,791, 576,791
Line 576,760, 618,760, 618,773, 696,773, 696,777, 576,777
Line 635,644, 629,650, 618,650, 618,685
Line 645,633, 651,627, 651,617
Line 651,607, 651,597
Line 651,588, 651,576, 645,570
Line 635,560, 628,553, 618,553
Line 516,653, 516,642
Line 516,549, 516,558
Line 516,598, 516,606
Line 516,602, 488,602
Line 618,650, 618,643, 605,643

Stairs 578,760, 578,739, 616,760
Stairs 707,739, 707,760, 669,739
Stairs 578,465, 578,444, 616,465
Stairs 707,465, 707,444, 669,465
Stairs 614,643, 614,611, 605,643
Stairs 615,592, 615,560, 606,592
Stairs 592,643, 592,611, 579,643
Stairs 592,592, 592,560, 579,592
Stairs 30,624, 30,578, 3,624

BrushColor CCCCCC
Polygon 618,611, 563,611, 563,592, 618,592

; кассы
BrushColor -1
Line 522,653, 522,661, 552,661, 552,653
AngleTextOut 0, Arial, 10, 524, 650, кассы

; турникеты
PenColor 009900
Stairs 519,642, 513,642, 519,605
PenColor FF0000
Stairs 519,558, 513,558, 519,599

; стрелки
PenColor FF0000
Arrow 634,592, 648,592
Arrow 629,577, 639,567
PenColor 009900
Arrow 634,691, 621,691
Arrow 652,650, 643,641
Arrow 666,613, 653,613

; названия улиц голубым
PenColor 00AFAF
AngleTextOut 0, Arial, 15, 815, 586, Комендантский проспект
AngleTextOut 45, Arial, 15, 534, 1063, улица Ильюшина
AngleTextOut 135, Arial, 15, 750, 229, улица Уточкина
AngleTextOut 135, Arial, 15, 757, 992, улица Гаккелевская
AngleTextOut 0, Arial, 12, 670, 588, переход в
AngleTextOut 0, Arial, 12, 670, 601, 'ТРК "Атмосфера"'

PenColor FF0000
AngleTextOut 90, Arial, 10, -27, 523, Выход проектируется
