Size 890x760
Angle -40

; пути
BrushColor 702785
Polygon 488,329, 488,299, 938,299, 938,329
Polygon 488,409, 488,439, 938,439, 938,409

BrushColor -1
PenColor 702785
AngleTextOut 0, Arial, 20, 489, 274, << Старая Деревня
AngleTextOut 0, Arial, 20, 811, 439, Чкаловская >>
AngleTextOut 0, Arial, 25, 601, 353, Крестовский остров, 1

; правый торец
PenColor 000000
Line 938,329, 938,342, 882,342, 882,396, 938,396, 938,409

; левый вестибюль
Line 488,329, 488,338, 513,338, 513,347, 440,347, 440,350
Line 488,409, 488,401, 515,401, 515,393, 440,393, 440,390

; эскалатор 3 гор
PenColor 7F7F7F
Stairs 442,387, 442,353, 198,387
PenColor 000000
BrushColor 9B5509
Polygon 449,353, 193,353, 193,350, 449,350
Polygon 449,361, 449,366, 193,366, 193,361
Polygon 449,374, 449,379, 193,379, 193,374
Polygon 449,387, 193,387, 193,390, 449,390

Opaque 80
PenColor FFFFFF
BrushColor FFFFFF
Polygon 261,390, 261,350, 336,350, 338,352, 408,352, 408,388, 338,388, 336,390, 2
Opaque 100

PenColor 000000
Line 408,352, 338,352, 327,341, 373,295
Line 408,388, 338,388, 278,448, 278,475, 251,475, 191,535, 191,562, 158,562, 158,535, 98,475, 70,475, 70,447, 9,386, -19,386, -19,353, 9,353, 71,291, 71,264, 98,264, 158,204, 158,134
Line 191,134, 191,204, 203,216, 246,173

; внутренний контур
Line 197,290, 197,282, 261,282, 261,307, 216,307, 196,341, 196,345, 261,345, 261,395, 196,395, 196,400, 216,435, 261,435, 261,457, 197,457, 197,450
Line 149,290, 149,282, 87,282, 87,346, 94,346
Line 94,397, 86,397, 86,457, 149,457, 149,450

; турникеты
Line 143,341, 135,341, 135,400, 143,400, 0.5
Line 135,361, 193,361, 0.5
Line 196,400, 187,400, 0.5
Line 196,341, 187,341, 0.5
PenColor 009900
Stairs 143,403, 143,397, 188,403
PenColor FF0000
Stairs 143,338, 143,344, 188,338

; стрелки
PenColor FF0000
Arrow 175,276, 175,262
PenColor 009900
Arrow 169,478, 169,463

; названия улиц голубым
PenColor 00AFAF
BrushColor -1
AngleTextOut 30, Arial, 15, 233, 636, Морской проспект
AngleTextOut -45, Arial, 15, 125, 649, Рюхина улица
