Size 630x580
Angle -80

; левый подземный коридор с лестницами

; FEEDB9
PenColor EEEEEE
BrushColor EEEEEE
Polygon 118,561, 164,561, 164,544, 150,544, 150,489, 164,489, 164,472, 150,472, 150,392, 162,392, 162,376, 150,376, 150,220, 157,220, 157,201, 150,201, 150,91, 150,78, 150,38, 143,38, 143,78, 139,78, 139,38, 132,38, 132,400, 100,400, 100,415, 106,415, 106,436, 100,436, 100,451, 132,451, 132,472, 118,472, 118,489, 132,489, 132,544, 118,544

PenColor 000000
Line 192,472, 150,472, 150,392, 172,392
Line 172,376, 150,376, 150,220
Line 150,201, 150,137, 153,137
Line 153,124, 150,124, 150,91, 153,91
Line 153,78, 150,78, 150,21
Line 143,21, 143,78, 139,78, 139,21
Line 132,21, 132,78, 129,78
Line 129,91, 132,91, 132,124, 129,124
Line 129,137, 132,137, 132,400, 75,400, 75,451, 132,451, 132,472, 90,472
Line 106,418, 106,433
Line 90,489, 132,489, 132,544, 90,544
Line 90,561, 192,561
Line 192,544, 150,544, 150,489, 192,489
Stairs 132,24, 139,24, 132,42
Stairs 150,24, 143,24, 150,42
Stairs 132,69, 139,69, 132,63
Stairs 92,489, 92,472, 130,489
Stairs 190,472, 190,489, 152,472
Stairs 92,544, 92,561, 130,544
Stairs 190,544, 190,561, 152,544

; правый подземный коридор с лестницами

PenColor EEEEEE
BrushColor EEEEEE
Polygon 492,16, 504,16, 504,43, 506,43, 506,28, 511,28, 511,78, 513,78, 513,28, 518,28, 518,400, 550,400, 550,415, 544,415, 544,436, 550,436, 550,451, 500,451, 500,392, 492,392, 492,376, 500,376, 500,220, 493,220, 493,201, 500,201, 500,22, 492,22

PenColor 000000
Line 500,220, 500,376, 478,376
Line 478,392, 500,392, 500,451, 575,451, 575,400, 518,400, 518,137, 521,137
Line 544,418, 544,433
Line 497,137, 500,137, 500,201
Line 521,124, 518,124, 518,91, 521,91
Line 521,78, 518,78, 518,16
Line 513,16, 513,78, 511,78, 511,16
Line 506,16, 506,43, 504,43, 504,16, 481,16
Line 481,22, 500,22, 500,78, 497,78
Line 497,91, 500,91, 500,124, 497,124
Stairs 506,18, 511,18, 506,40
Stairs 513,18, 518,18, 513,40
Stairs 513,69, 518,69, 513,64

Opaque 90

; платформы метро

PenColor FFFFFF
BrushColor FFFFFF
Polygon 100,260, 550,260, 550,373, 534,373, 534,405, 540,405, 540,418, 546,418, 546,433, 540,433, 540,445, 494,445, 494,405, 521,405, 521,373, 129,373, 129,405, 156,405, 156,445, 110,445, 110,433, 104,433, 104,418, 110,418, 110,405, 116,405, 116,373, 100,373

;Здания беж
PenColor DDDDDD
BrushColor FEFBF1
Polygon 110,405, 156,405, 156,445, 110,445
Polygon 494,405, 540,405, 540,445, 494,445

; переход под ж/д
PenColor FFFFFF
BrushColor FFFFFF
Polygon 128,47, 153,47, 153,63, 128,63
Polygon 128,152, 154,152, 154,168, 128,168
Polygon 498,47, 522,47, 522,63, 498,63
Polygon 499,152, 519,152, 519,168, 499,168

; пути

PenColor 000000
BrushColor 0078C9
Polygon 100,315, 100,285, 550,285, 550,315
Polygon 100,348, 100,318, 550,318, 550,348

BrushColor -1
PenColor 000000
AngleTextOut 0, Arial, 25, 282, 298, Купчино, 1
PenColor FFFFFF
AngleTextOut 0, Arial, 25, 284, 300, Купчино, 1

PenColor 0078C9
AngleTextOut 0, Arial, 20, 102, 263, << Звёздная
AngleTextOut 0, Arial, 20, 419, 344, посадки нет >>

; платформы ж/д

PenColor 000000
BrushColor C0C0C0
Polygon 65,99, 65,71, 585,71, 585,99
Polygon 65,144, 65,116, 585,116, 585,144

BrushColor -1
PenColor 000000
AngleTextOut 0, Arial, 25, 271, 15, Купчино, 1
AngleTextOut 0, Arial, 20, 181, 67, << Проспект Славы
AngleTextOut 0, Arial, 20, 370, 121, Шушары >>


PenColor FFFFFF
BrushColor FFFFFF
Polygon 109,124, 109,137, 129,137, 129,124
Polygon 153,137, 153,124, 173,124, 173,137
Polygon 109,91, 109,78, 129,78, 129,91
Polygon 153,78, 173,78, 173,91, 153,91
Polygon 477,91, 477,78, 497,78, 497,91
Polygon 521,78, 541,78, 541,91, 521,91
Polygon 477,137, 477,124, 497,124, 497,137
Polygon 521,124, 541,124, 541,137, 521,137

PenColor 000000
Line 541,91, 521,91, 521,78, 541,78
Line 477,91, 497,91, 497,78, 477,78
Line 477,124, 497,124, 497,137, 477,137
Line 541,124, 521,124, 521,137, 541,137
Line 109,78, 129,78, 129,91, 109,91
Line 173,78, 153,78, 153,91, 173,91
Line 109,124, 129,124, 129,137, 109,137
Line 173,124, 153,124, 153,137, 173,137
Stairs 171,78, 171,91, 153,78
Stairs 171,124, 171,137, 153,124
Stairs 111,78, 111,91, 129,78
Stairs 111,124, 111,137, 129,124
Stairs 539,78, 539,91, 521,78
Stairs 479,124, 479,137, 497,124
Stairs 539,124, 539,137, 521,124
Stairs 479,78, 479,91, 497,78


; правый вестибюль

PenColor 000000
Line 550,348, 550,373, 534,373, 534,405, 540,405, 540,418, 562,418, 562,415, 544,415, 544,418
Line 461,376, 439,376, 439,373, 521,373, 521,405, 494,405, 494,418, 497,418
Line 497,433, 494,433, 494,445, 540,445, 540,433, 562,433, 562,436, 544,436, 544,433
Stairs 459,376, 459,392, 441,376
Stairs 498,392, 498,376, 480,392
Stairs 521,375, 534,375, 521,393
Stairs 542,418, 542,433, 560,418
Stairs 560,415, 560,400, 546,415
Stairs 560,436, 560,451, 546,436

PenColor FF0000
Arrow 430,384, 453,384
Arrow 527,385, 527,403

;BrushColor 808080

; нижняя платформа 

PenColor 000000
Line 461,392, 337,392
Line 337,376, 359,376, 359,373, 295,373, 295,376, 317,376
Line 317,392, 189,392
Stairs 191,376, 191,392, 209,376
Stairs 297,392, 297,376, 315,392
Stairs 357,392, 357,376, 339,392

PenColor FF0000
Arrow 327,387, 327,403
Arrow 216,384, 202,384
Arrow 122,386, 122,402


; левый вестибюль

PenColor 000000
Line 153,432, 156,432, 156,445, 110,445, 110,433, 88,433, 88,436, 106,436, 106,433
Line 106,418, 106,415, 88,415, 88,418, 110,418, 110,405, 116,405, 116,373, 100,373, 100,348
Line 189,376, 211,376, 211,373, 129,373, 129,405, 156,405, 156,418, 153,418
Stairs 116,376, 129,376, 116,394
Stairs 152,392, 152,376, 170,392
Stairs 108,418, 108,433, 90,418
Stairs 90,415, 90,400, 104,415
Stairs 90,436, 90,451, 104,436


; платформа между метро и электричками

PenColor CCCCCC
Line 249,230, 401,230, 401,259, 249,259, 249,230
Line 439,259, 439,230, 476,230, 476,221, 499,221, 499,259, 439,259
Line 151,259, 151,221, 174,221, 174,230, 211,230, 211,259, 151,259
Line 151,200, 174,200, 174,193, 325,193, 325,177, 381,177
Line 341,193, 476,193, 476,200, 499,200

PenColor 000000
Line 550,285, 550,260, 438,260, 438,229, 475,229, 475,220, 500,220
Line 500,201, 475,201, 475,194, 340,194, 340,192, 382,192
Line 382,178, 326,178, 326,194, 175,194, 175,201, 150,201
Line 150,220, 175,220, 175,229, 212,229, 212,260, 100,260, 100,285
Line 248,229, 402,229, 402,260, 248,260, 248,229
Stairs 495,201, 495,220, 477,201
Stairs 155,201, 155,220, 173,201
Line 212,242, 218,242
Line 242,242, 248,242
Line 402,242, 408,242
Line 432,242, 438,242
Stairs 342,192, 342,178, 380,192

PenColor 009900
Stairs 218,239, 218,245, 243,239
Stairs 408,239, 408,245, 433,239

; кассы
PenColor 000000
BrushColor FFFFFF
Polygon 255,237, 255,229, 283,229, 283,237
Polygon 367,237, 367,229, 395,229, 395,237
BrushColor -1
AngleTextOut 0, Arial, 10, 257, 226, кассы
AngleTextOut 0, Arial, 10, 369, 226, кассы


; стрелки
PenColor 009900
Arrow 422,235, 422,252
Arrow 232,235, 232,252

; ж/д
PenColor 000000
Railway 10, 14, 4, 42,155, 633,155
Railway 10, 14, 4, 61,50, 651,50
Railway 7, 10, 3, 543,178, 628,178, 0.5
Line 543,176, 543,187

; Названия улиц голубым
PenColor 00AFAF
BrushColor -1
AngleTextOut 0, Arial, 15, 254, 507, Витебский проспект
AngleTextOut 0, Arial, 15, 390, 174, к детской ж/д >>

BrushColor 000000
