Size 920x800
Angle -40

; пути
BrushColor ea7125
Polygon 389,378, 389,348, 839,348, 839,378
Polygon 389,458, 389,488, 839,488, 839,458

BrushColor -1
PenColor ea7125
AngleTextOut 0, Arial, 20, 390, 323, << Новочеркасская
AngleTextOut 0, Arial, 20, 618, 488, Проспект Большевиков >>
AngleTextOut 0, Arial, 25, 539, 402, Ладожская, 1

; правый торец
PenColor 000000
Line 839,378, 839,388, 803,388, 803,446, 839,446, 839,458

; левый вестибюль
PenColor DDDDDD
BrushColor FEFBF1
Polygon 54,307, 207,307, 207,324, 224,324, 224,510, 207,510, 207,527, 54,527, 54,510, 38,510, 38,324, 54,324
PenColor 000000
BrushColor CCCCCC
Polygon 54,320, 54,307, 207,307, 207,320

PenColor 000000
Line 389,378, 389,389, 340,389, 340,392
Line 389,458, 389,448, 340,448, 340,445

; эскалатор 4 гор
PenColor 7F7F7F
Stairs 342,442, 342,395, 156,442
PenColor 000000
BrushColor 9B5509
Polygon 349,395, 151,395, 151,392, 349,392
Polygon 349,403, 349,408, 151,408, 151,403
Polygon 349,416, 349,421, 151,421, 151,416
Polygon 349,429, 349,434, 151,434, 151,429
Polygon 349,442, 151,442, 151,445, 349,445

Opaque 80
PenColor FFFFFF
BrushColor FFFFFF
Polygon 188,391, 224,391, 224,446, 188,446, 195,439, 200,434, 205,427, 205,419, 205,411, 199,403, 195,398
Opaque 100

PenColor 000000
Spline 188,392, 205,419, 188,445
Line 44,342, 38,342, 38,324, 54,324, 54,307, 207,307, 207,324, 224,324, 224,342, 218,342
Line 218,376, 224,376, 224,459, 218,459
Line 218,494, 224,494, 224,510, 207,510, 207,527, 54,527, 54,510, 38,510, 38,494, 43,494
Line 44,459, 39,459, 39,376, 44,376

; турникеты
Line 163,392, 146,375, 0.5
Line 114,375, 101,375, 99,381, 0.5
Line 89,410, 86,418, 151,418, 0.5
PenColor 009900
Stairs 146,372, 146,378, 112,372
Stairs 96,380, 102,382, 86,410

; кассы
PenColor 0
BrushColor FFFFFF
Polygon 85,320, 85,311, 171,311, 171,320
BrushColor -1
AngleTextOut 0, Arial, 10, 114, 308, кассы

Railway 10, 14, 4, 875,185, 875,572
Railway 10, 14, 4, 905,212, 905,546

; стрелки
PenColor FF0000
Arrow 41,476, 28,476
Arrow 220,476, 233,476
PenColor 009900
Arrow 29,358, 42,358
Arrow 233,358, 220,358

; названия улиц голубым
PenColor 00AFAF
AngleTextOut 60, Arial, 15, -92, 405, Заневский проспект
AngleTextOut 130, Arial, 15, 27, 593, проспект Энергетиков
AngleTextOut 0, Arial, 15, 241, 468, Ладожский вокзал >>
