Size 560x1090
Angle 90

; перекресток
PenColor F5F5F5
BrushColor F5F5F5
Polygon 660,265, 755,265, 755,382, 825,382, 825,411, 755,411, 755,684, 825,684, 825,713, 755,713, 755,825, 660,825, 660,684, -265,684, -265,655, 660,655, 660,440, -265,440, -265,411, 660,411

; пути

PenColor 000000
BrushColor D6083B
Polygon 450,590, 450,620, 0,620, 0,590
Polygon 450,510, 450,480, 0,480, 0,510

BrushColor -1
PenColor D6083B
AngleTextOut 0, Arial, 20, 0, 451, << Проспект Ветеранов
AngleTextOut 0, Arial, 20, 357, 622, Автово >>
AngleTextOut 0, Arial, 25, 117, 537, Ленинский проспект, 1


; левый вестибюль

PenColor 000000
BrushColor CCCCCC
Polygon -162,574, -162,521, -147,521, -147,574

Line 0,590, 0,569, -49,569, -49,584, -81,584, -81,595, -161,595, -161,692, -119,692
Line -119,714, -246,714
Line -246,692, -196,692, -196,595, -210,595, -210,500, -196,500, -196,403, -246,403
Line -246,382, -111,382
Line -111,403, -161,403, -161,499, -48,499, -48,527, 0,527, 0,510
Stairs -121,692, -121,714, -159,692
Stairs -244,692, -244,714, -198,692
Stairs -113,403, -113,382, -159,403
Stairs -244,403, -244,382, -198,403
Stairs -2,527, -2,569, -47,527

; турникеты
Line -147,526, -121,526, -117,530, 0.5
Line -83,564, -78,569, -49,569, 0.5
Line -121,526, -121,522, 0.5
Line -121,499, -121,502, 0.5
PenColor 009900
Stairs -81,562, -85,566, -116,527
PenColor FF0000
Stairs -118,522, -124,522, -118,501

; стрелки
PenColor FF0000
Arrow -134,510, -148,510
PenColor 009900
Arrow -149,585, -134,585


; правый вестибюль

PenColor 000000
BrushColor CCCCCC
Polygon 611,522, 611,577, 596,577, 596,522

Line 450,590, 450,571, 498,571, 498,598, 611,598, 611,812
Line 632,812, 632,762, 775,762, 775,808
Line 775,284, 775,334, 633,334, 633,284
Line 611,284, 611,502, 533,502, 533,514, 498,514, 498,529, 450,529, 450,510
Line 795,808, 795,735, 632,735, 632,598, 646,598, 646,502, 633,502, 633,364, 795,364, 795,284
Stairs 452,571, 452,529, 497,571
Stairs 775,286, 795,286, 775,332
Stairs 633,286, 611,286, 633,332
Stairs 775,806, 795,806, 775,764
Stairs 632,810, 611,810, 632,764

; турникеты
Line 596,573, 568,573, 564,569, 0.5
Line 527,532, 524,529, 498,529, 0.5
Line 582,598, 582,594, 0.5
Line 582,573, 582,578, 0.5
PenColor 009900
Stairs 566,567, 562,571, 528,529
PenColor FF0000
Stairs 585,594, 579,594, 585,576

; стрелки
PenColor FF0000
Arrow 585,588, 597,588
PenColor 009900
Arrow 599,513, 586,513

;названия улиц голубым
PenColor 00AFAF
BrushColor -1
AngleTextOut 0, Arial, 15, 159, 419, бульвар Новаторов
AngleTextOut 0, Arial, 15, 164, 664, бульвар Новаторов
AngleTextOut -90, Arial, 15, 714, 488, Ленинский проспект
