Size 470x760
Angle 80

; пути

PenColor 000000
BrushColor D6083B
Polygon 597,458, 597,488, 147,488, 147,458
Polygon 597,379, 597,349, 147,349, 147,379

BrushColor -1
PenColor D6083B
AngleTextOut 0, Arial, 20, 397, 488, Площадь Мужества >>
AngleTextOut 0, Arial, 20, 148, 323, << Выборгская
AngleTextOut 0, Arial, 25, 338, 399, Лесная, 1

; левый торец

PenColor 000000
Line 597,458, 597,435, 603,435, 603,402, 597,402, 597,379


; правый вестибюль

Line 147,458, 147,444, 115,444, 115,441
Line 147,379, 147,392, 115,392, 115,395

; эскалатор 3
PenColor 808080
Stairs 117,437, 117,399, -32,437
PenColor 000000
BrushColor 9B5509
Polygon -37,395, 123,395, 123,399, -37,399
Polygon -37,407, 123,407, 123,414, -37,414
Polygon -37,422, 123,422, 123,429, -37,429
Polygon -37,437, 123,437, 123,441, -37,441

Opaque 80
PenColor FFFFFF
BrushColor FFFFFF
Polygon -25,394, -5,395, 11,441, -25,442, -19,437, -16,434, -13,429, -11,426, -10,422, -10,418, -10,414, -11,410, -13,407, -16,402, -19,399
Opaque 100

Line -93,485, -91,489, -95,490, -134,385, -23,345, -22,349, -26,350
Spline -25,394, -10,418, -25,442
Line -20,366, -16,365, 15,450, -71,481, -73,477

; кассы
PenColor 000000
Line -111,447, -119,450, -127,428, -119,425
BrushColor -1
AngleTextOut 290, Arial, 8, -117, 428, касса

; турникеты
Line -37,429, -108,454, 0.5
Line -32,395, -35,387, -58,395, 0.5
Line -84,405, -89,415, 0.5
Line -79,444, -81,438, 0.5
PenColor 009900
Stairs -78,437, -84,439, -86,414
Stairs -57,398, -59,392, -85,408

; стрелки
PenColor FF0000
Arrow -86,475, -82,485
PenColor 009900
Arrow -19,357, -30,361

; Названия улиц голубым
PenColor 00AFAF
AngleTextOut -160, Arial, 15, 95, 596, Парголовская улица
AngleTextOut -160, Arial, 15, -18, 218, Лесной проспект
AngleTextOut -70, Arial, 15, 33, 228, Кантемировская улица
