Size 850x550
Angle -10

; пути

BrushColor EA7125
Polygon 349,65, 349,35, 799,35, 799,65
Polygon 349,145, 799,145, 799,175, 349,175

BrushColor -1
PenColor EA7125
AngleTextOut 0, Arial, 20, 350, 10, << Достоевская
AngleTextOut 0, Arial, 20, 489, 175, Площадь Александра Невского-II >>
AngleTextOut 0, Arial, 25, 437, 86, Лиговский Проспект, 1

; правый торец
PenColor 000000
Line 799,65, 799,80, 759,80, 759,84, 756,84, 756,127, 759,127, 759,131, 799,131, 799,145

; левый вестибюль
Line 349,65, 349,82
Line 349,145, 349,130

; эскалатор 3 70
PenColor 7F7F7F
Stairs 281,287, 245,274, 244,387
PenColor 000000
BrushColor 9B5509
Polygon 249,266, 208,378, 205,377, 246,265
Polygon 257,269, 262,271, 221,383, 216,381
Polygon 270,274, 275,276, 234,388, 229,386
Polygon 283,279, 242,391, 245,392, 286,280

Opaque 80
PenColor FFFFFF
BrushColor FFFFFF
Polygon 228,313, 266,335, 255,368, 253,361, 251,354, 248,349, 245,345, 240,343, 236,342, 230,343, 224,345, 218,349, 213,353
Opaque 100

Spline 214,353, 240,343, 254,367

PenColor 000000
BrushColor FFFFFF
Polygon 271,272, 274,264, 279,266, 276,274
Polygon 251,439, 254,433, 262,437, 259,443
Line 282,289, 285,290, 292,271, 287,269, 292,255, 300,258, 319,206, 319,130, 361,130
Line 361,82, 313,82, 313,76, 260,76, 260,82, 255,82, 255,130, 260,130, 260,200, 246,239, 257,243, 252,257, 247,255, 240,274, 243,275

Line 117,392, 113,390, 100,413, 141,437, 131,454, 135,456
Line 120,482, 116,480, 104,501, 198,556, 311,360, 191,291, 165,336, 150,327, 138,347, 144,351, 139,360, 133,356, 126,368, 130,370
Stairs 359,82, 359,130, 321,82

; ступени
BrushColor CCCCCC
Line 260,447, 194,452, 146,425, 144,351
Line 258,451, 193,456, 142,427, 140,357
Line 256,455, 192,460, 138,429, 136,358
Polygon 184,458, 190,447, 198,452, 192,463

; турникеты
Line 218,382, 195,407, 141,437, 0.5
Line 199,409, 195,407, 0.5
PenColor 009900
Stairs 248,436, 250,432, 196,410

; стрелки
PenColor FF0000
Arrow 131,386, 117,378
PenColor 009900
Arrow 124,466, 138,474

; названия улиц голубым
PenColor 00AFAF
BrushColor -1
AngleTextOut 0, Arial, 16, 61, 253, Транспортный переулок
AngleTextOut 90, Arial, 18, 43, 482, Лиговский  проспект
