Size 620x770
Angle -60

; пути
BrushColor 009a49
Polygon -95,386, -95,356, 355,356, 355,386
Polygon -95,466, -95,496, 355,496, 355,466

PenColor 009a49
BrushColor -1
AngleTextOut 0, Arial, 20, -95, 332, << Елизаровская
AngleTextOut 0, Arial, 20, 212, 496, Пролетарская >>
AngleTextOut 0, Arial, 25, 59, 411, Ломоносовская, 1

; горизонтальный лифт
PenColor 000000
Line 408,407, 408,404, 355,404, 355,389, 343,389, 343,390, 330,390, 330,388, 325,388, 325,390, 313,390, 313,388, 308,388, 308,390, 296,390, 296,388, 291,388, 291,390, 279,390, 279,388, 274,388, 274,390, 262,390, 262,388, 257,388, 257,390, 245,390, 245,388, 240,388, 240,390, 228,390, 228,388, 223,388, 223,390, 211,390, 211,388, 206,388, 206,390, 194,390, 194,388, 189,388, 189,390, 177,390, 177,388, 172,388, 172,390, 160,390, 160,388, 155,388, 155,390, 143,390, 143,388, 138,388, 138,390, 126,390, 126,388, 121,388, 121,390, 109,390, 109,388, 104,388, 104,390, 92,390, 92,388, 87,388, 87,390, 75,390, 75,388, 70,388, 70,390, 58,390, 58,388, 53,388, 53,390, 41,390, 41,388, 36,388, 36,390, 24,390, 24,388, 19,388, 19,390, 7,390, 7,388, 2,388, 2,390, -10,390, -10,388, -15,388, -15,390, -27,390, -27,388, -32,388, -32,390, -44,390, -44,388, -49,388, -49,390, -61,390, -61,388, -66,388, -66,390, -79,390, -79,389, -95,389
Line 408,447, 408,450, 355,450, 355,463, 343,463, 343,462, 330,462, 330,464, 325,464, 325,462, 313,462, 313,464, 308,464, 308,462, 296,462, 296,464, 291,464, 291,462, 279,462, 279,464, 274,464, 274,462, 262,462, 262,464, 257,464, 257,462, 245,462, 245,464, 240,464, 240,462, 228,462, 228,464, 223,464, 223,462, 211,462, 211,464, 206,464, 206,462, 194,462, 194,464, 189,464, 189,462, 177,462, 177,464, 172,464, 172,462, 160,462, 160,464, 155,464, 155,462, 143,462, 143,464, 138,464, 138,462, 126,462, 126,464, 121,464, 121,462, 109,462, 109,464, 104,464, 104,462, 92,462, 92,464, 87,464, 87,462, 75,462, 75,464, 70,464, 70,462, 58,462, 58,464, 53,464, 53,462, 41,462, 41,464, 36,464, 36,462, 24,462, 24,464, 19,464, 19,462, 7,462, 7,464, 2,464, 2,462, -10,462, -10,464, -15,464, -15,462, -27,462, -27,464, -32,464, -32,462, -44,462, -44,464, -49,464, -49,462, -61,462, -61,464, -66,464, -66,462, -79,462, -79,463, -95,463, -95,450, -99,442, -99,409, -95,401, -95,389

; эскалатор 3 гор
PenColor 7F7F7F
Stairs 530,444, 530,410, 404,444
PenColor 000000
BrushColor 9B5509
Polygon 537,410, 399,410, 399,407, 537,407
Polygon 537,418, 537,423, 399,423, 399,418
Polygon 537,431, 537,436, 399,436, 399,431
Polygon 537,444, 399,444, 399,447, 537,447

; вестибюль
PenColor 000000
Spline 520,407, 539,376, 572,360
Line 572,360, 572,330, 515,330, 515,273, 572,273, 572,277
Line 598,277, 598,273, 656,273, 656,330, 598,330, 598,360
Spline 598,360, 624,372, 640,389, 650,412
Line 650,412, 680,412, 680,408, 709,408
Line 709,443, 681,443, 681,439, 650,439
Spline 650,439, 636,468, 612,487, 580,493, 552,485, 532,468, 520,447

; турникеты
Line 649,408, 537,431, 0.5
Line 563,362, 570,369, 0.5
Line 617,415, 608,406, 0.5
PenColor 009900
Stairs 568,371, 572,367, 606,408

; кассы
PenColor 0
BrushColor -1
Line 643,330, 643,339, 608,339, 608,330
AngleTextOut 0, Arial, 10, 613, 328, кассы

; стрелки
PenColor FF0000
Arrow 680,425, 697,425
PenColor 009900
Arrow 586,273, 586,289

; названия улиц голубым
PenColor 00AFAF
AngleTextOut 0, Arial, 15, 467, 205, улица Бабушкина
