Size 850x960

; синий прямоугольник
PenColor 151694
BrushColor 151694
Polygon 0,0, 850,0, 850,42, 0,42
BrushColor -1
PenColor FFFFFF
TextOut Arial, 30, 138, 6, Схема линий Петербургского метрополитена

; река
PenColor B1DFF7
BrushColor B1DFF7
Spline 656,961, 662,934, 657,885, 645,851, 645,811, 649,761, 641,668, 641,577, 642,510, 639,448, 644,419, 652,395, 653,379, 648,367, 636,357, 609,349, 576,350, 531,361, 494,364, 445,361, 418,354, 413,336, 417,323, 418,304, 409,283, 393,273, 371,269, 340,256, 289,243, 253,241, 221,243, 166,241, 102,240, 49,241, 0,250, 3
Spline 0,571, 33,543, 77,499, 104,479, 138,467, 177,455, 226,427, 276,408, 324,397, 372,388, 426,379, 469,376, 510,378, 555,368, 584,358, 610,362, 627,375, 632,384, 630,395, 623,421, 619,455, 621,492, 617,554, 618,680, 624,760, 624,808, 619,838, 625,866, 634,885, 641,924, 637,961, 3
Polygon 656,961, 662,934, 657,885, 645,851, 645,811, 649,761, 641,668, 641,577, 642,510, 639,448, 644,419, 652,395, 653,379, 648,367, 636,357, 609,349, 576,350, 531,361, 494,364, 445,361, 418,354, 413,336, 417,323, 418,304, 409,283, 393,273, 371,269, 340,256, 289,243, 253,241, 221,243, 166,241, 102,240, 49,241, 0,250, 0,571, 33,543, 77,499, 104,479, 138,467, 177,455, 226,427, 276,408, 324,397, 372,388, 426,379, 469,376, 510,378, 555,368, 584,358, 610,362, 627,375, 632,384, 630,395, 623,421, 619,455, 621,492, 617,554, 618,680, 624,760, 624,808, 619,838, 625,866, 634,885, 641,924, 637,961

; острова
PenColor FFFFFF
BrushColor FFFFFF
Spline -1,541, 23,522, 42,499, 65,478, 96,460, 135,448, 181,429, 212,415, 224,408, 233,401, 231,394, 223,391, 197,383, 154,366, 116,341, 74,321, 38,309, 0,294, 3
Polygon -1,541, 23,522, 42,499, 65,478, 96,460, 135,448, 181,429, 212,415, 224,408, 233,401, 231,394, 223,391, 197,383, 154,366, 116,341, 74,321, 38,309, 0,294

Spline 293,375, 279,374, 270,370, 267,366, 272,361, 282,355, 294,353, 304,354, 312,358, 314,362, 313,366, 309,367, 304,367, 300,370, 297,374, 293,375, 2
Polygon 293,375, 279,374, 270,370, 267,366, 272,361, 282,355, 294,353, 304,354, 312,358, 314,362, 313,366, 309,367, 304,367, 300,370, 297,374

Spline 222,248, 188,246, 143,244, 103,243, 87,243, 75,244, 66,244, 63,245, 67,246, 78,247, 99,250, 116,252, 136,255, 159,256, 180,255, 200,254, 213,252, 222,248, 3
Polygon 222,248, 188,246, 143,244, 103,243, 87,243, 75,244, 66,244, 63,245, 67,246, 78,247, 99,250, 116,252, 136,255, 159,256, 180,255, 200,254, 213,252

Spline 0,265, 23,254, 50,250, 82,255, 109,261, 139,264, 175,263, 208,262, 222,259, 229,254, 233,248, 246,245, 268,245, 293,248, 317,253, 334,260, 340,264, 341,266, 337,269, 318,271, 296,273, 276,275, 265,277, 256,280, 250,286, 242,291, 222,296, 197,296, 157,295, 115,292, 75,287, 38,281, 0,270, 3
Polygon 0,265, 23,254, 50,250, 82,255, 109,261, 139,264, 175,263, 208,262, 222,259, 229,254, 233,248, 246,245, 268,245, 293,248, 317,253, 334,260, 340,264, 341,266, 337,269, 318,271, 296,273, 276,275, 265,277, 256,280, 250,286, 242,291, 222,296, 197,296, 157,295, 115,292, 75,287, 38,281, 0,270

Spline 396,356, 392,345, 396,330, 399,311, 396,292, 380,278, 353,277, 316,280, 291,282, 273,284, 264,287, 256,294, 241,302, 214,305, 177,307, 142,307, 116,306, 96,301, 79,299, 72,298, 68,298, 67,301, 69,304, 77,306, 94,310, 116,318, 138,331, 168,352, 200,366, 224,370, 251,362, 264,356, 280,349, 301,346, 312,350, 320,354, 325,361, 328,364, 334,364, 344,363, 371,359, 396,356, 3
Polygon 396,356, 392,345, 396,330, 399,311, 396,292, 380,278, 353,277, 316,280, 291,282, 273,284, 264,287, 256,294, 241,302, 214,305, 177,307, 142,307, 116,306, 96,301, 79,299, 72,298, 68,298, 67,301, 69,304, 77,306, 94,310, 116,318, 138,331, 168,352, 200,366, 224,370, 251,362, 264,356, 280,349, 301,346, 312,350, 320,354, 325,361, 328,364, 334,364, 344,363, 371,359

PenColor B1DFF7
BrushColor B1DFF7
Spline 263,280, 252,271, 240,263, 224,255, 2

PenColor 0033CC
BrushColor -1
SpotRect 156, 721, 80, 12, LoadMap Railways_Baltic.map
TextOut Arial, 9, 156, 721, Балтийский вокзал, 2
SpotRect 497, 576, 80, 12, LoadMap Railways_Vitebsk.map
TextOut Arial, 9, 497, 576, Витебский вокзал, 2
SpotRect 600, 414, 80, 12, LoadMap Railways_Moscow.map
TextOut Arial, 9, 600, 414, Московский вокзал, 2
SpotRect 714, 612, 70, 12, LoadMap Railways_Moscow.map
TextOut Arial, 9, 714, 612, Ладожский вокзал, 2
SpotRect 582, 334, 80, 12, LoadMap Railways_Finland.map
TextOut Arial, 9, 582, 334, Финляндский вокзал, 2
SpotRect 680, 431, 100, 18, LoadMap Railways_Novgorod_Pskov.map
TextOut Arial, 9, 680, 431, Схема движения до, 2
TextOut Arial, 9, 680, 439, Новгорода и Пскова, 2

PenColor D6083B
BrushColor D6083B
Polygon 656,70, 668,70, 668,82, 656,82
BrushColor -1
TextOut Arial, 14, 672, 69, Кировско-Выборгская линия, 1
PenColor FFFFFF
TextOut Arial, 14, 659, 69, 1, 1

PenColor 0078C9
BrushColor 0078C9
Polygon 656,93, 668,93, 668,105, 656,105
BrushColor -1
TextOut Arial, 14, 672, 92, Московско-Петроградская линия, 1
PenColor FFFFFF
TextOut Arial, 14, 659, 92, 2, 1

PenColor 009A49
BrushColor 009A49
Polygon 656,116, 668,116, 668,128, 656,128
BrushColor -1
TextOut Arial, 14, 672, 115, Невско-Василеостровская линия, 1
PenColor FFFFFF
TextOut Arial, 14, 659, 115, 3, 1

PenColor EA7125
BrushColor EA7125
Polygon 656,139, 668,139, 668,151, 656,151
BrushColor -1
TextOut Arial, 14, 672, 138, Правобережная линия, 1
PenColor FFFFFF
TextOut Arial, 14, 659, 138, 4, 1

PenColor 702785
BrushColor 702785
Polygon 656,162, 668,162, 668,174, 656,174
BrushColor -1
TextOut Arial, 14, 672, 161, Фрунзенско-Приморская линия, 1
PenColor FFFFFF
TextOut Arial, 14, 659, 161, 5, 1

PenColor 8D5B2D
BrushColor 8D5B2D
Polygon 656,185, 668,185, 668,197, 656,197
BrushColor -1
TextOut Arial, 14, 672, 184, Красносельско-Калининская линия, 1
PenColor FFFFFF
TextOut Arial, 14, 659, 184, 6, 1

;PenColor 0078C9
;TextOut Arial, 14, 725, 92, Линия 2, 1
;PenColor 009A49
;TextOut Arial, 14, 725, 115, Линия 3, 1
;PenColor EA7125
;TextOut Arial, 14, 725, 138, Линия 4, 1
;PenColor 702785
;TextOut Arial, 14, 725, 161, Линия 5, 1
;PenColor 8D5B2D
;TextOut Arial, 14, 725, 184, Линия 6, 1

BrushColor D6083B
SpotRect 423, 78, 22, 22, SelectRoute 1
BrushColor -1
PenColor FFFFFF
TextOut Arial, 25, 428, 78, 1, 1

BrushColor D6083B
SpotRect 125, 896, 22, 22, SelectRoute 1
BrushColor -1
PenColor FFFFFF
TextOut Arial, 25, 130, 896, 1, 1

BrushColor 0078C9
SpotRect 338, 57, 22, 22, SelectRoute 2
BrushColor -1
PenColor FFFFFF
TextOut Arial, 25, 343, 57, 2, 1

BrushColor 0078C9
SpotRect 290, 917, 22, 22, SelectRoute 2
BrushColor -1
PenColor FFFFFF
TextOut Arial, 25, 295, 917, 2, 1

BrushColor 009A49
SpotRect 14, 362, 22, 22, SelectRoute 3
BrushColor -1
PenColor FFFFFF
TextOut Arial, 25, 19, 362, 3, 1

BrushColor 009A49
SpotRect 573, 917, 22, 22, SelectRoute 3
BrushColor -1
PenColor FFFFFF
TextOut Arial, 25, 578, 917, 3, 1

BrushColor EA7125
SpotRect 667, 719, 22, 22, SelectRoute 4
BrushColor -1
PenColor FFFFFF
TextOut Arial, 25, 672, 719, 4, 1

BrushColor EA7125
SpotRect 226, 514, 22, 22, SelectRoute 4
BrushColor -1
PenColor FFFFFF
TextOut Arial, 25, 231, 514, 4, 1

BrushColor 702785
SpotRect 205, 176, 22, 22, SelectRoute 5
BrushColor -1
PenColor FFFFFF
TextOut Arial, 25, 210, 176, 5, 1

BrushColor 702785
SpotRect 444, 891, 22, 22, SelectRoute 5
BrushColor -1
PenColor FFFFFF
TextOut Arial, 25, 449, 891, 5, 1

BrushColor 8D5B2D
SpotRect 59, 858, 22, 22, SelectRoute 6
BrushColor -1
PenColor FFFFFF
TextOut Arial, 25, 64, 858, 6, 1

