Size 460x650
Angle -60

; пути
BrushColor 702785
Polygon 553,367, 553,397, 103,397, 103,367
Polygon 553,287, 553,257, 103,257, 103,287

BrushColor -1
PenColor 702785
AngleTextOut 0, Arial, 20, 426, 395, посадки нет >>
AngleTextOut 0, Arial, 20, 106, 232, << Бухарестская
AngleTextOut 0, Arial, 25, 209, 314, Международная, 1

; торцы
PenColor 000000
Line 553,367, 553,356, 410,356, 410,349, 473,349, 473,299, 553,299, 553,287
Polygon 410,305, 426,305, 425,298, 410,298
Line 103,287, 103,298, 162,298, 162,305, 126,305, 126,308
Line 126,346, 126,349, 162,349, 162,356, 103,356, 103,367

; пилоны и колонны
BrushColor CCCCCC
Ellipse 408,357, 404,349
Ellipse 396,357, 392,349
Ellipse 384,357, 380,349
Ellipse 372,357, 368,349
Ellipse 360,357, 356,349
Polygon 353,356, 317,356, 317,349, 353,349
Ellipse 315,357, 311,349
Ellipse 303,357, 299,349
Ellipse 291,357, 287,349
Ellipse 279,357, 275,349
Ellipse 267,357, 263,349
Polygon 260,356, 222,356, 222,349, 260,349
Ellipse 219,357, 215,349
Ellipse 207,357, 203,349
Ellipse 195,357, 191,349
Ellipse 183,357, 179,349
Ellipse 171,357, 167,349

Ellipse 408,306, 404,298
Ellipse 396,306, 392,298
Ellipse 384,306, 380,298
Ellipse 372,306, 368,298
Ellipse 360,306, 356,298
Polygon 353,305, 317,305, 317,298, 353,298
Ellipse 315,306, 311,298
Ellipse 303,306, 299,298
Ellipse 291,306, 287,298
Ellipse 279,306, 275,298
Ellipse 267,306, 263,298
Polygon 260,305, 222,305, 222,298, 260,298
Ellipse 219,306, 215,298
Ellipse 207,306, 203,298
Ellipse 195,306, 191,298
Ellipse 183,306, 179,298
Ellipse 171,306, 167,298

: вестибюль
Line 7,308, 7,287, -9,287, -9,279, -111,279, -111,287
Line -111,314, -111,340
Line -111,367, -111,375, -86,375, -86,398, -56,398, -56,375, -9,375, -9,367, 7,367, 7,346

BrushColor CCCCCC
Polygon -111,322, -91,322, -91,332, -111,332


; эскалатор 4 гор
PenColor 7F7F7F
Stairs 1,311, 1,343, 131,311
PenColor 000000
BrushColor 9B5509
Polygon -5,308, 135,308, 135,311, -5,311
Polygon -5,316, 135,316, 135,320, -5,320
Polygon -5,325, 135,325, 135,329, -5,329
Polygon -5,334, 135,334, 135,338, -5,338
Polygon -5,343, 135,343, 135,346, -5,346


; турникеты
BrushColor -1
Ellipse -44,281, -39,286
Line -91,327, -5,327, 0.5
PenColor 009900
Stairs -44,323, -40,323, -44,286
PenColor FF0000
Stairs -44,331, -40,331, -44,373

; кассы
PenColor 000000
BrushColor -1
Line -91,279, -91,271, -63,271, -63,279
AngleTextOut 0, Arial, 10, -89, 268, кассы

; стрелки
PenColor FF0000
Arrow -67,354, -90,354
PenColor 009900
Arrow -90,301, -67,301

;лестницы перехода
Opaque 80
PenColor FFFFFF
BrushColor FFFFFF
Polygon 418,266, 418,255, 433,255, 433,266, 437,287, 423,287
Polygon 442,255, 457,255, 457,288, 442,288
Polygon 466,266, 466,255, 480,255, 480,266, 475,287, 462,287
Opaque 100

PenColor 000000
Line 472,309, 472,305, 480,266, 480,250
Line 466,250, 466,266, 457,309, 457,250
Line 442,250, 442,309, 433,266, 433,250
Line 418,250, 418,266, 426,305, 426,309
Stairs 442,305, 457,305, 442,280
Stairs 426,305, 441,305, 421,279
Stairs 472,305, 458,305, 477,279
Line 414,250, 484,250, 2


; Названия улиц голубым
PenColor 00AFAF
;AngleTextOut 0, Arial, 15, 268, 575,
