Size 600x1560
Angle -80

; пути
PenColor 000000
BrushColor 0078c9
Polygon 410,640, 410,670, -40,670, -40,640
Polygon 410,560, 410,530, -40,530, -40,560

BrushColor -1
PenColor 0078c9
AngleTextOut 0, Arial, 20, -39, 506, << Парк Победы
AngleTextOut 0, Arial, 20, 301, 670, Звёздная >>
AngleTextOut 0, Arial, 25, 128, 587, Московская, 1

; горизонтальный лифт
PenColor 000000
Line 448,579, 448,576, 410,576, 410,563, 398,563, 398,564, 385,564, 385,562, 380,562, 380,564, 368,564, 368,562, 363,562, 363,564, 351,564, 351,562, 346,562, 346,564, 334,564, 334,562, 329,562, 329,564, 317,564, 317,562, 312,562, 312,564, 300,564, 300,562, 295,562, 295,564, 283,564, 283,562, 278,562, 278,564, 266,564, 266,562, 261,562, 261,564, 249,564, 249,562, 244,562, 244,564, 232,564, 232,562, 227,562, 227,564, 215,564, 215,562, 210,562, 210,564, 198,564, 198,562, 193,562, 193,564, 181,564, 181,562, 176,562, 176,564, 164,564, 164,562, 159,562, 159,564, 147,564, 147,562, 142,562, 142,564, 130,564, 130,562, 125,562, 125,564, 113,564, 113,562, 108,562, 108,564, 96,564, 96,562, 91,562, 91,564, 79,564, 79,562, 74,562, 74,564, 62,564, 62,562, 57,562, 57,564, 45,564, 45,562, 40,562, 40,564, 28,564, 28,562, 23,562, 23,564, 11,564, 11,562, 6,562, 6,564, -6,564, -6,562, -11,562, -11,564, -24,564, -24,563, -40,563, -40,576, -78,576, -78,579
Line 448,619, 448,622, 410,622, 410,637, 398,637, 398,636, 385,636, 385,638, 380,638, 380,636, 368,636, 368,638, 363,638, 363,636, 351,636, 351,638, 346,638, 346,636, 334,636, 334,638, 329,638, 329,636, 317,636, 317,638, 312,638, 312,636, 300,636, 300,638, 295,638, 295,636, 283,636, 283,638, 278,638, 278,636, 266,636, 266,638, 261,638, 261,636, 249,636, 249,638, 244,638, 244,636, 232,636, 232,638, 227,638, 227,636, 215,636, 215,638, 210,638, 210,636, 198,636, 198,638, 193,638, 193,636, 181,636, 181,638, 176,638, 176,636, 164,636, 164,638, 159,638, 159,636, 147,636, 147,638, 142,638, 142,636, 130,636, 130,638, 125,638, 125,636, 113,636, 113,638, 108,638, 108,636, 96,636, 96,638, 91,638, 91,636, 79,636, 79,638, 74,638, 74,636, 62,636, 62,638, 57,638, 57,636, 45,636, 45,638, 40,638, 40,636, 28,636, 28,638, 23,638, 23,636, 11,636, 11,638, 6,638, 6,636, -6,636, -6,638, -11,638, -11,636, -24,636, -24,637, -40,637, -40,622, -78,622, -78,619

; левый вестибюль

; эскалатор 3 гор
PenColor 7F7F7F
Stairs -76,616, -76,582, -138,616
PenColor 000000
BrushColor 9B5509
Polygon -69,582, -143,582, -143,579, -69,579
Polygon -69,590, -69,595, -143,595, -143,590
Polygon -69,603, -69,608, -143,608, -143,603
Polygon -69,616, -143,616, -143,619, -69,619

Line -290,571, -229,571, -229,559, -98,559, -98,640, -229,640, -229,628, -284,628
Line -383,647, -326,590
Line -291,631, -345,685
Line -452,686, -406,694, -405,688
Line -353,698, -354,704, -308,712
Spline -290,571, -308,576, -326,590
Spline -284,628, -288,629, -291,631
Spline -383,647, -398,667, -405,688
Spline -345,685, -350,691, -353,698
Line -312,733, -358,725, -392,915, -341,924
Line -345,945, -498,918
Line -494,896, -443,905, -410,716, -456,708
Stairs -314,711, -318,732, -350,705
Stairs -447,687, -451,709, -410,693
Stairs -489,897, -493,919, -450,904
Stairs -346,923, -350,944, -387,916
Stairs -274,628, -274,571, -259,628

; кассы
Line -212,559, -212,550, -182,550, -182,559
BrushColor -1
AngleTextOut 0, Arial, 10, -209, 547, касса

; турникеты
Line -143,606, -172,606, -172,602, 0.5
Line -172,563, -172,559, 0.5
PenColor 009900
Stairs -169,563, -175,563, -169,602

; стрелки
PenColor FF0000
Arrow -239,614, -252,614
PenColor 009900
Arrow -253,585, -239,585


; правый вестибюль

; эскалатор 3 гор
PenColor 7F7F7F
Stairs 514,616, 514,582, 445,616
PenColor 000000
BrushColor 9B5509
Polygon 521,582, 440,582, 440,579, 521,579
Polygon 521,590, 521,595, 440,595, 440,590
Polygon 521,603, 521,608, 440,608, 440,603
Polygon 521,616, 440,616, 440,619, 521,619


Line 674,627, 625,627, 625,638, 495,638, 495,560, 625,560, 625,571, 677,571
Line 898,926, 946,935, 950,913
Line 945,892, 682,631
Line 724,589, 987,851
Line 1000,921, 996,944, 1042,952
Spline 950,913, 950,901, 945,892
Spline 1000,921, 1001,882, 987,851
Spline 682,631, 678,628, 674,627
Spline 724,589, 701,575, 677,571
Line 1038,971, 993,963, 959,1157, 1003,1165
Line 1000,1182, 860,1157
Line 863,1140, 909,1148, 943,955, 895,946
Stairs 668,627, 668,571, 653,627
Stairs 904,927, 901,947, 941,934
Stairs 865,1158, 868,1141, 904,1165
Stairs 994,1181, 997,1164, 955,1174
Stairs 1036,970, 1039,952, 1000,964

; кассы
Line 578,560, 578,551, 608,551, 608,560
BrushColor -1
AngleTextOut 0, Arial, 10, 581, 548, касса

; турникеты
Line 521,603, 557,609, 557,605, 0.5
Line 557,564, 557,560, 0.5
PenColor 009900
Stairs 560,564, 554,564, 560,605

; стрелки
PenColor FF0000
Arrow 632,617, 646,617
PenColor 009900
Arrow 648,584, 633,584

PenColor 00AFAF
AngleTextOut -10, Arial, 15, 216, 915, Московский проспект
