Size 420x650
Angle 90

; пути

BrushColor 0078c9
Polygon 523,304, 523,274, 73,274, 73,304
Polygon 523,414, 523,384, 73,384, 73,414

BrushColor -1
PenColor 0078c9
AngleTextOut 0, Arial, 20, 390, 414, Фрунзенская >>
AngleTextOut 0, Arial, 20, 75, 251, << Электросила
AngleTextOut 0, Arial, 25, 198, 320, Московские, 1
AngleTextOut 0, Arial, 25, 212, 336, ворота, 1

; столбы
PenColor 000000
BrushColor CCCCCC
Polygon 367,312, 358,312, 358,321, 367,321
Polygon 338,312, 329,312, 329,321, 338,321
Polygon 309,312, 300,312, 300,321, 309,321
Polygon 280,312, 271,312, 271,321, 280,321
Polygon 367,367, 358,367, 358,376, 367,376
Polygon 338,367, 329,367, 329,376, 338,376
Polygon 310,367, 300,367, 300,376, 310,376
Polygon 280,367, 271,367, 271,376, 280,376
Polygon 392,349, 382,349, 382,339, 392,339


; правый торец
Line 523,304, 523,312, 387,312, 387,321, 396,321, 396,367, 387,367, 387,376, 523,376, 523,384

; левый вестибюль
Line 73,384, 73,376, 251,376, 251,367, 236,367, 236,361, 220,361, 220,367, 168,367, 168,364
Line 73,304, 73,312, 251,312, 251,321, 236,321, 236,327, 220,327, 220,321, 168,321, 168,324

; эскалатор 3 гор
PenColor 7F7F7F
Stairs 170,361, 170,327, 9,361
PenColor 000000
BrushColor 9B5509
Polygon 177,327, 4,327, 4,324, 177,324
Polygon 177,335, 177,340, 4,340, 4,335
Polygon 177,348, 177,353, 4,353, 4,348
Polygon 177,361, 4,361, 4,364, 177,364

; вестибюль
BrushColor CCCCCC
Polygon -26,404, -23,411, -25,415, -23,421, -26,427, -36,427, -39,421, -37,415, -39,411, -38,405, -38,405, -38,405

BrushColor FFFFFF
Spline 17,364, 11,377, 0,390, -13,399
Spline -21,402, -32,405, -45,405
Spline -57,402, -77,391, -92,372, -98,352, -96,330, -84,308, -67,294, -49,288, -28,288, -11,294, 5,307, 16,324
Line -9,397, -7,405, -3,405, -3,409, 3,409, 8,414, 8,427, -3,427
Line -21,427, -41,427
Line -57,427, -73,427, -73,412, -63,412, -60,401
Line -12,403, -13,399
Line -20,406, -21,402
Line -46,409, -45,405
Line -58,406, -57,402

; турникеты
Line 4,340, -15,340, -15,347, -35,347, -35,336, 0.5
Line -35,292, -35,287, 0.5
PenColor 009900
Stairs -32,336, -38,336, -32,291

; кассы
PenColor 000000
Line -90,316, -99,307, -78,286, -69,295
BrushColor -1
AngleTextOut -135, Arial, 10, -71, 297, кассы

; стрелки
PenColor 009900
Arrow -50,439, -50,418
PenColor FF0000
Arrow -12,418, -12,439

; Названия улиц голубым
PenColor 00AFAF
AngleTextOut 0, Arial, 15, 395, 509, Московский проспект
AngleTextOut 0, Arial, 15, -103, 468, площадь Московские ворота
AngleTextOut -60, Arial, 15, 134, 123, Ташкентская улица

