Size 550x800
Angle 80

; перекресток
PenColor F7F7F7
Spline -121,473, 80,415, 340,360, 433,264, 570,200, 640,166, 40
Spline 505,227, 665,281, 40
Spline 267,109, 58,248, -138,370, 40
Spline 245,130, 202,214, 232,297, 306,326, 398,301, 40
PenColor FFFFFF
Line 737,615, -85,760, -186,185, 635,40, 737,615, 35

;Здания беж
PenColor DDDDDD
BrushColor FEFBF1
Polygon 380,241, 419,208, 349,125, 310,158
PenColor 000000
BrushColor -1
AngleTextOut -50, Arial, 15, 358, 141, Нарвские
AngleTextOut -50, Arial, 15, 338, 139, триумфальные
AngleTextOut -50, Arial, 15, 343, 166, ворота

; пути

BrushColor D6083B
Polygon 346,488, 346,518, -104,518, -104,488
Polygon 346,378, 346,408, -104,408, -104,378

BrushColor -1
PenColor D6083B
AngleTextOut 0, Arial, 20, -98, 351, << Кировский завод
AngleTextOut 0, Arial, 20, 222, 518, Балтийская >>
AngleTextOut 0, Arial, 25, 69, 433, Нарвская, 1

; колонны
PenColor 000000
BrushColor CCCCCC
Polygon 5,420, 17,420, 17,432, 5,432
Polygon 27,420, 39,420, 39,432, 27,432
Polygon 50,420, 62,420, 62,432, 50,432
Polygon 73,420, 85,420, 85,432, 73,432
Polygon 95,420, 107,420, 107,432, 95,432
Polygon 117,420, 129,420, 129,432, 117,432
Polygon 139,420, 151,420, 151,432, 139,432
Polygon 162,420, 174,420, 174,432, 162,432
Polygon 184,420, 196,420, 196,432, 184,432
Polygon 206,420, 218,420, 218,432, 206,432
Polygon 228,420, 240,420, 240,432, 228,432
Polygon 5,464, 17,464, 17,476, 5,476
Polygon 27,464, 39,464, 39,476, 27,476
Polygon 50,464, 62,464, 62,476, 50,476
Polygon 73,464, 85,464, 85,476, 73,476
Polygon 95,464, 107,464, 107,476, 95,476
Polygon 117,464, 129,464, 129,476, 117,476
Polygon 139,464, 151,464, 151,476, 139,476
Polygon 162,464, 174,464, 174,476, 162,476
Polygon 184,464, 196,464, 196,476, 184,476
Polygon 206,464, 218,464, 218,476, 206,476
Polygon 228,464, 240,464, 240,476, 228,476


; левый торец
Line -104,488, -104,476, -5,476, -5,464, -10,464, -10,432, -5,432, -5,420, -104,420, -104,408


; правый вестибюль
Line 346,488, 346,476, 253,476, 253,471, 259,471, 259,466, 278,466, 278,471, 303,471, 303,468
Line 346,408, 346,420, 253,420, 253,425, 259,425, 259,430, 278,430, 278,425, 303,425, 303,428

; эскалатор 3 гор
PenColor 7F7F7F
Stairs 497,465, 497,431, 299,465
PenColor 000000
BrushColor 9B5509
Polygon 504,431, 294,431, 294,428, 504,428
Polygon 504,439, 504,444, 294,444, 294,439
Polygon 504,452, 504,457, 294,457, 294,452
Polygon 504,465, 294,465, 294,468, 504,468

Opaque 80
PenColor FFFFFF
BrushColor FFFFFF
Polygon 475,427, 470,438, 470,448, 470,458, 475,469, 426,469, 402,442, 391,452, 383,443, 384,427
Opaque 100

PenColor 000000
Spline 475,428, 470,448, 475,468
Line 530,498, 524,518
Line 530,399, 522,376, 520,377, 521,379
Line 624,492, 608,482, 600,494, 583,482
Line 624,405, 608,415, 600,403, 583,415
Line 479,481, 473,484
Line 468,486, 462,490
Line 520,360, 518,356, 513,358, 512,356, 515,353, 514,351, 517,349
Line 511,340, 507,342, 506,335, 502,330, 506,326
Line 490,339, 493,336, 497,341, 471,363, 467,357, 470,354
Line 454,367, 458,364, 463,370, 435,390, 431,384, 434,382
Line 420,396, 423,394, 427,400, 435,403, 436,403, 433,406
Line 441,416, 444,413, 451,412, 454,414, 476,423
Line 471,548, 481,540, 536,605, 592,558, 588,550, 575,554
Line 433,503, 445,493, 402,442, 391,452, 383,443, 386,411, 381,405
Line 559,316, 569,309
Line 434,405, 437,408
Line 440,411, 443,414
Stairs 442,496, 480,541, 434,502
Stairs 580,533, 586,550, 572,536
Line 561,314, 535,284, 385,409
Line 564,312, 536,279, 383,407
Line 567,310, 537,274, 381,405

Spline 524,516, 545,519, 567,515, 585,505, 598,493
Spline 525,513, 545,516, 566,512, 583,503, 596,491
Spline 526,510, 545,513, 565,509, 582,500, 593,490
Spline 527,507, 545,510, 564,506, 580,498, 591,488
Spline 528,504, 545,507, 563,503, 579,495, 589,486
Spline 529,501, 545,504, 562,500, 577,493, 586,484

Spline 598,404, 585,392, 567,382, 545,378, 524,381
Spline 596,406, 583,394, 566,385, 545,381, 525,384
Spline 593,407, 582,397, 565,388, 545,384, 526,387
Spline 591,409, 580,399, 564,391, 545,387, 527,390
Spline 588,411, 579,402, 563,394, 545,390, 528,393
Spline 586,413, 577,404, 562,397, 545,393, 529,396

BrushColor CCCCCC
Polygon 557,497, 562,519, 572,515, 564,495
Polygon 562,378, 572,382, 564,401, 557,398
Spline 583,415, 595,449, 583,482
Spline 530,498, 508,487, 495,468
Spline 524,518, 497,504, 479,481
Spline 530,399, 509,409, 495,428
Spline 521,379, 494,395, 476,423
Spline 473,484, 470,483, 468,486
Spline 624,492, 602,519, 570,536, 534,540, 502,530, 475,509
Spline 624,405, 602,378, 573,362, 545,357, 520,360
Line 481,515, 483,513
Line 487,510, 489,508
Line 493,504, 495,502
Line 462,490, 465,495
Line 469,501, 471,504
Line 423,394, 426,392
Line 430,389, 433,387
Line 460,366, 463,364
Line 466,362, 469,360
Line 495,338, 497,336
Line 500,332, 502,330
Line 509,341, 511,344
Line 514,348, 516,350
Ellipse 560,489, 565,494
Ellipse 554,491, 559,496
Ellipse 527,491, 532,496
Ellipse 521,489, 526,494
Ellipse 503,476, 508,481
Ellipse 499,471, 504,476
Ellipse 509,419, 504,414
Ellipse 505,424, 500,419
Ellipse 528,408, 523,403
Ellipse 534,406, 529,401
Ellipse 559,401, 564,406
Ellipse 553,399, 558,404
Ellipse 578,416, 583,421
Ellipse 581,421, 586,426
Ellipse 581,470, 586,475
Ellipse 578,475, 583,480

BrushColor -1
Line 507,386, 510,390, 493,404, 490,400
AngleTextOut -140, Arial, 8, 510, 393, касса

; будки
BrushColor FFFFFF
Polygon 292,439, 292,444, 284,444, 284,439
Polygon 537,408, 535,414, 527,411, 529,405
Polygon 571,419, 569,425, 577,428, 579,422

; турникеты
PenColor 000000
Line 504,454, 531,445, 571,445, 577,428, 0.5
PenColor 009900
Stairs 566,420, 565,423, 538,410

PenColor FF0000
Arrow 475,493, 461,502
PenColor 009900
Arrow 425,388, 434,395
Arrow 497,331, 504,345

; Названия улиц голубым
BrushColor -1
PenColor 00AFAF
AngleTextOut -20, Arial, 15, 526, 209, Старо-Петергофский
AngleTextOut -20, Arial, 15, 547, 234, проспект
AngleTextOut -140, Arial, 15, 471, 253, Площадь Стачек
AngleTextOut -80, Arial, 15, 259, 556, ДК им. М. Горького
