Size 1400x1000
Angle -15

; перекресток
PenColor F7F7F7
Line -68,375, 1401,353, 60
Line -28,143, -28,591, 30
Line 694,-51, 693,747, 611,1054, 30
Line 685,359, 664,438, 592,483, 426,1102, 30
Line 1460,563, 1225,898, 30
PenColor FFFFFF
Line -136,181, 1264,-195, 1536,819, 136,1195, -136,181, 50

; Гостиный двор

; пути

PenColor 000000
BrushColor 009A49
Polygon 1015,598, 1015,628, 565,628, 565,598
Polygon 565,488, 565,518, 1015,518, 1015,488

PenColor 009A49
BrushColor -1
AngleTextOut 0, Arial, 25, 702, 521, Гостиный двор, 1
AngleTextOut 0, Arial, 20, 891, 628, Маяковская >>
AngleTextOut 0, Arial, 20, 720, 462, << Василеостровская


; Невский проспект

; пути

PenColor 000000
BrushColor 0078C9
Polygon 329,514, 359,514, 359,964, 329,964
Polygon 439,514, 469,514, 469,964, 439,964

BrushColor -1
PenColor 0078C9
AngleTextOut 90, Arial, 20, 469, 729, Горьковская >>
AngleTextOut 90, Arial, 20, 306, 963, << Сенная площадь
AngleTextOut 90, Arial, 25, 374, 850, Невский проспект, 1


Opaque 80
PenColor FFFFFF
BrushColor FFFFFF
Polygon 327,527, 471,527, 470,589, 327,589
Opaque 100

; горизонтальный лифт
PenColor 000000
Line 1052,534, 1052,529, 1015,529, 1015,521, 1003,521, 1003,522, 990,522, 990,520, 985,520, 985,522, 973,522, 973,520, 968,520, 968,522, 956,522, 956,520, 951,520, 951,522, 939,522, 939,520, 934,520, 934,522, 922,522, 922,520, 917,520, 917,522, 905,522, 905,520, 900,520, 900,522, 888,522, 888,520, 883,520, 883,522, 871,522, 871,520, 866,520, 866,522, 854,522, 854,520, 849,520, 849,522, 837,522, 837,520, 832,520, 832,522, 820,522, 820,520, 815,520, 815,522, 803,522, 803,520, 798,520, 798,522, 786,522, 786,520, 781,520, 781,522, 769,522, 769,520, 764,520, 764,522, 752,522, 752,520, 747,520, 747,522, 735,522, 735,520, 730,520, 730,522, 718,522, 718,520, 713,520, 713,522, 701,522, 701,520, 696,520, 696,522, 684,522, 684,520, 679,520, 679,522, 667,522, 667,520, 662,520, 662,522, 650,522, 650,520, 645,520, 645,522, 633,522, 633,520, 628,520, 628,522, 616,522, 616,520, 611,520, 611,522, 599,522, 599,520, 594,520, 594,522, 581,522, 581,521, 565,521, 565,527, 276,527, 276,535, 226,535
Line 1052,583, 1052,588, 1015,588, 1015,595, 1003,595, 1003,594, 990,594, 990,596, 985,596, 985,594, 973,594, 973,596, 968,596, 968,594, 956,594, 956,596, 951,596, 951,594, 939,594, 939,596, 934,596, 934,594, 922,594, 922,596, 917,596, 917,594, 905,594, 905,596, 900,596, 900,594, 888,594, 888,596, 883,596, 883,594, 871,594, 871,596, 866,596, 866,594, 854,594, 854,596, 849,596, 849,594, 837,594, 837,596, 832,596, 832,594, 820,594, 820,596, 815,596, 815,594, 803,594, 803,596, 798,596, 798,594, 786,594, 786,596, 781,596, 781,594, 769,594, 769,596, 764,596, 764,594, 752,594, 752,596, 747,596, 747,594, 735,594, 735,596, 730,596, 730,594, 718,594, 718,596, 713,596, 713,594, 701,594, 701,596, 696,596, 696,594, 684,594, 684,596, 679,596, 679,594, 667,594, 667,596, 662,596, 662,594, 650,594, 650,596, 645,596, 645,594, 633,594, 633,596, 628,596, 628,594, 616,594, 616,596, 611,596, 611,594, 599,594, 599,596, 594,596, 594,594, 581,594, 581,595, 565,595, 565,589, 276,589, 276,581, 221,581



;вестибюль Невский проспект-2 (выход на канал Грибоедова)

; эскалатор 3 верт
PenColor 7F7F7F
Stairs 74,264, 41,276, 138,440
PenColor 000000
BrushColor 9B5509
Polygon 39,270, 107,456, 104,457, 36,271
Polygon 47,267, 52,265, 119,451, 114,453
Polygon 59,262, 64,260, 132,446, 127,448
Polygon 71,257, 139,443, 142,442, 74,256
Opaque 80
PenColor CCCCCC
BrushColor CCCCCC
Polygon 21,255, 29,255, 29,264, 31,271, 33,279, 37,285, 43,289, 49,292, 55,293, 61,292, 67,289, 71,287, 75,283, 77,279, 79,273, 81,266, 81,261, 81,255, 87,255, 86,263, 85,269, 83,275, 81,280, 78,285, 75,289, 71,293, 68,295, 65,297, 62,299, 59,300, 56,301, 53,301, 49,302, 43,303, 35,303, 26,303, 20,303, 21,289, 17,289
PenColor FFFFFF
BrushColor FFFFFF
Polygon 47,304, 47,303, 61,300, 76,289, 82,277, 94,306, 77,322, 57,330, 56,329
Opaque 100

; вестибюль
PenColor 000000
Stairs -4,296, 20,299, -3,286
Stairs 86,231, 109,208, 86,222
Spline 87,255, 83,275, 73,291, 53,301, 20,303
Line 81,255, 87,255
Spline 29,255, 31,271, 38,285, 55,293, 72,285, 79,272, 81,255
Line 20,303, 21,289, 17,289, 21,255, 29,255
Line 13,223, 5,223, -5,300
Spline 52,186, 38,191, 25,200, 17,211, 13,223
Line 51,178, 52,186
Spline 103,188, 88,179, 69,177, 51,178
Line 109,273, 109,188, 103,188
Spline 19,331, 60,329, 87,314, 101,295, 109,273
Line 22,327, 19,327, 19,331

; ступени
Line 65,297, 78,321
Line 62,299, 73,323
Line 59,300, 69,325
Line 56,301, 63,327


; после эскалатора
Line 109,482, 91,432, 94,431
Line 158,477, 136,416, 133,417
Spline 226,535, 199,528, 176,505, 158,477
Spline 221,581, 166,564, 131,526, 109,482

; кассы
BrushColor -1
Line 56,177, 56,168, 86,168, 86,178
AngleTextOut 0, Arial, 10, 59, 166, кассы

; турникеты
Line 36,223, 40,223, 0.5
Polygon 39,220, 41,226, 47,224, 45,218
Line 86,255, 86,208, 79,208, 0.5
Line 13,223, 36,223, 51,266, 0.5
PenColor 009900
Stairs 49,218, 51,222, 79,206

; стрелки
PenColor FF0000
Arrow 9,263, 7,280
PenColor 009900
Arrow 24,315, 44,315
Arrow 336,570, 353,570
Arrow 60,209, 67,223

PenColor FF0000
AngleTextOut 15, Arial, 10, 128, 210, по рабочим дням с 7:00 до 10:00 b c 16:00 до 18:30\nвестибюль закрыт на вход, 2


; вестибюль Гостиный двор

; эскалатор 4 гор
PenColor 7F7F7F
Stairs 1202,580, 1202,537, 1050,580
PenColor 000000
BrushColor 9B5509
Polygon 1209,537, 1045,537, 1045,534, 1209,534
Polygon 1209,544, 1209,549, 1045,549, 1045,544
Polygon 1209,556, 1209,561, 1045,561, 1045,556
Polygon 1209,568, 1209,573, 1045,573, 1045,568
Polygon 1209,580, 1045,580, 1045,583, 1209,583

Opaque 80
PenColor FFFFFF
BrushColor FFFFFF
Polygon 1135,533, 1102,533, 1102,584, 1135,584
Opaque 100

Line 1135,534, 1135,583
Line 1135,642, 1135,623, 1291,623, 1372,542, 1372,435, 1368,435
Spline 1149,668, 1138,656, 1135,642
Line 1242,729, 1240,732, 1149,668
Line 1128,698, 1219,762, 1217,765
Spline 1106,663, 1113,683, 1128,698
Line 1296,435, 1292,435, 1292,479, 1275,496, 1102,496, 1102,623, 1106,623, 1106,663
Line 1321,435, 1346,435

BrushColor D0D0D0
Polygon 1342,435, 1342,485, 1325,485, 1325,435, 1342,435
Polygon 1135,534, 1135,529, 1209,529, 1209,534
Polygon 1135,588, 1135,583, 1209,583, 1209,588

Stairs 1141,623, 1141,588, 1162,623
Stairs 1141,529, 1141,496, 1162,529
Stairs 1163,678, 1142,708, 1174,686

; кассы
BrushColor -1
Line 1268,623, 1268,633, 1233,633, 1233,623
AngleTextOut 0, Arial, 10, 1237, 621, кассы
Line 1270,622, 1284,608, 1306,608
AngleTextOut 22, Arial, 10, 1274, 614, кассы
Line 1106,658, 1095,658, 1095,626, 1106,626
AngleTextOut 90, Arial, 10, 1093, 655, кассы

; турникеты
Line 1209,588, 1259,588, 1259,580, 0.5
Polygon 1255,573, 1262,573, 1262,580, 1255,580
Line 1209,559, 1259,534, 1259,541, 0.5
Line 1259,534, 1298,534, 1334,498, 1334,485, 0.5
PenColor 009900
Stairs 1256,569, 1261,569, 1256,539

; стрелки
PenColor FF0000
Arrow 1309,469, 1309,449
PenColor 009900
Arrow 1357,447, 1357,468
Arrow 1266,559, 1245,559

; Названия улиц голубым
PenColor 00AFAF
BrushColor -1
AngleTextOut 55, Arial, 15, 1212, 794, 'Универмаг "Большой'
AngleTextOut 55, Arial, 15, 1231, 800, 'гостиный двор"'



;Невский проспект


; север + переход

PenColor 000000
Line 439,514, 431,514, 431,635, 423,635, 423,591
Line 359,514, 367,514, 367,635, 375,635, 375,591
Stairs 375,613, 423,613, 375,595

PenColor 000000
Line 375,587, 375,579, 367,579, 367,576
Line 431,576, 431,579, 423,579, 423,587
Line 367,538, 367,535, 431,535, 431,538

; эскалатор 4 гор
PenColor 7F7F7F
Stairs 429,541, 429,573, 467,541
PenColor 000000
BrushColor 9B5509
Polygon 423,538, 471,538, 471,541, 423,541
Polygon 423,546, 471,546, 471,550, 423,550
Polygon 423,555, 471,555, 471,559, 423,559
Polygon 423,564, 471,564, 471,568, 423,568
Polygon 423,573, 471,573, 471,576, 423,576

; эскалатор 4 гор
PenColor 7F7F7F
Stairs 333,541, 333,573, 371,541
PenColor 000000
BrushColor 9B5509
Polygon 327,538, 375,538, 375,541, 327,541
Polygon 327,546, 375,546, 375,550, 327,550
Polygon 327,555, 375,555, 375,559, 327,559
Polygon 327,564, 375,564, 375,568, 327,568
Polygon 327,573, 375,573, 375,576, 327,576

Opaque 80
PenColor FFFFFF
BrushColor FFFFFF
Polygon 363,528, 435,528, 435,588, 363,588
Opaque 100

PenColor 000000
Line 435,576, 435,538
Line 363,576, 363,538


; переход

Opaque 80
PenColor FFFFFF
BrushColor FFFFFF
Polygon 438,738, 470,738, 470,794, 438,794
Opaque 100

PenColor 000000
Stairs 853,569, 853,551, 816,569
Stairs 708,570, 708,551, 745,570
Line 855,551, 815,551, 815,569, 855,569

Line 706,551, 746,551, 746,570, 706,570

Line 815,628, 800,658, 800,676
Line 746,628, 763,658, 763,677
Spline 800,676, 795,697, 788,711, 766,731, 739,743
Spline 763,677, 759,687, 754,694, 741,702, 726,706
Line 726,706, 498,745, 498,738, 419,738
Line 739,743, 498,786, 498,794, 419,794
Stairs 429,738, 429,794, 455,738
Stairs 419,742, 424,742, 419,792
Arrow 692,560, 716,560
Arrow 887,560, 862,560
Arrow 782,654, 782,671
Arrow 534,760, 496,767
Arrow 426,768, 410,768

Opaque 10
PenColor FFFFFF
BrushColor FFFFFF
Polygon 746,597, 815,597, 815,628, 746,628
PenColor 000000
Line 746,551, 815,551
Line 746,570, 746,628
Line 815,569, 815,628
BrushColor 777777
Polygon 773,570, 792,570, 792,618, 782,640, 773,618

Opaque 100

; вестибюль Невский проспект-1 (выход на Михайловскую улицу)

Opaque 90
PenColor FFFFFF
BrushColor FFFFFF
Polygon 547,735, 657,716, 660,721, 650,760, 535,780
Polygon 638,487, 698,487, 660,629, 600,630
Opaque 100

Line 359,964, 366,964, 366,885, 373,885, 373,976, 365,976, 365,1023, 479,1023, 544,1040, 566,958, 559,956
Line 439,964, 432,964, 432,885, 425,885, 425,976, 486,976, 510,982, 520,945, 527,947
Stairs 373,974, 425,974, 373,928
Stairs 430,976, 430,1023, 476,976

; эскалатор 3
PenColor 7F7F7F
Stairs 591,833, 561,825, 557,961
PenColor 000000
BrushColor 9B5509
Polygon 563,818, 526,957, 523,956, 560,817
Polygon 570,820, 574,821, 537,960, 533,959
Polygon 581,823, 585,824, 548,963, 544,962
Polygon 592,826, 555,965, 558,966, 595,827

Line 559,826, 548,823, 532,795, 559,694, 587,678, 653,430, 611,430
Line 611,411, 653,411, 663,299, 621,299
Line 621,279, 766,279
Line 766,299, 724,299, 714,411, 756,411
Line 756,430, 714,430, 643,693, 659,721, 632,822, 604,838, 592,835
Stairs 613,430, 613,411, 651,430
Stairs 754,430, 754,411, 716,430
Stairs 764,299, 764,279, 726,299
Stairs 623,299, 623,279, 661,299

; турникеты
PenColor 000000
BrushColor -1
Line 546,743, 550,744, 0.5
Line 596,756, 601,757, 583,823, 0.5
Polygon 550,747, 551,742, 556,743, 555,748
PenColor 009900
Stairs 561,745, 560,749, 596,754

; кассы
PenColor 000000
Line 549,733, 540,731, 548,701, 557,703
AngleTextOut 75, Arial, 10, 539, 728, кассы

; стрелки
PenColor FF0000
Arrow 626,674, 634,644
PenColor 009900
Arrow 611,638, 603,668
PenColor 000000
Arrow 480,560, 500,560

; Названия улиц голубым
PenColor 00AFAF
AngleTextOut 0, Arial, 15, 483, 343, Невский проспект
AngleTextOut 90, Arial, 15, 685, 241, Михайловская улица
AngleTextOut 55, Arial, 15, 1356, 691, Садовая улица
AngleTextOut 90, Arial, 15, -39, 441, набережная канала Грибоедова
AngleTextOut 75, Arial, 15, 517, 722, Думская улица
AngleTextOut 75, Arial, 15, 650, 870, Перинная линия
