Size 1200x900
Angle 20

; пути
BrushColor ea7125
Polygon 808,261, 808,231, 1258,231, 1258,261
Polygon 808,341, 808,371, 1258,371, 1258,341

BrushColor -1
PenColor ea7125
AngleTextOut 0, Arial, 20, 811, 207, << Площадь Александра Невского-II
AngleTextOut 0, Arial, 20, 1141, 371, Ладожская >>
AngleTextOut 0, Arial, 25, 920, 282, Новочеркасская, 1

; правый торец
PenColor 000000
Line 1258,341, 1258,331, 1221,331, 1221,271, 1258,271, 1258,261

; левый вестибюль
Line 808,261, 808,279, 752,279, 752,283
Line 808,341, 808,327, 752,327, 752,323

; эскалатор 3 гор
PenColor 7F7F7F
Stairs 754,320, 754,286, 440,320
PenColor 000000
BrushColor 9B5509
Polygon 761,286, 435,286, 435,283, 761,283
Polygon 761,294, 761,299, 435,299, 435,294
Polygon 761,307, 761,312, 435,312, 435,307
Polygon 761,320, 435,320, 435,323, 761,323

Opaque 80
PenColor FFFFFF
BrushColor FFFFFF
Polygon 625,282, 677,282, 677,324, 625,324
PenColor CCCCCC
BrushColor CCCCCC
Polygon 254,348, 254,421, 340,507, 490,507, 490,471, 531,471, 625,377, 625,223, 495,93, 344,93, 254,183, 254,258, 443,258, 452,267, 505,267, 505,339, 451,339, 442,348
Opaque 100

; внутреннее кольцо
PenColor 000000
Line 505,267, 505,339, 451,339, 442,348, 254,348, 254,421, 340,507, 490,507, 490,471, 531,471, 625,377, 625,223, 495,93, 344,93, 254,183, 254,258, 443,258, 452,267, 505,267
Stairs 308,258, 308,348, 290,258

; внешнее кольцо
Line 162,374, 204,374, 204,231, 162,231
Line 162,180, 203,180, 340,43, 340,1
Line 369,1, 369,43, 394,43, 394,1
Line 414,1, 414,43, 443,43, 443,1
Line 463,1, 463,43, 488,43, 488,1
Line 517,1, 517,43, 677,203, 719,203
Line 719,228, 677,228, 677,377, 719,377
Line 719,402, 677,402, 517,562, 517,605
Line 488,605, 488,563, 463,563, 463,605
Line 443,605, 443,563, 414,563, 414,605
Line 394,605, 394,563, 369,563, 369,605
Line 340,605, 340,561, 204,424, 161,424

Stairs 164,231, 164,180, 202,231
Stairs 164,374, 164,424, 202,374
Stairs 340,603, 369,603, 340,565
Stairs 394,603, 414,603, 394,565
Stairs 443,603, 463,603, 443,565
Stairs 488,603, 517,603, 488,565
Stairs 717,402, 717,377, 679,402
Stairs 717,228, 717,203, 679,228
Stairs 488,3, 517,3, 488,41
Stairs 443,3, 463,3, 443,41
Stairs 394,3, 414,3, 394,41
Stairs 340,3, 369,3, 340,41

; кассы
BrushColor -1
Line 362,348, 362,356, 328,356, 328,348
AngleTextOut 0, Arial, 10, 333, 345, кассы

; турникеты
Line 435,294, 393,294, 393,304, 0.5
Line 393,340, 393,348, 0.5
PenColor 009900
Stairs 390,304, 396,304, 390,341

; стрелки
PenColor FF0000
Arrow 344,276, 329,276
PenColor 009900
Arrow 328,330, 345,330

; названия улиц голубым
PenColor 00AFAF
AngleTextOut 0, Arial, 15, 26, 286, Заневский проспект
AngleTextOut -90, Arial, 15, 435, 666, Новочеркасский проспект
