Size 500x760
Angle 80

;Пути
BrushColor 047C54
Polygon 180,419, 180,449, 630,449, 630,419
Polygon 180,519, 180,549, 630,549, 630,519

PenColor 047C54
BrushColor -1
AngleTextOut 0, Arial, 25, 351, 468, Обухово, 1
AngleTextOut 0, Arial, 15, 518, 548, Пролетарская >>
AngleTextOut 0, Arial, 15, 181, 401, << Рыбацкое

; правый торец
PenColor 000000
Line 630,449, 630,459, 587,459, 587,509, 630,509, 630,519

; вестибюль
PenColor CCCCCC
BrushColor CCCCCC
Polygon -43,449, -26,466, -29,473, -30,483, -30,491, -27,499, -24,506, -18,513, -12,519, -3,523, -3,544, -12,535, -9,532, -31,510, -34,513, -43,504, -43,493, -39,493, -39,462, -43,462

PenColor 000000
Line 180,449, 180,467, 160,467, 160,461, 137,461, 137,464
Line 180,519, 180,501, 160,501, 160,507, 137,507, 137,504
Spline 50,463, 41,452, 28,444, 13,441, -4,444
Line -4,444, -20,428, -4,428, -4,399, -21,399, -34,412
Line -56,434, -71,449, -71,517, -52,536
Line -35,553, -21,567, 48,567, 76,539, 56,519, 31,544, 31,522
Spline 31,522, 43,513, 50,503
Line -3,523, -3,544, -12,535, -9,532, -31,510, -34,513, -43,504, -43,493, -39,493, -39,462, -43,462, -43,449, -26,466
Spline -26,466, -30,483, -27,499, -18,513, -3,523

; эскалатор 3 гор
PenColor 7F7F7F
Stairs 139,501, 139,467, 55,501
PenColor 000000
BrushColor 9B5509
Polygon 146,467, 50,467, 50,464, 146,464
Polygon 146,475, 146,480, 50,480, 50,475
Polygon 146,488, 146,493, 50,493, 50,488
Polygon 146,501, 50,501, 50,504, 146,504


; турникеты
Line -10,511, -4,511, -4,517, -10,517, -10,511
Line -7,511, 25,476, 50,476, 0.5
Line 32,514, 42,514, 0.5
PenColor 009900
Stairs 0,512, 0,516, 33,512


; кассы
PenColor 0
BrushColor -1
Line 49,526, 69,546
AngleTextOut -45, Arial, 10, 59, 519, кассы

;ж/д
PenColor 000000
Railway 10, 14, 4, -143,393, 107,143
Railway 10, 14, 4, -149,334, 23,162
PenColor FFFFFF
Line -151,329, -137,403, 11
Line 114,145, 13,163, 11

; стрелки
PenColor 009900
Arrow -51,553, -37,539
PenColor FF0000
Arrow -38,429, -54,413

;названия улиц голубым
PenColor 00AFAF
BrushColor -1
AngleTextOut 0, Arial, 15, 58, 619, улица Грибакиных
