Size 580x680
Angle -73

; Улицы
; перекресток
PenColor F5F5F5
BrushColor F5F5F5
Line -108,443, 200,3, 20
Line -51,289, 538,702, 20

; Названия улиц голубым
PenColor 00AFAF
BrushColor -1
AngleTextOut 145, Arial, 15, 398, 614, Лиговский проспект
AngleTextOut 55, Arial, 15, -11, 287, набережная Обводного канала


; пути

PenColor 000000
BrushColor 702785
Polygon 649,271, 649,301, 200,301, 200,271
Polygon 649,191, 649,161, 200,161, 200,191

BrushColor -1
PenColor 702785
AngleTextOut 0, Arial, 20, 525, 301, Волковская >>
AngleTextOut 0, Arial, 20, 203, 136, << Звенигородская
AngleTextOut 0, Arial, 25, 311, 213, Обводный канал, 1

PenColor 000000
Line 649,271, 649,256, 505,256, 505,248, 512,248, 512,213, 505,213, 505,205, 649,205, 649,191
Line 361,256, 200,256, 200,271

;вестибюль
Opaque 80
PenColor FFFFFF
BrushColor FFFFFF
Polygon 306,302, 306,269, 306,269, 306,248, 355,249, 355,269, 355,269, 355,302
Opaque 100

; платформа
Line 200,191, 200,205, 361,205, 361,213, 300,213, 300,248, 306,248, 306,323
Line 303,332, 253,369
Line 245,375, 165,389, 166,395
Line 173,432, 174,438, 254,424
Line 293,403, 343,366
Line 355,323, 355,248, 361,248, 361,256
Stairs 306,250, 355,250, 306,311
Line 34,496, 38,495, 40,506, -52,522, -76,505, -85,451, -74,435, -71,437
Line -50,409, -53,407, -40,389, -28,397, -32,403, -8,420, 24,414, 25,420
Line 32,458, 35,476, 31,477
Spline 306,323, 305,328, 303,332
Spline 253,369, 249,373, 245,375
Spline 355,323, 352,346, 343,366
Spline 293,403, 275,416, 254,424

; пилоны
BrushColor CCCCCC
Polygon 374,205, 389,205, 389,213, 374,213
Polygon 402,205, 417,205, 417,213, 402,213
Polygon 430,205, 462,205, 462,213, 430,213
Polygon 475,205, 490,205, 490,213, 475,213

Polygon 374,248, 389,248, 389,256, 374,256
Polygon 402,248, 417,248, 417,256, 402,256
Polygon 430,248, 462,248, 462,256, 430,256
Polygon 475,248, 490,248, 490,256, 475,256


; эскалатор 4 гор
PenColor 7F7F7F
Stairs 11,425, 17,458, 183,394
PenColor 000000
BrushColor 9B5509
Polygon 4,423, 186,391, 187,394, 5,426
Polygon 6,431, 187,399, 188,403, 7,435
Polygon 8,440, 189,408, 190,412, 9,444
Polygon 9,449, 191,417, 192,421, 10,453
Polygon 11,458, 192,426, 193,429, 12,461

;кассы
BrushColor -1
PenColor 000000
Line 13,511, 14,518, -15,523, -16,516
AngleTextOut 10, Arial, 10, -14, 512, кассы

;турникеты
Ellipse -36,461, -29,468
BrushColor -1
Line 15,461, 19,482, -2,486, -5,484, 0.5
Line -8,420, -14,421, 0.5
Line -60,469, -41,458, -37,461, -20,447, 8,442, 0.5
Line -69,473, -81,475, 0.5
PenColor 009900
Stairs -4,482, -6,485, -27,466
PenColor FF0000
Stairs -42,456, -39,458, -15,419

;стрелки
PenColor FF0000
Arrow -55,426, -69,416
Arrow 209,393, 193,396
PenColor 009900
Arrow 43,484, 20,488
Arrow 199,422, 217,419

;инфосос
PenColor 34349C
BrushColor 34349C
Polygon -65,470, -60,468, -59,470, -64,472
PenColor FF0000
BrushColor FF0000
Polygon -70,472, -65,470, -64,472, -69,474
