Size 510x850
Angle 75

; пути

BrushColor 0078c9
Polygon 281,413, 281,443, -169,443, -169,413
Polygon 281,333, 281,303, -169,303, -169,333

BrushColor -1
PenColor 0078c9
AngleTextOut 0, Arial, 20, 49, 443, Проспект Просвещения >>
AngleTextOut 0, Arial, 20, -163, 278, << Удельная
AngleTextOut 0, Arial, 25, 16, 355, Озерки, 1


; левый торец

PenColor 000000
Line -169,333, -169,345, -90,345, -90,400, -169,400, -169,413


; правый вестибюль

;Здания беж
PenColor DDDDDD
BrushColor FEFBF1
Polygon 647,294, 585,232, 444,373, 585,514, 647,452, 612,417, 623,406, 607,390, 607,356, 623,340, 612,329

PenColor 000000
BrushColor CCCCCC
Polygon 585,232, 596,243, 530,309, 519,298
Polygon 530,437, 519,448, 585,514, 596,503

Line 281,413, 281,396, 337,396, 337,393
Line 281,333, 281,350, 337,350, 337,353

; эскалатор 3 гор
PenColor 7F7F7F
Stairs 515,390, 515,356, 334,390
PenColor 000000
BrushColor 9B5509
Polygon 522,356, 329,356, 329,353, 522,353
Polygon 522,364, 522,369, 329,369, 329,364
Polygon 522,377, 522,382, 329,382, 329,377
Polygon 522,390, 329,390, 329,393, 522,393

Line 642,447, 647,452, 585,514, 464,393
Line 464,353, 519,298
Line 596,243, 647,294, 644,297
Line 634,307, 612,329, 623,340, 607,356, 607,390, 623,406, 612,417, 631,436

; турникеты
Line 607,390, 590,364, 522,364, 0.5
Line 607,390, 595,398, 0.5
Line 534,441, 549,430, 0.5
PenColor 009900
Stairs 547,428, 551,432, 593,396

; кассы
PenColor 0
BrushColor FFFFFF
Polygon 551,458, 543,466, 568,491, 576,483
BrushColor -1
AngleTextOut -45, Arial, 10, 556, 461, кассы

; стрелки
PenColor FF0000
Arrow 635,298, 648,311
PenColor 009900
Arrow 643,435, 631,447

; Названия улиц голубым
PenColor 00AFAF
AngleTextOut 0, Arial, 15, 530, 546, проспект Энгельса
