Size 280x770
Angle 90

; пути

PenColor 000000
BrushColor 0078c9
Polygon 514,446, 514,476, 64,476, 64,446
Polygon 514,366, 514,336, 64,336, 64,366

BrushColor -1
PenColor 0078c9
AngleTextOut 0, Arial, 20, 67, 315, << Московская
AngleTextOut 0, Arial, 20, 370, 476, Электросила >>
AngleTextOut 0, Arial, 25, 215, 391, Парк Победы, 1

; горизонтальный лифт
PenColor 000000
Line 514,443, 514,369, 502,369, 502,370, 489,370, 489,368, 484,368, 484,370, 472,370, 472,368, 467,368, 467,370, 455,370, 455,368, 450,368, 450,370, 438,370, 438,368, 433,368, 433,370, 421,370, 421,368, 416,368, 416,370, 404,370, 404,368, 399,368, 399,370, 387,370, 387,368, 382,368, 382,370, 370,370, 370,368, 365,368, 365,370, 353,370, 353,368, 348,368, 348,370, 336,370, 336,368, 331,368, 331,370, 319,370, 319,368, 314,368, 314,370, 302,370, 302,368, 297,368, 297,370, 285,370, 285,368, 280,368, 280,370, 268,370, 268,368, 263,368, 263,370, 251,370, 251,368, 246,368, 246,370, 234,370, 234,368, 229,368, 229,370, 217,370, 217,368, 212,368, 212,370, 200,370, 200,368, 195,368, 195,370, 183,370, 183,368, 178,368, 178,370, 166,370, 166,368, 161,368, 161,370, 149,370, 149,368, 144,368, 144,370, 132,370, 132,368, 127,368, 127,370, 115,370, 115,368, 110,368, 110,370, 98,370, 98,368, 93,368, 93,370, 80,370, 80,369, 64,369, 64,386, 49,386, 49,382, 18,382, 18,386
Line 514,443, 502,443, 502,442, 489,442, 489,444, 484,444, 484,442, 472,442, 472,444, 467,444, 467,442, 455,442, 455,444, 450,444, 450,442, 438,442, 438,444, 433,444, 433,442, 421,442, 421,444, 416,444, 416,442, 404,442, 404,444, 399,444, 399,442, 387,442, 387,444, 382,444, 382,442, 370,442, 370,444, 365,444, 365,442, 353,442, 353,444, 348,444, 348,442, 336,442, 336,444, 331,444, 331,442, 319,442, 319,444, 314,444, 314,442, 302,442, 302,444, 297,444, 297,442, 285,442, 285,444, 280,444, 280,442, 268,442, 268,444, 263,444, 263,442, 251,442, 251,444, 246,444, 246,442, 234,442, 234,444, 229,444, 229,442, 217,442, 217,444, 212,444, 212,442, 200,442, 200,444, 195,444, 195,442, 183,442, 183,444, 178,444, 178,442, 166,442, 166,444, 161,444, 161,442, 149,442, 149,444, 144,444, 144,442, 132,442, 132,444, 127,444, 127,442, 115,442, 115,444, 110,444, 110,442, 98,442, 98,444, 93,444, 93,442, 80,442, 80,443, 64,443, 64,426, 49,426, 49,430, 18,430, 18,426

; эскалатор 3 гор
PenColor 7F7F7F
Stairs 20,423, 20,389, -95,423
PenColor 000000
BrushColor 9B5509
Polygon 27,389, -100,389, -100,386, 27,386
Polygon 27,397, 27,402, -100,402, -100,397
Polygon 27,410, 27,415, -100,415, -100,410
Polygon 27,423, -100,423, -100,426, 27,426

; вестибюль

PenColor 000000
BrushColor CCCCCC
Spline -87,426, -97,441, -116,454, -140,457, -163,448, -179,430, -185,406, -180,384, -169,369, -154,359
Line -154,359, -154,348
Polygon -140,345, -140,359, -128,359, -128,345
Line -114,348, -114,359
Spline -114,359, -98,370, -87,386

; турникеты
Line -134,359, -134,393, -117,393, -117,410, -100,410, 0.5
Line -134,393, -134,399, 0.5
Line -134,457, -134,451, 0.5
PenColor 009900
Stairs -130,451, -137,451, -131,398

; кассы
PenColor 0
Line -156,452, -165,461, -188,438, -179,429
BrushColor -1
AngleTextOut -45, Arial, 10, -177, 433, кассы

; стрелки
PenColor FF0000
Arrow -121,359, -121,345
PenColor 009900
Arrow -147,345, -147,359

; названия улиц голубым
PenColor 00AFAF
BrushColor -1
AngleTextOut 0, Arial, 15, -159, 258, Московский проспект
AngleTextOut -90, Arial, 15, -228, 364, Бассейная улица
