Size 625x910
Angle -80

; пути

PenColor 000000
BrushColor 0078C9
Polygon 324,283, 324,253, 774,253, 774,283
Polygon 324,363, 324,393, 774,393, 774,363

BrushColor -1
PenColor 0078C9
AngleTextOut 0, Arial, 20, 326, 228, << Чёрная речка
AngleTextOut 0, Arial, 20, 634, 393, Горьковская >>
AngleTextOut 0, Arial, 25, 479, 307, Петроградская, 1

; горизонтальный лифт
PenColor 000000
Line 774,360, 774,286, 762,286, 762,287, 749,287, 749,285, 744,285, 744,287, 732,287, 732,285, 727,285, 727,287, 715,287, 715,285, 710,285, 710,287, 698,287, 698,285, 693,285, 693,287, 681,287, 681,285, 676,285, 676,287, 664,287, 664,285, 659,285, 659,287, 647,287, 647,285, 642,285, 642,287, 630,287, 630,285, 625,285, 625,287, 613,287, 613,285, 608,285, 608,287, 596,287, 596,285, 591,285, 591,287, 579,287, 579,285, 574,285, 574,287, 562,287, 562,285, 557,285, 557,287, 545,287, 545,285, 540,285, 540,287, 528,287, 528,285, 523,285, 523,287, 511,287, 511,285, 506,285, 506,287, 494,287, 494,285, 489,285, 489,287, 477,287, 477,285, 472,285, 472,287, 460,287, 460,285, 455,285, 455,287, 443,287, 443,285, 438,285, 438,287, 426,287, 426,285, 421,285, 421,287, 409,287, 409,285, 404,285, 404,287, 392,287, 392,285, 387,285, 387,287, 375,287, 375,285, 370,285, 370,287, 358,287, 358,285, 353,285, 353,287, 340,287, 340,286, 324,286, 324,298, 263,298, 263,301
Line 774,360, 762,360, 762,359, 749,359, 749,361, 744,361, 744,359, 732,359, 732,361, 727,361, 727,359, 715,359, 715,361, 710,361, 710,359, 698,359, 698,361, 693,361, 693,359, 681,359, 681,361, 676,361, 676,359, 664,359, 664,361, 659,361, 659,359, 647,359, 647,361, 642,361, 642,359, 630,359, 630,361, 625,361, 625,359, 613,359, 613,361, 608,361, 608,359, 596,359, 596,361, 591,361, 591,359, 579,359, 579,361, 574,361, 574,359, 562,359, 562,361, 557,361, 557,359, 545,359, 545,361, 540,361, 540,359, 528,359, 528,361, 523,361, 523,359, 511,359, 511,361, 506,361, 506,359, 494,359, 494,361, 489,361, 489,359, 477,359, 477,361, 472,361, 472,359, 460,359, 460,361, 455,361, 455,359, 443,359, 443,361, 438,361, 438,359, 426,359, 426,361, 421,361, 421,359, 409,359, 409,361, 404,361, 404,359, 392,359, 392,361, 387,361, 387,359, 375,359, 375,361, 370,361, 370,359, 358,359, 358,361, 353,361, 353,359, 340,359, 340,360, 324,360, 324,344, 263,344, 263,341


; вестибюль слева

; эскалатор 3 гор
PenColor 7F7F7F
Stairs 265,338, 265,304, 112,338
PenColor 000000
BrushColor 9B5509
Polygon 272,304, 107,304, 107,301, 272,301
Polygon 272,312, 272,317, 107,317, 107,312
Polygon 272,325, 272,330, 107,330, 107,325
Polygon 272,338, 107,338, 107,341, 272,341

PenColor 000000
Spline 116,301, 86,262, 38,250, -5,270, -26,312
Spline 117,341, 97,374, 64,393, 28,393
Line -26,312, -115,336, -91,424, -87,423, -84,435
Line -73,432, -76,420, -69,418, -56,467, -68,470, -65,481, -105,492
Line -100,512, -59,501, -42,661, -83,672
Line -78,692, 75,651
Line 70,631, 29,642, 14,481, 54,470
Line 48,451, 7,462, 4,451, -8,454, -21,406, -17,405, -14,416
Line -2,413, -5,402, 28,393

Stairs -86,426, -75,423, -84,435
Stairs -68,422, -50,417, -56,466
Stairs -39,413, -21,408, -27,457
Stairs -103,492, -98,511, -66,482
Stairs 45,452, 50,471, 8,462
Stairs -81,672, -76,691, -44,662
Stairs 68,632, 73,651, 30,642
Stairs -16,406, -5,403, -14,415

BrushColor CCCCCC
Polygon -38,462, -51,414, -40,411, -27,459

; турникеты
Line -45,412, -57,369, -10,356, 37,312, 107,312, 0.5
Line 37,312, 45,321, 0.5
Line 88,368, 96,376, 0.5
PenColor 009900
Stairs 43,322, 47,319, 87,371

; стрелки
PenColor FF0000
Arrow -81,380, -78,394
PenColor 009900
Arrow -16,377, 1,373

;названия улиц голубым
PenColor 00AFAF
BrushColor -1
AngleTextOut 15, Arial, 15, 147, 538, Каменноостровский проспект
