Size 360x960
Angle -80

; пути

PenColor 000000
BrushColor 0078c9
Polygon -279,426, -279,396, 171,396, 171,426
Polygon -279,506, -279,536, 171,536, 171,506

BrushColor -1
PenColor 0078c9
AngleTextOut 0, Arial, 20, -275, 370, << Удельная
AngleTextOut 0, Arial, 20, 33, 536, Чёрная речка >>
AngleTextOut 0, Arial, 25, -98, 455, Пионерская, 1


; правый торец

PenColor 000000
Line -279,506, -279,489, -205,489, -205,443, -279,443, -279,426


; левый вестибюль

;Здания беж
PenColor DDDDDD
BrushColor FEFBF1
Polygon 525,574, 371,574, 400,494, 400,412, 525,412

PenColor 000000
Line 171,426, 171,441, 277,441, 277,446
Line 171,506, 171,491, 277,491, 277,486
Stairs 193,441, 193,491, 239,441

; эскалатор 3 гор
PenColor 7F7F7F
Stairs 275,449, 275,483, 454,449
PenColor 000000
BrushColor 9B5509
Polygon 268,483, 459,483, 459,486, 268,486
Polygon 268,475, 268,470, 459,470, 459,475
Polygon 268,462, 268,457, 459,457, 459,462
Polygon 268,449, 459,449, 459,446, 268,446

Line 463,417, 463,412, 400,412, 400,446
Line 400,486, 400,494, 392,516, 395,517
Line 385,545, 382,544, 371,574, 525,574, 525,547, 520,547
Line 520,518, 525,518, 525,412, 499,412, 499,417

; турникеты
Line 176,466, 250,466, 0.5
Line 525,457, 459,457, 0.5
Line 459,486, 471,483, 0.5
Line 514,471, 525,468, 0.5
PenColor 009900
Stairs 515,474, 513,468, 472,486

PenColor FF0000
Arrow 482,423, 482,407
PenColor 009900
Arrow 381,528, 395,533
Arrow 531,532, 515,532

;названия улиц голубым
PenColor 00AFAF
BrushColor -1
AngleTextOut 70, Arial, 15, 260, 660, проспект Испытателей
AngleTextOut 0, Arial, 15, 318, 364, Коломяжский проспект
AngleTextOut 90, Arial, 15, 629, 585, Богатырский проспект
