Size 678x850
Angle -70

;PenColor FF0000
;BrushColor -1
;Ellipse -10,311, 85,406
;Ellipse 8,329, 67,388

; пути

PenColor 000000
BrushColor D6083B
Polygon 562,400, 562,430, 112,430, 112,400
Polygon 562,320, 562,290, 112,290, 112,320

BrushColor -1
PenColor D6083B
AngleTextOut 0, Arial, 20, 117, 266, << Выборгская
AngleTextOut 0, Arial, 20, 407, 430, Чернышевская >>
AngleTextOut 0, Arial, 25, 243, 342, Площадь Ленина, 1


; правый вестибюль

PenColor CCCCCC
BrushColor CCCCCC
Polygon 662,356, 705,399, 746,358, 735,347, 724,351, 712,354, 701,355, 689,357, 676,357

PenColor 000000
Line 562,400, 562,391, 420,391, 420,383, 472,383, 472,380
Line 562,320, 562,328, 420,328, 420,337, 472,337, 472,340
Line 612,380, 612,383, 646,383, 676,413, 676,431, 663,444, 658,439, 652,445, 673,466, 679,460, 677,458
Line 612,340, 612,337, 662,337
Spline 662,337, 685,336, 704,334, 725,329, 743,320
Spline 662,356, 701,355, 735,347
Line 743,320, 747,324, 775,296
Line 783,304, 755,332, 781,358, 776,363, 774,361
Line 767,368, 769,370, 689,450, 687,448
Line 735,347, 746,358, 705,399, 662,356
Stairs 774,297, 782,305, 748,323

; турникеты
Line 741,363, 758,380, 0.5
Line 676,428, 683,421, 0.5
Line 700,404, 705,399, 0.5
Line 621,356, 662,356, 0.5
PenColor 009900
Stairs 698,402, 703,407, 680,420

; эскалатор 3 гор
PenColor 7F7F7F
Stairs 614,377, 614,343, 469,377
PenColor 000000
BrushColor 9B5509
Polygon 621,343, 465,343, 465,340, 621,340
Polygon 621,351, 621,356, 465,356, 465,351
Polygon 621,364, 621,369, 465,369, 465,364
Polygon 621,377, 465,377, 465,380, 621,380


; левый вестибюль

PenColor 000000
Line 112,400, 112,391, 253,391, 253,383, 200,383, 200,380
Line 112,320, 112,328, 253,328, 253,337, 200,337, 200,340

Line 75,321, 53,313
Spline 53,313, 37,310, 21,313, 6,323, -7,341, -10,363, -4,381, 7,394, 21,402
Line 21,402, 43,410
Line 69,338, 47,330
Spline 47,330, 32,328, 20,335
Line 20,335, 34,340
Line 27,385, 49,393
Spline 27,385, 18,380, 12,372
Line 12,372, 34,380

; турникеты
Line 34,364, -9,348, 0.5
Line 36,328, 36,325, 0.5
Line 36,313, 36,310, 0.5
PenColor 009900
Stairs 34,313, 38,313, 34,326

; эскалатор 3 гор
PenColor 7F7F7F
Stairs 202,377, 202,343, 39,377
PenColor 000000
BrushColor 9B5509
Polygon 209,343, 34,343, 34,340, 209,340
Polygon 209,351, 209,356, 34,356, 34,351
Polygon 209,364, 209,369, 34,369, 34,364
Polygon 209,377, 34,377, 34,380, 209,380

; стрелки
PenColor FF0000
Arrow 32,396, 46,401
Arrow 760,354, 772,366
Arrow 741,338, 751,328
PenColor 009900
Arrow 72,329, 58,324
Arrow 684,455, 675,446

; Названия улиц голубым
PenColor 00AFAF
BrushColor -1
AngleTextOut 140, Arial, 15, 166, 719, улица Академика Лебедева
AngleTextOut 50, Arial, 15, 37, 557, Боткинская улица
AngleTextOut 50, Arial, 15, 229, 557, Финский переулок
AngleTextOut 0, Arial, 15, -98, 413, << Лесной проспект
AngleTextOut 140, Arial, 15, 769, 294, Финляндский вокзал
AngleTextOut 50, Arial, 15, 708, 454, улица Комсомола

