Size 1100x920
Angle -10

; Площадь Восстания

; пути

BrushColor D6083B
Polygon 813,212, 843,212, 843,662, 813,662
Polygon 703,212, 733,212, 733,662, 703,662

BrushColor -1
PenColor D6083B
AngleTextOut 90, Arial, 20, 678, 662, << Владимирская
AngleTextOut 90, Arial, 20, 843, 364, Чернышевская >>
AngleTextOut 90, Arial, 25, 761, 568, Площадь Восстания, 1

; столбы
PenColor 000000
BrushColor CCCCCC
Polygon 803,300, 803,309, 795,309, 795,300
Polygon 751,300, 751,309, 743,309, 743,300
Polygon 803,319, 803,327, 795,327, 795,319
Polygon 751,319, 751,327, 743,327, 743,319
Polygon 803,337, 803,345, 795,345, 795,337
Polygon 751,337, 751,345, 743,345, 743,337
Polygon 803,354, 803,362, 795,362, 795,354
Polygon 751,354, 751,362, 743,362, 743,354
Polygon 803,372, 803,380, 795,380, 795,372
Polygon 751,372, 751,380, 743,380, 743,372
Polygon 803,388, 803,397, 805,397, 805,405, 803,405, 803,452, 806,452, 806,461, 803,461, 803,469, 795,469, 795,461, 792,461, 792,452, 795,452, 795,405, 792,405, 792,397, 795,397, 795,388
Polygon 751,477, 751,486, 743,486, 743,477
Polygon 751,495, 751,504, 743,504, 743,495
Polygon 751,513, 751,522, 743,522, 743,513
Polygon 803,477, 803,522, 795,522, 795,513, 798,513, 798,504, 795,504, 795,495, 798,495, 798,486, 795,486, 795,477
Polygon 803,530, 803,538, 795,538, 795,530
Polygon 751,530, 751,538, 743,538, 743,530
Polygon 803,547, 803,555, 795,555, 795,547
Polygon 751,547, 751,555, 743,555, 743,547
Polygon 803,563, 803,572, 795,572, 795,563
Polygon 751,563, 751,572, 743,572, 743,563
Polygon 803,581, 803,590, 795,590, 795,581
Polygon 751,581, 751,590, 743,590, 743,581
Polygon 743,389, 751,389, 751,398, 754,398, 754,406, 751,406, 751,412, 736,412, 736,409, 740,409, 740,398, 743,398
Polygon 751,448, 751,452, 754,452, 754,461, 751,461, 751,469, 743,469, 743,461, 740,461, 740,451, 736,451, 736,448

; будки у эскалаторов
BrushColor FFFFFF
Polygon 782,214, 782,223, 777,223, 777,214
Polygon 760,451, 760,461, 754,461, 754,451


; северный вестибюль

PenColor 000000
Line 813,212, 807,212, 807,222, 803,222, 803,286, 795,286, 795,248, 791,248, 791,240, 796,240, 796,199, 793,199
Line 753,199, 750,199, 750,240, 755,240, 755,248, 751,248, 751,286, 743,286, 743,212, 733,212

; столбики
Line 799,85, 799,85, 3
Line 804,78, 804,78, 3
Line 808,68, 808,68, 3
Line 808,58, 808,58, 3
Line 806,49, 806,49, 3
Line 802,40, 802,40, 3
Line 795,32, 795,32, 3
Line 777,25, 777,25, 3
Line 787,27, 787,27, 3
Line 768,25, 768,25, 3
Line 758,27, 758,27, 3
Line 751,32, 751,32, 3
Line 743,40, 743,40, 3
Line 739,49, 739,49, 3
Line 737,58, 737,58, 3
Line 737,68, 737,68, 3
Line 741,78, 741,78, 3
Line 746,85, 746,85, 3

Line 817,75, 845,88, 842,95
Line 728,75, 700,88, 703,95
Line 756,-15, 756,-20, 759,-20
Line 788,-20, 791,-20, 791,-15
Spline 788,-20, 784,-24, 773,-26, 763,-24, 759,-20
Spline 753,94, 737,75, 736,49, 751,29
Spline 731,82, 726,60, 732,38, 746,22
Spline 701,31, 713,11, 731,-5, 756,-15
Spline 791,-15, 814,-5, 832,11, 844,31
Spline 793,94, 809,74, 809,49, 795,29
Spline 814,82, 819,60, 813,38, 799,22

BrushColor FFFFFF
Polygon 780,40, 780,47, 769,47, 769,40

Line 703,26, 709,29
Line 714,31, 720,34
Line 725,36, 731,39
Line 842,26, 836,29
Line 831,31, 825,34
Line 820,36, 814,39
Line 847,39, 849,49
Line 850,61, 849,73
Line 847,82, 845,88
Line 698,39, 696,49
Line 695,61, 696,73
Line 698,82, 700,88

BrushColor CCCCCC
Polygon 743,25, 746,22, 751,29, 748,31
Polygon 751,19, 755,17, 759,24, 755,26
Polygon 763,15, 768,14, 769,22, 765,23
Polygon 777,14, 776,22, 780,23, 782,15
Polygon 786,24, 789,17, 793,19, 790,26
Polygon 798,31, 802,25, 799,22, 795,29

; эскалатор 3 верт
PenColor 7F7F7F
Stairs 790,97, 756,97, 790,207
PenColor 000000
BrushColor 9B5509
Polygon 756,90, 756,212, 753,212, 753,90
Polygon 764,90, 769,90, 769,212, 764,212
Polygon 777,90, 782,90, 782,212, 777,212
Polygon 790,90, 790,212, 793,212, 793,90



; турникеты
Line 777,90, 769,73, 769,44, 751,-14, 0.5
Line 807,44, 800,44, 0.5
PenColor 009900
Stairs 784,41, 784,46, 801,41

; стрелки
PenColor FF0000
Arrow 700,56, 683,56
PenColor 009900
Arrow 857,55, 841,55

; южный вестибюль

PenColor 000000
Line 733,662, 743,662, 743,600, 751,600, 751,662, 753,662, 753,664
Line 793,664, 793,662, 795,662, 795,600, 803,600, 803,662, 813,662
Line 713,710, 713,701, 753,701, 753,664
Line 793,664, 793,701, 823,701, 830,700, 836,698, 835,695, 857,687, 858,690
Line 737,731, 809,731

Stairs 753,664, 793,664, 753,699
Stairs 751,731, 751,701, 738,731
Stairs 795,731, 795,701, 808,731


; Маяковская

; пути

PenColor 000000
BrushColor 009a49
Polygon 218,468, 218,498, 668,498, 668,468
Polygon 668,388, 668,358, 218,358, 218,388

BrushColor -1
PenColor 009a49
AngleTextOut 0, Arial, 20, 219, 336, << Гостиный двор
AngleTextOut 0, Arial, 20, 360, 498, Площадь Александра Невского-I >>
AngleTextOut 0, Arial, 25, 378, 390, Маяковская, 1

;платформы
PenColor 000000
Line 687,412, 687,409, 668,409, 668,391, 656,391, 656,393, 643,392, 643,390, 638,390, 638,393, 626,392, 626,390, 621,390, 621,393, 609,392, 609,390, 604,390, 604,393, 592,392, 592,390, 587,390, 587,393, 575,392, 575,390, 570,390, 570,393, 558,392, 558,390, 553,390, 553,393, 541,392, 541,390, 536,390, 536,393, 524,392, 524,390, 519,390, 519,393, 507,392, 507,390, 502,390, 502,393, 490,392, 490,390, 485,390, 485,393, 473,392, 473,390, 468,390, 468,393, 456,392, 456,390, 451,390, 451,393, 439,392, 439,390, 434,390, 434,393, 422,392, 422,390, 417,390, 417,393, 405,392, 405,390, 400,390, 400,393, 388,392, 388,390, 383,390, 383,393, 371,392, 371,390, 366,390, 366,393, 354,392, 354,390, 349,390, 349,393, 337,392, 337,390, 332,390, 332,393, 320,392, 320,390, 315,390, 315,393, 303,392, 303,390, 298,390, 298,393, 286,392, 286,390, 281,390, 281,393, 269,392, 269,390, 264,390, 264,393, 252,392, 252,390, 247,390, 247,393, 234,392, 234,391, 218,391, 218,409, 203,409, 203,405, 172,405, 172,408
Line 687,448, 687,451, 668,451, 668,465, 656,465, 656,464, 643,463, 643,466, 638,466, 638,464, 626,463, 626,466, 621,466, 621,464, 609,463, 609,466, 604,466, 604,464, 592,463, 592,466, 587,466, 587,464, 575,463, 575,466, 570,466, 570,464, 558,463, 558,466, 553,466, 553,464, 541,463, 541,466, 536,466, 536,464, 524,463, 524,466, 519,466, 519,464, 507,463, 507,466, 502,466, 502,464, 490,463, 490,466, 485,466, 485,464, 473,463, 473,466, 468,466, 468,464, 456,463, 456,466, 451,466, 451,464, 439,463, 439,466, 434,466, 434,464, 422,463, 422,466, 417,466, 417,464, 405,463, 405,466, 400,466, 400,464, 388,463, 388,466, 383,466, 383,464, 371,463, 371,466, 366,466, 366,464, 354,463, 354,466, 349,466, 349,464, 337,463, 337,466, 332,466, 332,464, 320,463, 320,466, 315,466, 315,464, 303,463, 303,466, 298,466, 298,464, 286,463, 286,466, 281,466, 281,464, 269,463, 269,466, 264,466, 264,464, 252,463, 252,466, 247,466, 247,464, 234,463, 234,465, 218,465, 218,447, 203,447, 203,451, 172,451, 172,448


; средний выход

PenColor 000000
Line
Line 388,443, 411,443, 411,422, 388,422
Line 503,443, 480,443, 480,422, 503,422
Line

Opaque 20
PenColor FFFFFF
BrushColor FFFFFF
Polygon 461,499, 430,499, 430,467, 461,467
PenColor 000000
Line 411,422, 480,422
Line 480,443, 465,443, 465,454, 461,454, 461,470, 461,498
Line 411,443, 426,443, 426,454, 430,454, 430,470, 430,498
Stairs 478,422, 478,443, 465,422
Stairs 413,422, 413,443, 426,422
BrushColor 808080
Polygon 442,454, 442,464, 445,470, 449,464, 449,454
Opaque 100

Line 472,538, 620,676
Line 600,695, 452,556

Spline 461,498, 463,521, 472,538
Spline 430,498, 435,528, 452,556
Spline 620,676, 663,704, 713,710
Spline 600,695, 652,726, 713,733

Stairs 389,422, 389,443, 411,422
Stairs 502,422, 502,443, 480,422

; западный вестибюль

Line 74,243, 74,305, 79,326, 83,329, 179,329
Line 97,408, 86,360, 87,356, 90,354, 131,354, 131,362, 179,362
Line 3,243, 3,399, 13,399, 13,394, 18,394, 18,423, 13,423, 13,418, 3,418
Spline 3,418, 9,452, 31,473, 60,478, 84,467, 98,448
Line 3,262, 18,262
Line 31,262, 44,262
Line 57,262, 74,262
Line 3,268, 18,268
Line 31,268, 44,268
Line 57,268, 74,268
Line 169,329, 169,336
Line 169,343, 169,349
Line 169,356, 169,362
Line 164,329, 164,336
Line 164,343, 164,349
Line 164,356, 164,362

BrushColor FFFFFF
Polygon 47,449, 56,449, 56,461, 47,461

BrushColor CCCCCC
Polygon 32,353, 57,353, 57,360, 32,360
Polygon 175,344, 179,344, 179,348, 175,348
Polygon 10,242, 14,242, 14,247, 10,247
Polygon 24,242, 28,242, 28,247, 24,247
Polygon 36,242, 40,242, 40,247, 36,247
Polygon 50,242, 54,242, 54,247, 50,247
Polygon 63,242, 67,242, 67,247, 63,247

; эскалатор 3 гор
PenColor 7F7F7F
Stairs 174,445, 174,411, 90,445
PenColor 000000
BrushColor 9B5509
Polygon 181,411, 85,411, 85,408, 181,408
Polygon 181,419, 181,424, 85,424, 85,419
Polygon 181,432, 181,437, 85,437, 85,432
Polygon 181,445, 85,445, 85,448, 181,448

; будки у эскалаторов
BrushColor FFFFFF
Polygon 190,432, 190,437, 183,437, 183,432

; турникеты
Line 85,448, 56,461, 0.5
Line 85,424, 54,418, 0.5
PenColor 009900
Stairs 49,418, 54,418, 49,447

; стрелки
PenColor FF0000
Arrow 50,290, 50,275
PenColor 009900
Arrow 25,275, 25,290


; общий вестибюль

PenColor 000000
Line 713,733, 713,742, 823,742, 838,741, 851,738, 852,741, 874,733, 873,730

; будки котнролеров
BrushColor FFFFFF
Polygon 979,694, 981,690, 976,687, 974,691
Polygon 983,655, 980,647, 975,649, 978,657

; будки у эскалаторов
BrushColor FFFFFF
Polygon 856,719, 851,721, 853,725, 858,723

Line 960,562, 962,568, 970,565
Line 980,588, 969,592, 988,644, 994,642, 1008,681, 1002,683, 1021,736, 1065,720, 1067,725
Line 1066,722, 1140,695
Line 1146,714, 1072,741
Line 1071,739, 1073,744, 1065,747, 1069,758, 1066,759
Line 1058,762, 1055,763, 1051,752, 1029,760, 1031,766, 989,781, 988,778
Line 979,755, 978,752, 981,751, 980,748, 991,744, 988,736, 982,738, 967,696, 956,700
Line 941,660, 951,657, 933,606, 922,610
Line 913,586, 924,582, 922,576
Spline 922,576, 937,560, 960,562
Line 946,586, 946,586, 5
Line 954,606, 954,606, 5
Line 961,626, 961,626, 5
Line 927,608, 924,600
Line 921,592, 918,584
Line 974,590, 971,582
Line 968,575, 965,567
Stairs 989,745, 1000,777, 983,747
Stairs 1025,735, 1033,758, 1036,731
Stairs 1096,711, 1103,730, 1129,699

BrushColor CCCCCC
Polygon 954,646, 957,645, 958,648, 955,649
Polygon 965,642, 968,641, 969,644, 966,645
Polygon 976,638, 979,637, 980,640, 977,641
Polygon 973,664, 976,663, 977,666, 974,667
Polygon 977,675, 980,674, 981,677, 978,678
Polygon 983,692, 986,691, 987,694, 984,695
Polygon 972,696, 975,695, 976,698, 973,699
Polygon 994,688, 997,687, 998,690, 995,691

; эскалатор
PenColor 7F7F7F
Stairs 859,694, 871,727, 937,666
PenColor 000000
BrushColor 9B5509
Polygon 850,693, 941,660, 942,664, 851,697
Polygon 854,705, 945,672, 947,676, 856,709
Polygon 859,718, 950,685, 952,689, 861,722
Polygon 864,729, 955,696, 956,700, 865,733

; турникеты
Line 947,676, 973,664, 978,657, 0.5
PenColor 009900
Stairs 980,659, 983,658, 985,675
Stairs 984,677, 987,679, 979,684

; стрелки
PenColor FF0000
Arrow 938,589, 927,593
Arrow 954,583, 965,579
PenColor 009900
Arrow 1002,734, 995,717


; переход

Opaque 80
PenColor FFFFFF
BrushColor FFFFFF
Polygon 702,414, 734,414, 734,446, 702,446
Opaque 100

; эскалатор 4 гор
PenColor 7F7F7F
Stairs 685,414, 685,446, 754,414
PenColor 000000
BrushColor 9B5509
Polygon 679,412, 679,414, 759,414, 759,412
Polygon 679,423, 679,419, 759,419, 759,423
Polygon 679,432, 679,428, 759,428, 759,432
Polygon 679,441, 679,437, 759,437, 759,441
Polygon 679,448, 679,446, 759,446, 759,448

; ограждения
PenColor 000000
Line 759,439, 774,439, 774,462, 0.5
Line 679,438, 656,438, 0.5
Line 759,430, 774,430, 0.5
 
; стрелки
PenColor 000000
Arrow 656,443, 672,443
Arrow 774,426, 760,426
Arrow 768,445, 768,461
Arrow 672,426, 657,426


; Названия улиц голубым
PenColor 00AFAF
BrushColor -1
AngleTextOut 0, Arial, 15, 7, 192, Невский проспект
AngleTextOut 0, Arial, 15, 514, 193, Невский проспект
AngleTextOut 90, Arial, 15, 638, 151, улица Восстания
AngleTextOut 90, Arial, 15, 865, 654, Лиговский проспект
AngleTextOut 90, Arial, 15, 189, 608, улица Марата
AngleTextOut -70, Arial, 15, 1044, 577, Московский вокзал
AngleTextOut 0, Arial, 15, 969, 187, Плошадь
AngleTextOut 0, Arial, 15, 962, 218, Восстания
