Size 780x420
Angle 20

; пути

BrushColor D6083B
Polygon 756,285, 756,315, 306,315, 306,285
Polygon 756,205, 756,175, 306,175, 306,205

BrushColor -1
PenColor D6083B
AngleTextOut 0, Arial, 20, 599, 315, Академическая >>
AngleTextOut 0, Arial, 20, 308, 151, << Площадь Мужества
AngleTextOut 0, Arial, 25, 449, 231, Политехническая, 1

; правый торец
PenColor 000000
Line 756,285, 756,205

; левый вестибюль
Line 306,285, 306,273, 275,273, 275,270
Line 306,205, 306,218, 275,218, 275,221
Line 83,222, 80,219, 68,231, 76,239, 76,251, 67,260, 79,272, 82,269

; эскалатор 3
PenColor 7F7F7F
Stairs 156,225, 156,266, 278,225
PenColor 000000
BrushColor 9B5509
Polygon 282,270, 151,270, 151,266, 282,266
Polygon 282,257, 151,257, 151,250, 282,250
Polygon 282,241, 151,241, 151,234, 282,234
Polygon 282,225, 151,225, 151,221, 282,221

Opaque 80
PenColor FFFFFF
BrushColor FFFFFF
Polygon 162,220, 174,220, 200,246, 175,271, 163,271, 169,266, 175,261, 177,257, 179,254, 181,250, 181,245, 181,241, 179,237, 177,234, 174,230, 169,225
Opaque 100

Line 103,290, 100,293, 127,320, 201,246, 127,172, 100,199, 103,202
Spline 162,221, 181,245, 163,270

; турникеты
Line 151,254, 109,254, 98,249, 77,270, 0.5
Line 151,221, 126,221, 122,225, 0.5
Line 98,249, 102,245, 0.5
PenColor 009900
Stairs 100,243, 104,247, 121,222

; стрелки
PenColor FF0000
Arrow 97,275, 89,283
PenColor 009900
Arrow 90,209, 98,217

; Названия улиц голубым
PenColor 00AFAF
BrushColor -1
AngleTextOut -35, Arial, 15, 461, 22, улица Гидротехников
AngleTextOut -100, Arial, 15, 46, 70, Политехническая улица
