Size 740x730
Angle -45

; пути
BrushColor ea7125
Polygon -56,327, -56,297, 394,297, 394,327
Polygon -56,407, -56,437, 394,437, 394,407

BrushColor -1
PenColor ea7125
AngleTextOut 0, Arial, 20, -55, 273, << Ладожская
AngleTextOut 0, Arial, 20, 237, 437, Улица Дыбенко >>
AngleTextOut 0, Arial, 25, 58, 353, Проспект Большевиков, 1

; левый торец
PenColor 000000
Line -56,327, -56,337, -13,337, -13,396, -56,396, -56,407

; правый вестибюль
Line 394,407, 394,397, 479,397, 479,394
Line 394,327, 394,338, 479,338, 479,341
Stairs 397,338, 397,397, 443,338

; эскалатор 4 гор
PenColor 7F7F7F
Stairs 593,391, 593,344, 476,391
PenColor 000000
BrushColor 9B5509
Polygon 600,344, 471,344, 471,341, 600,341
Polygon 600,352, 600,357, 471,357, 471,352
Polygon 600,365, 600,370, 471,370, 471,365
Polygon 600,378, 600,383, 471,383, 471,378
Polygon 600,391, 471,391, 471,394, 600,394

PenColor 000000
Spline 582,341, 602,322, 629,316, 653,324, 670,341, 677,366
Line 677,366, 728,400
Line 695,449, 644,415
Spline 644,415, 620,418, 597,409, 583,394
Stairs 686,372, 653,421, 719,394

; турникеты
Line 712,425, 644,379, 600,367, 0.5
Line 618,317, 623,328, 0.5
Line 640,369, 644,379, 0.5
PenColor 009900
Stairs 638,370, 643,368, 621,329

; стрелки
PenColor FF0000
Arrow 693,430, 705,438
PenColor 009900
Arrow 722,414, 710,406

PenColor 00AFAF
BrushColor -1
AngleTextOut 20, Arial, 15, 448, 93, проспект Пятилеток
AngleTextOut 55, Arial, 15, 711, 510, улица Коллонтай
