Size 1080x590
Angle -25


PenColor FFD0D0
BrushColor FFD0D0
Polygon 917,90, 990,90, 990,105, 917,105
BrushColor -1
PenColor 000000
Line 917,90, 917,105, 0.5
AngleTextOut 0, Arial, 8, 921, 89, Внимание! Посадки
AngleTextOut 0, Arial, 8, 921, 96, в первый вагон нет


; пути
BrushColor 009A49
Polygon 540,25, 540,-5, 990,-5, 990,25
Polygon 540,105, 540,135, 990,135, 990,105

BrushColor -1
PenColor 009A49
AngleTextOut 0, Arial, 20, 540, -29, << посадки нет
AngleTextOut 0, Arial, 20, 806, 135, Василеостровская >>
AngleTextOut 0, Arial, 25, 684, 49, Приморская, 1

PenColor 000000
BrushColor D0D0D0
Polygon 719,47, 719,40, 767,40, 767,47
Polygon 720,90, 720,83, 767,83, 767,90

;Здания серые
PenColor D0D0D0
BrushColor EEEEEE
Polygon 321,276, 306,193, 367,182, 382,265
Polygon 189,463, 574,395, 561,322, 613,313, 619,347, 778,319, 776,308, 895,287, 920,429, 109,571, 93,480, 122,475, 104,373, 137,367, 123,288, 157,282

;Здания беж
PenColor DDDDDD
BrushColor FEFBF1
Polygon 268,339, 311,278, 389,264, 452,308, 465,385, 422,447, 346,460, 281,415


; правый торец

PenColor 000000
Line 990,105, 990,90, 908,90, 908,85, 913,85, 913,45, 908,45, 908,40, 990,40, 990,25

; левый вестибюль

Line 540,25, 540,33, 578,33, 578,40, 483,40, 483,144
Line 560,47, 532,47
Line 540,105, 540,96, 578,96, 578,89, 532,89, 532,144
Line 490,104, 490,128
Stairs 556,89, 556,47, 534,89
Stairs 490,106, 532,106, 490,127
Spline 483,144, 480,164, 472,181
Spline 532,144, 527,177, 513,208
Line 472,181, 455,205, 461,209
Line 513,208, 496,232, 490,228

; эскалатор 3
PenColor 7F7F7F
Stairs 491,225, 464,206, 393,364
PenColor 000000
BrushColor 9B5509
Polygon 467,203, 365,348, 362,346, 464,201
Polygon 473,207, 477,210, 375,355, 371,352
Polygon 483,214, 487,217, 385,362, 381,359
Polygon 493,221, 391,366, 394,368, 496,223

Opaque 85
PenColor FEFBF1
BrushColor FEFBF1
Polygon 408,278, 443,302, 420,333, 386,309
Opaque 100

PenColor 000000
Line 387,310, 419,333
Line 296,299, 311,278, 389,264, 452,308, 465,385, 422,447, 346,460, 281,415, 280,408
Line 273,367, 268,339, 282,319

PenColor D0D0D0
Line 315,242, 292,247, 232,333, 249,433, 271,448
Line 314,239, 290,244, 228,333, 246,436, 265,449
Line 313,236, 288,241, 224,333, 243,439, 259,450

; кассы
PenColor 000000
BrushColor -1
Line 297,426, 292,433, 318,451, 323,444
AngleTextOut -34, Arial, 10, 301, 425, кассы

; турникеты
Line 268,339, 372,412
Line 356,400, 383,361, 0.5
Line 412,440, 422,447, 0.5
PenColor 009900
Stairs 371,414, 374,410, 411,442

; стрелки
PenColor FF0000
Arrow 318,330, 304,320
PenColor 009900
Arrow 313,404, 330,416

; названия улиц голубым
PenColor 00AFAF
AngleTextOut 10, Arial, 15, 287, 580, улица Одоевского
AngleTextOut 100, Arial, 15, -23, 348, Наличная улица
PenColor 000000
AngleTextOut 10, Arial, 15, 277, 492, Управление метрополитена и Музей Петербургского метрополитена
