Size 600x900
Angle -60

; пути
BrushColor 009a49
Polygon -150,412, -150,382, 300,382, 300,412
Polygon -150,492, -150,522, 300,522, 300,492

BrushColor -1
PenColor 009a49
AngleTextOut 0, Arial, 20, -148, 359, << Ломоносовская
AngleTextOut 0, Arial, 20, 196, 522, Обухово >>
AngleTextOut 0, Arial, 25, 13, 434, Пролетарская, 1

; левый торец
PenColor 000000
Line -150,492, -150,483, -85,483, -85,474, -66,474, -66,430, -85,430, -85,421, -150,421, -150,412

; правый вестибюль
Line 300,492, 300,483, 243,483, 243,475, 301,475, 301,472
Line 300,412, 300,421, 243,421, 243,429, 301,429, 301,432

; эскалатор 3 гор
PenColor 7F7F7F
Stairs 367,469, 367,435, 297,469
PenColor 000000
BrushColor 9B5509
Polygon 374,435, 292,435, 292,432, 374,432
Polygon 374,443, 374,448, 292,448, 292,443
Polygon 374,456, 374,461, 292,461, 292,456
Polygon 374,469, 292,469, 292,472, 374,472

PenColor 000000
Line 365,432, 365,429, 441,429, 441,432
Line 365,472, 365,475, 441,475, 441,472

; эскалатор 3 гор
PenColor 7F7F7F
Stairs 563,469, 563,435, 438,469
PenColor 000000
BrushColor 9B5509
Polygon 570,435, 433,435, 433,432, 570,432
Polygon 570,443, 570,448, 433,448, 433,443
Polygon 570,456, 570,461, 433,461, 433,456
Polygon 570,469, 433,469, 433,472, 570,472

Line 650,600, 642,586
Spline 642,586, 598,595, 553,585, 516,558, 494,519
Line 494,519, 501,516
Spline 501,516, 497,481, 502,450, 524,416
Line 524,416, 519,410
Spline 519,410, 546,389, 577,378, 614,377
Line 614,377, 612,393, 634,396, 636,383
Spline 636,383, 672,405, 699,441, 708,487, 697,533
Line 697,533, 709,540
Line 687,572, 676,562, 671,566, 680,578

; турникеты
Line 570,458, 623,458, 623,513, 674,564, 0.5
Line 623,458, 623,453, 0.5
Line 623,395, 623,401, 0.5
PenColor 009900
Stairs 620,401, 626,401, 620,454

; стрелки
PenColor FF0000
Arrow 650,567, 661,582
PenColor 009900
Arrow 691,549, 677,537

; названия улиц голубым
PenColor 00AFAF
BrushColor -1
AngleTextOut 30, Arial, 15, 506, 730, проспект Обуховской обороны
AngleTextOut 120, Arial, 15, 774, 465, улица Чернова
