Size 620x1120
Angle 60
;;Angle -17

; пути

PenColor 000000
BrushColor 0078c9
Polygon 207,669, 207,699, -243,699, -243,669
Polygon 207,589, 207,559, -243,559, -243,589


; левый торец

Line -243,669, -243,654, -163,654, -163,644, -176,644, -176,613, -163,613, -163,604, -243,604, -243,589

; правый вестибюль



BrushColor CCCCCC
Line 207,669, 207,659, 196,659, 196,651, 369,651, 369,607, 362,607, 362,602, 370,585, 370,555, 415,555, 464,540, 463,537
Line 207,589, 207,599, 196,599, 196,607, 285,607, 285,602, 278,585, 278,493, 402,493, 445,480, 446,483
Polygon 348,556, 335,556, 335,607, 348,579
Polygon 313,556, 300,556, 300,579, 313,607
Stairs 222,651, 222,607, 268,651
Stairs 309,600, 285,600, 302,585
Stairs 335,600, 313,600, 335,585
Stairs 339,600, 363,600, 345,585

PenColor CCCCCC
Polygon 683,518, 735,502, 718,447, 706,450, 705,466, 699,480, 690,494, 678,503



; эскалатор 4
PenColor 7F7F7F
Stairs 614,488, 599,439, 460,535
PenColor 000000
BrushColor 9B5509
Polygon 606,437, 440,488, 439,485, 605,434
Polygon 609,446, 610,450, 444,501, 443,497
Polygon 613,459, 614,463, 448,514, 447,510
Polygon 617,472, 618,476, 452,527, 451,523
Polygon 621,485, 455,536, 456,539, 622,488

Spline 603,494, 616,504, 631,510, 650,512
Spline 678,503, 699,480, 706,450
Spline 695,417, 665,395, 630,394, 602,411, 587,439
Line 650,512, 654,527, 597,544, 593,531, 584,534, 595,570, 606,576, 612,574, 614,581
Line 667,565, 665,558, 639,566, 641,573
Line 694,556, 692,549, 764,527, 772,512, 769,503, 776,501
Line 771,484, 764,486, 747,430, 754,428
Line 747,408, 740,410, 736,397, 721,389, 697,396, 701,409, 708,413, 695,417
Line 706,450, 718,447, 735,502, 683,518, 678,503

; турникеты
Line 686,517, 694,524, 698,537, 695,548, 0.5
Line 699,480, 666,480, 640,455, 614,463, 0.5
Line 666,480, 661,464, 0.5
Line 639,393, 643,406, 0.5
PenColor 009900
Stairs 640,407, 646,405, 657,465

; Наружный спуск
PenColor 
Line 741,367, 759,376, 766,399, 779,395
Line 788,425, 775,429, 788,472, 801,468
Line 810,498, 797,502, 800,512, 782,547, 762,553, 767,570
Line 623,596, 628,613
Stairs 762,553, 623,596, 765,563
Stairs 810,498, 801,468, 797,502
Stairs 788,425, 779,395, 775,429

; кассы
BrushColor FFFFFF
Line 739,409, 729,412, 715,405, 711,392
Line 769,503, 753,508, 749,517, 753,530
Polygon 716,508, 708,482, 727,476, 735,502
BrushColor -1
PenColor 000000
AngleTextOut -28, Arial, 10, 718, 388, кассы
AngleTextOut -118, Arial, 10, 773, 509, кассы
AngleTextOut -73, Arial, 10, 724, 479, кассы

; стрелки
PenColor FF0000
Arrow 624,563, 630,583
Arrow 676,547, 682,567
PenColor 009900
Arrow 746,419, 730,424
Arrow 769,494, 753,499

BrushColor -1
PenColor 0078c9
AngleTextOut 0, Arial, 20, 115, 699, Парнас >>
AngleTextOut 0, Arial, 20, -243, 535, << Озерки
AngleTextOut 0, Arial, 25, -117, 612, Проспект Просвещения, 1


; Названия улиц голубым
PenColor 00AFAF
AngleTextOut 17, Arial, 15, 651, 651, проспект Энгельса
AngleTextOut -73, Arial, 15, 832, 361, проспект Просвещения
