Size 1080x550
Angle -5

; перекресток
PenColor F7F7F7
BrushColor F7F7F7
Spline -7,224, 497,318, 850,407, 1097,427, 40
Polygon 782,-22, 834,-27, 1077,211, 1082,272

; пути

BrushColor D6083B
PenColor 000000
Polygon 788,301, 788,331, 338,331, 338,301
Polygon 788,221, 788,191, 338,191, 338,221

BrushColor -1
PenColor D6083B
AngleTextOut 0, Arial, 20, 592, 331, Ленинский проспект >>
AngleTextOut 0, Arial, 20, 338, 167, << посадки нет
AngleTextOut 0, Arial, 25, 442, 243, Проспект Ветеранов, 1


; левый вестибюль

PenColor 000000
BrushColor CCCCCC
Polygon 196,288, 181,288, 181,230, 196,230
Line 338,301, 338,282, 290,282, 290,298, 259,298, 259,310, 182,310, 182,384, 171,449, 212,456
Line 210,475, 82,453
Line 85,434, 124,441, 135,379, 135,143, 146,78, 108,71
Line 111,51, 237,73
Line 235,93, 194,86, 183,146, 183,208, 289,208, 289,236, 338,236, 338,221
Stairs 87,435, 84,453, 122,441
Stairs 211,456, 208,474, 171,449
Stairs 181,390, 135,382, 179,400
Stairs 236,73, 233,92, 198,66
Stairs 112,51, 109,71, 151,58
Stairs 183,143, 137,135, 185,133
Stairs 336,282, 336,236, 291,282

; турникеты
Line 196,234, 224,234, 228,238, 0.5
Line 264,277, 269,282, 290,282, 0.5
Line 209,208, 209,211, 0.5
Line 209,231, 209,234, 0.5
PenColor 009900
Stairs 226,240, 230,236, 262,279
PenColor FF0000
Stairs 206,211, 212,211, 206,232

; стрелки
PenColor FF0000
Arrow 205,221, 195,221
PenColor 009900
Arrow 193,298, 207,298


; правый вестибюль

PenColor 000000
BrushColor CCCCCC
Polygon 946,288, 928,288, 928,230, 946,230
Line 788,301, 788,281, 835,281, 835,310, 945,310, 945,342, 903,342
Line 903,365, 946,365, 946,475, 904,475
Line 904,496, 1030,496
Line 1030,475, 988,475, 988,365, 1042,365
Line 1042,343, 1000,343, 1000,311, 980,311, 980,209, 867,209, 867,220, 836,220, 836,237, 788,237, 788,221
Stairs 1028,475, 1028,496, 990,475
Stairs 906,475, 906,496, 944,475
Stairs 1040,343, 1040,365, 1002,343
Stairs 905,342, 905,365, 943,342
Stairs 1000,326, 945,326, 1000,333
Stairs 790,237, 790,281, 835,237

; турникеты
Line 928,285, 904,285, 900,281, 0.5
Line 864,242, 859,237, 836,237, 0.5
PenColor 009900
Stairs 862,244, 866,240, 898,283

; стрелки
PenColor FF0000
Arrow 920,299, 930,299
PenColor 009900
Arrow 931,219, 919,219


;названия улиц голубым
PenColor 00AFAF
BrushColor -1
AngleTextOut -10, Arial, 15, 4, 216, бульвар Новаторов
AngleTextOut -15, Arial, 15, 728, 366, бульвар Новаторов
AngleTextOut -45, Arial, 15, 917, 64, Дачный проспект
