Size 1180x890
Angle 15

; перекресток
PenColor F5F5F5
BrushColor F5F5F5
Line 602,142, 794,670, 10
Line 820,660, 628,131, 10
Line 741,776, 928,709, 10
Spline 741,776, 753,715, 794,670, 10
Spline 928,709, 880,669, 820,660, 10
Polygon -1,373, 11,327, 797,40, 861,58
Polygon 1138,132, 1161,138, 1231,330, 1222,363

;Здания беж
PenColor DDDDDD
BrushColor FEFBF1
Polygon 58,437, 251,367, 318,553, 125,623
Polygon 1114,121, 967,175, 994,248, 982,263, 975,277, 971,303, 976,327, 986,345, 1000,358, 1018,368, 1040,372, 1066,445, 1211,392
PenColor CCCCCC
BrushColor CCCCCC
Polygon 58,437, 183,392, 185,398, 176,401, 180,407, 175,410, 170,403, 157,409, 145,417, 134,426, 123,439, 116,450, 111,462, 108,467, 104,466, 101,481, 99,499, 101,516, 93,519, 105,552, 113,549, 122,562, 136,576, 148,585, 152,586, 174,578, 186,592, 189,600, 125,623
Polygon 204,384, 251,367, 277,439, 227,457, 229,461, 222,463, 213,438, 186,448, 185,444, 174,449, 166,455, 158,465, 155,470, 153,477, 149,476, 155,464, 163,454, 174,445, 183,440, 193,436, 189,430, 194,427, 199,434, 233,422, 220,385, 206,390
Polygon 318,553, 297,495, 247,513, 246,509, 239,511, 248,536, 222,545, 224,550, 217,553, 209,554, 199,554, 191,552, 185,550, 178,546, 176,548, 191,555, 203,573, 210,592

; Пушкинская

; пути
PenColor 000000
BrushColor D6083B
Polygon 403,436, 403,406, 853,406, 853,436
Polygon 403,516, 853,516, 853,546, 403,546

; колонны
PenColor 000000
BrushColor CCCCCC
Polygon 406,445, 415,445, 415,448, 406,448
Polygon 406,505, 415,505, 415,508, 406,508
Polygon 425,445, 435,445, 435,448, 425,448
Polygon 425,505, 435,505, 435,508, 425,508
Polygon 445,445, 455,445, 455,448, 445,448
Polygon 445,505, 455,505, 455,508, 445,508
Polygon 465,445, 475,445, 475,448, 465,448
Polygon 465,505, 475,505, 475,508, 465,508
Polygon 485,445, 495,445, 495,448, 485,448
Polygon 485,505, 495,505, 495,508, 485,508
Polygon 764,445, 774,445, 774,448, 764,448
Polygon 764,505, 774,505, 774,508, 764,508
Polygon 783,445, 793,445, 793,448, 783,448
Polygon 783,505, 793,505, 793,508, 783,508
Polygon 802,445, 812,445, 812,448, 802,448
Polygon 802,505, 812,505, 812,508, 802,508
Polygon 821,445, 831,445, 831,448, 821,448
Polygon 821,505, 831,505, 831,508, 821,508
Polygon 840,445, 850,445, 850,448, 840,448
Polygon 840,505, 850,505, 850,508, 840,508
Polygon 505,445, 515,445, 515,455, 505,455
Polygon 505,498, 515,498, 515,508, 505,508
Polygon 524,445, 534,445, 534,455, 524,455
Polygon 524,498, 534,498, 534,508, 524,508
Polygon 544,445, 554,445, 554,455, 544,455
Polygon 544,498, 554,498, 554,508, 544,508
Polygon 564,445, 574,445, 574,455, 564,455
Polygon 564,498, 574,498, 574,508, 564,508
Polygon 584,445, 594,445, 594,455, 584,455
Polygon 584,498, 594,498, 594,508, 584,508
Polygon 604,445, 614,445, 614,455, 604,455
Polygon 604,498, 614,498, 614,508, 604,508
Polygon 624,445, 634,445, 634,455, 624,455
Polygon 624,498, 634,498, 634,508, 624,508
Polygon 684,445, 694,445, 694,455, 684,455
Polygon 644,498, 654,498, 654,508, 644,508
Polygon 664,445, 674,445, 674,455, 664,455
Polygon 645,445, 653,445, 653,455, 645,455
Polygon 664,498, 674,498, 674,508, 664,508
Polygon 684,498, 694,498, 694,508, 684,508
Polygon 704,445, 714,445, 714,455, 704,455
Polygon 704,498, 714,498, 714,508, 704,508
Polygon 724,445, 734,445, 734,455, 724,455
Polygon 724,498, 734,498, 734,508, 724,508
Polygon 744,445, 755,445, 755,455, 744,455
Polygon 744,498, 755,498, 755,508, 744,508
Polygon 757,474, 763,474, 763,480, 757,480

; мини-колонны
PenColor 7F7F7F
Line 510,459, 510,459, 7
Line 529,459, 529,459, 7
Line 549,459, 549,459, 7
Line 569,459, 569,459, 7
Line 589,459, 589,459, 7
Line 609,459, 609,459, 7
Line 629,459, 629,459, 7
Line 649,459, 649,459, 7
Line 669,459, 669,459, 7
Line 689,459, 689,459, 7
Line 709,459, 709,459, 7
Line 729,459, 729,459, 7
Line 749,459, 749,459, 7
Line 761,463, 761,463, 7
Line 761,491, 761,491, 7
Line 510,494, 510,494, 7
Line 529,494, 529,494, 7
Line 549,494, 549,494, 7
Line 569,494, 569,494, 7
Line 589,494, 589,494, 7
Line 609,494, 609,494, 7
Line 629,494, 629,494, 7
Line 649,494, 649,494, 7
Line 669,494, 669,494, 7
Line 689,494, 689,494, 7
Line 709,494, 709,494, 7
Line 729,494, 729,494, 7
Line 749,494, 749,494, 7

; правый торец

PenColor 000000
Line 853,436, 853,445, 850,445
Line 853,516, 853,508, 850,508
Line 850,448, 755,448, 755,453, 765,453, 765,471, 770,471, 770,468, 776,468
Line 850,505, 755,505, 755,500, 765,500, 765,482, 770,482, 770,485, 776,485
Spline 776,468, 778,476, 776,485

; левый торец

Line 403,437, 403,445, 406,445
Line 403,516, 403,508, 406,508
Line 415,448, 488,448, 488,455, 485,455, 485,459, 467,459, 467,453, 446,453, 446,456
Line 415,505, 488,505, 488,498, 485,498, 485,493, 467,493, 467,499, 446,499, 446,496

; эскалатор 3 гор
PenColor 7F7F7F
Stairs 448,493, 448,459, 254,493
PenColor 000000
BrushColor 9B5509
Polygon 455,459, 251,459, 251,456, 455,456
Polygon 455,467, 455,472, 251,472, 251,467
Polygon 455,480, 455,485, 251,485, 251,480
Polygon 455,493, 251,493, 251,496, 455,496

BrushColor FFFFFF
Polygon 458,480, 467,480, 467,485, 458,485

; вестибюль

Opaque 85
PenColor FEFBF1
BrushColor FEFBF1
Polygon 282,455, 269,455, 275,462, 279,468, 281,476, 279,484, 275,491, 269,497, 290,497, 297,495
Opaque 100


PenColor 000000
BrushColor -1
Spline 269,456, 280,476, 269,496
Polygon 189,502, 186,493, 198,489, 201,498
Polygon 205,539, 211,537, 213,543, 207,545
Line 100,506, 147,518, 0.5
Line 151,516, 189,502, 0.5
Line 201,498, 251,480, 0.5
Line 185,444, 186,448, 213,438, 222,463, 229,461, 227,457, 277,439, 297,495, 247,513, 246,509, 239,511, 248,536, 222,545, 224,551
Line 193,436, 189,430, 194,427, 199,434, 233,422, 220,385, 206,390, 204,384, 251,367, 277,439
Line 189,600, 125,623, 58,437, 183,392, 185,398, 176,401, 180,407, 175,410, 170,403
Line 108,467, 104,466
Line 148,585, 152,586, 174,578, 186,592, 189,600
Line 297,495, 318,553, 210,592, 203,573, 191,555, 176,548
Spline 185,444, 162,460, 152,481
Spline 149,476, 165,452, 193,436
Spline 170,403, 132,429, 109,467
Spline 104,466, 106,533, 148,585
Spline 178,546, 189,551, 205,554, 224,550
PenColor 009900
Stairs 193,505, 199,503, 204,536

; колонны в вестибюле
PenColor 000000
BrushColor CCCCCC
Polygon 151,581, 153,576, 158,578, 156,583
Polygon 108,467, 111,462, 116,465, 114,470
Polygon 145,481, 147,475, 153,477, 151,483
Polygon 143,494, 149,494, 149,500, 143,500
Polygon 146,515, 152,513, 154,519, 148,521
Polygon 156,535, 161,531, 165,536, 160,540
Polygon 170,548, 173,543, 178,546, 175,551
Ellipse 157,470, 161,474
Ellipse 165,459, 169,463
Ellipse 177,450, 181,454
Ellipse 182,542, 186,546
Ellipse 196,546, 200,550
Ellipse 212,546, 216,550

; кассы
PenColor FFFFFF
BrushColor FFFFFF
Polygon 102,525, 104,533, 108,541, 112,549, 105,552, 100,542, 95,528, 93,519, 100,517
PenColor 000000
Line 113,549, 105,552
Line 93,519, 101,516
Spline 93,519, 97,534, 105,552
BrushColor -1
AngleTextOut -70, Arial, 10, 103, 520, кассы


; стрелки
PenColor FF0000
Arrow 201,408, 195,391
PenColor 009900
Arrow 199,595, 193,579


; Звенигородская

; фиолетовые пути
PenColor 000000
BrushColor 702785
Polygon 486,263, 486,233, 936,233, 936,263
Polygon 486,373, 486,343, 936,343, 936,373

; платформа
PenColor 000000
Line 486,263, 486,271, 571,271, 571,276, 564,276, 564,330, 571,330, 571,335, 486,335, 486,343
Line 936,263, 936,271, 833,271, 833,276, 862,276, 862,278
Line 862,327, 862,330, 833,330, 833,335, 936,335, 936,343

; колонны
BrushColor CCCCCC
Polygon 740,276, 740,271, 774,271, 774,276

Polygon 792,276, 792,271, 795,271, 795,276
Polygon 812,276, 812,271, 815,271, 815,276
Polygon 802,276, 802,271, 805,271, 805,276
Polygon 823,276, 823,271, 826,271, 826,276
Polygon 782,276, 782,271, 785,271, 785,276

Polygon 698,276, 698,271, 701,271, 701,276
Polygon 718,276, 718,271, 721,271, 721,276
Polygon 708,276, 708,271, 711,271, 711,276
Polygon 729,276, 729,271, 732,271, 732,276

Polygon 581,276, 581,271, 584,271, 584,276
Polygon 601,276, 601,271, 604,271, 604,276
Polygon 591,276, 591,271, 594,271, 594,276
Polygon 612,276, 612,271, 615,271, 615,276


Polygon 740,335, 740,330, 774,330, 774,335

Polygon 792,335, 792,330, 795,330, 795,335
Polygon 812,335, 812,330, 815,330, 815,335
Polygon 802,335, 802,330, 805,330, 805,335
Polygon 823,335, 823,330, 826,330, 826,335
Polygon 782,335, 782,330, 785,330, 785,335

Polygon 698,335, 698,330, 701,330, 701,335
Polygon 718,335, 718,330, 721,330, 721,335
Polygon 708,335, 708,330, 711,330, 711,335
Polygon 729,335, 729,330, 732,330, 732,335

Polygon 581,335, 581,330, 584,330, 584,335
Polygon 601,335, 601,330, 604,330, 604,335
Polygon 591,335, 591,330, 594,330, 594,335
Polygon 612,335, 612,330, 615,330, 615,335


; вестибюль

PenColor CCCCCC
BrushColor CCCCCC
Polygon 1149,319, 1158,339, 1188,328, 1173,286, 1162,290, 1158,279, 1152,281, 1155,294, 1154,307
Polygon 1139,193, 1109,204, 1115,225, 1126,231, 1135,240, 1141,251, 1147,249, 1143,238, 1154,234

PenColor 000000
Line 1040,169, 1043,168
Line 1050,197, 1054,208, 1046,211, 1010,242
Line 1065,159, 1068,158
Line 1073,156, 1101,146
Line 1139,193, 1154,234, 1143,238, 1147,249, 1141,251
Line 1152,281, 1158,279, 1162,290, 1173,286, 1188,328
Line 1153,393, 1150,394
Line 1128,402, 1125,403
Line 1147,343, 1188,328
Line 1139,193, 1098,208
Line 1158,339, 1140,303
Line 1109,204, 1119,245
Line 1109,248, 1130,307
Line 1106,249, 1127,308
Line 1103,250, 1124,309
Line 1108,248, 1103,250
Line 1124,309, 1131,307
Spline 1115,225, 1125,231, 1134,240, 1141,251
Spline 1149,319, 1153,307, 1154,294, 1152,281
Stairs 1064,140, 1034,151, 1065,144
Stairs 1136,194, 1129,173, 1120,200
Stairs 1159,410, 1131,420, 1157,406
Stairs 1158,226, 1181,289, 1153,228
Stairs 1192,348, 1185,329, 1176,354
Stairs 1117,140, 1115,134, 1104,145
Stairs 1203,375, 1205,381, 1191,379
Line 1207,380, 1188,387
Line 1060,427, 1064,439
Line 1118,133, 1099,140
Line 1158,226, 1152,228
Line 969,181, 974,193
Line 1181,289, 1176,291

BrushColor CCCCCC
Polygon 1068,158, 1073,156, 1085,189, 1080,191
Polygon 1101,146, 1113,179, 1132,172, 1120,139
Polygon 994,248, 1010,242, 1007,234, 1050,197, 1040,169, 974,193
Polygon 1153,393, 1143,366, 1195,347, 1205,374
Polygon 1125,403, 1112,367, 1056,366, 1040,372, 1060,427
Polygon 1064,439, 1129,415, 1131,421, 1066,445
Polygon 1159,411, 1157,405, 1209,386, 1211,392
Polygon 969,181, 1035,157, 1033,151, 967,175
Polygon 1066,145, 1064,139, 1114,121, 1116,127

Polygon 1158,245, 1169,275, 1163,277, 1161,271, 1150,275, 1143,257, 1154,253, 1152,247

; эскалатор 4 гор
PenColor 7F7F7F
Stairs 1056,324, 1056,281, 859,324
PenColor 000000
BrushColor 9B5509
Polygon 1063,281, 855,281, 855,278, 1063,278
Polygon 1063,288, 1063,293, 855,293, 855,288
Polygon 1063,300, 1063,305, 855,305, 855,300
Polygon 1063,312, 1063,317, 855,317, 855,312
Polygon 1063,324, 855,324, 855,327, 1063,327

; эскалатор 1
PenColor 7F7F7F
Stairs 1139,308, 1133,309, 1147,353
PenColor 000000
BrushColor 9B5509
Polygon 1132,304, 1142,359, 1140,359, 1130,305
Polygon 1138,303, 1148,358, 1150,358, 1140,303

; эскалатор 1
PenColor 7F7F7F
Stairs 1109,245, 1116,241, 1085,203
PenColor 000000
BrushColor 9B5509
Polygon 1117,246, 1088,196, 1090,195, 1119,245
Polygon 1112,249, 1083,199, 1081,200, 1110,250

Opaque 85
PenColor FEFBF1
BrushColor FEFBF1
Polygon 975,277, 974,283, 972,292, 972,300, 972,306, 973,316, 975,323, 977,329, 1011,328, 1002,317, 999,310, 997,303, 999,295, 1002,288, 1010,277
Opaque 100

Spline 994,248, 973,284, 975,325, 1000,358, 1040,372
Spline 1010,278, 998,303, 1011,327

; кассы
BrushColor -1
AngleTextOut 40, Arial, 10, 1015, 223, кассы

; турникеты
BrushColor -1
Line 1063,303, 1098,303, 0.5
Line 1075,267, 1047,271, 1047,278, 0.5
Line 1070,345, 1047,345, 1047,327, 0.5
PenColor 009900
Stairs 1101,299, 1098,301, 1077,265
PenColor FF0000
Stairs 1101,307, 1098,305, 1073,347


; переход

Opaque 80
PenColor FFFFFF
BrushColor FFFFFF
Polygon 634,405, 664,405, 664,437, 653,437, 653,405, 645,405, 645,437, 634,437
Polygon 637,342, 675,342, 675,369, 672,374, 640,374, 637,368
Opaque 100

PenColor 000000
BrushColor CCCCCC
Polygon 623,276, 623,271, 690,271, 690,276
Polygon 623,330, 623,335, 637,335, 637,330
Polygon 675,330, 675,335, 690,335, 690,330
Polygon 660,357, 667,357, 667,364, 664,369, 660,369
Polygon 652,357, 645,357, 645,364, 648,369, 652,369

Line 637,335, 637,368, 639,374, 634,403, 634,459
Line 675,335, 675,369, 671,376, 664,403, 664,459

Line 652,357, 652,369
Line 660,357, 660,369

Line 656,376, 656,331
Arrow 639,412, 639,422
Arrow 658,422, 658,412

Line 653,459, 653,404, 660,376, 650,376, 645,403, 645,459
Stairs 637,333, 675,333, 637,354
Stairs 634,457, 645,457, 634,427
Stairs 664,457, 653,457, 664,427
Stairs 688,276, 688,330, 679,276
Stairs 625,276, 625,330, 634,276

; стрелки
PenColor FF0000
Arrow 1083,321, 1094,329
Arrow 1130,374, 1135,387
PenColor 009900
Arrow 1092,279, 1081,286
Arrow 1058,173, 1064,189

BrushColor -1
PenColor 702785
AngleTextOut 0, Arial, 20, 488, 210, << Садовая
AngleTextOut 0, Arial, 20, 760, 374, Обводный канал >>
AngleTextOut 0, Arial, 25, 635, 284, Звенигородская, 1

BrushColor -1
PenColor D6083B
AngleTextOut 0, Arial, 20, 405, 382, << Технологический институт-I
AngleTextOut 0, Arial, 20, 694, 545, Владимирская >>
AngleTextOut 0, Arial, 25, 536, 459, Пушкинская, 1


;Здания беж
PenColor DDDDDD
BrushColor FEFBF1
Polygon -120,714, -115,694, -100,678, -104,667, -85,660, -81,671, 52,623, 94,738, 45,756, 32,720, -51,750, -38,786, -87,804
Polygon 793,776, 889,741, 945,896, 849,931
PenColor 000000
BrushColor -1
AngleTextOut 20, Arial, 15, -79, 705, Витебский вокзал
AngleTextOut 20, Arial, 15, 852, 828, ТЮЗ


; названия улиц голубым
PenColor 00AFAF
BrushColor -1
AngleTextOut 20, Arial, 15, 225, 260, Загородный проспект
AngleTextOut -70, Arial, 15, 1174, 174, Звенигородская улица
AngleTextOut -70, Arial, 15, 791, 591, Пионерская площадь

