Size 1100x840
Angle -35

;Здания беж
PenColor DDDDDD
BrushColor FEFBF1
Polygon 211,307, 211,157, 729,157, 729,263, 443,263, 443,307
PenColor 000000
Line 316,157, 211,157, 211,307, 334,307
Line 381,307, 443,307, 443,263, 464,263
Line 495,263, 729,263, 729,157, 495,157
Line 464,157, 399,157
AngleTextOut 0, Arial, 15, 524, 198, Вокзал

; подземный переход

PenColor EEEEEE
BrushColor EEEEEE
Polygon 512,308, 633,308, 633,329, 623,329, 623,387, 633,387, 633,406, 623,406, 623,614, 522,614, 522,566, 455,566, 455,533, 522,533, 522,406, 512,406, 512,387, 522,387, 522,329, 512,329
Polygon 623,783, 623,817, 633,817, 633,845, 522,845, 522,783
Polygon 448,779, 440,779, 440,758, 448,758
Polygon 313,779, 305,779, 305,760, 313,760
Polygon 334,230, 381,230, 381,515, 334,515

; пути

PenColor 000000
BrushColor 009A49
Polygon 631,657, 631,687, 181,687, 181,657
Polygon 631,690, 631,720, 181,720, 181,690

BrushColor -1
PenColor 000000
AngleTextOut 0, Arial, 25, 345, 672, Рыбацкое, 1
PenColor FFFFFF
AngleTextOut 0, Arial, 25, 347, 674, Рыбацкое, 1
PenColor 009A49
AngleTextOut 0, Arial, 20, 496, 719, посадки нет >>
AngleTextOut 0, Arial, 20, 188, 633, << Обухово

; подземный переход

Opaque 10
PenColor FFFFFF
BrushColor FFFFFF
Polygon 522,657, 555,656, 555,721, 522,721
Polygon 590,656, 623,656, 623,721, 590,721

PenColor 000000
BrushColor 777777
Polygon 555,614, 590,614, 590,783, 555,783
PenColor 000000
Line 448,758, 522,758, 522,614
Line 448,779, 522,779, 522,783
Line 623,614, 623,783

Opaque 100

PenColor FFFFF7
BrushColor FFFFF7
Polygon 464,159, 495,159, 495,261, 464,261
Polygon 316,159, 399,160, 399,211, 381,211, 381,230, 334,230, 334,211, 316,211

PenColor CCCCCC
Line 464,157, 464,263
Line 495,157, 495,263



; нижняя платформа

PenColor 000000
Line 181,717, 181,729, 144,729, 144,783, 202,783, 202,809
Line 216,809, 216,783, 240,783, 240,809
Line 254,809, 254,783, 276,783, 276,779, 313,779
Line 276,760, 313,760, 313,783, 411,783, 411,779, 448,779
Line 411,758, 448,758, 448,783, 470,783, 470,809
Line 485,809, 485,783, 498,783, 498,809
Line 512,809, 512,783, 670,783, 670,729, 631,729, 631,717
Stairs 216,807, 202,807, 216,785
Stairs 254,807, 240,807, 254,785
Stairs 512,807, 498,807, 512,785
Stairs 485,807, 470,807, 485,785
Stairs 414,758, 414,779, 448,758
Stairs 279,779, 279,760, 312,779

; стрелки
PenColor FF0000
Arrow 372,770, 397,770

; верхняя платформа

PenColor 000000
Line 181,657, 181,648, 144,648, 144,614, 314,614, 314,566, 256,566, 256,533, 334,533, 334,211, 316,211, 316,157
Line 399,157, 399,211, 381,211, 381,533, 421,533
Line 421,566, 402,566, 402,614, 670,614, 670,646, 631,646, 631,657
Stairs 421,533, 421,566, 463,533

PenColor CCCCCC
Line 403,613, 403,567, 521,567, 521,613, 403,613

; турникеты
PenColor 000000
Line 314,593, 331,593
Line 383,593, 402,593
PenColor 009900
Stairs 331,590, 331,596, 384,590


; стрелки
PenColor 009900
Arrow 357,560, 357,581

; подземный переход

PenColor 000000
Line 421,566, 522,566, 522,614
Line 623,614, 623,406, 665,406
Line 665,387, 623,387, 623,329, 687,329, 687,308
Line 665,308, 480,308
Line 457,308, 457,329, 522,329, 522,387, 480,387
Line 480,406, 522,406, 522,533, 421,533
Line 522,783, 522,845, 665,845
Line 665,817, 623,817, 623,783
Stairs 623,528, 589,528, 623,510
Stairs 556,528, 522,528, 556,510
Stairs 482,406, 482,387, 520,406
Stairs 482,329, 482,308, 520,329
Stairs 663,329, 663,308, 625,329
Stairs 663,406, 663,387, 625,406
Stairs 663,817, 663,845, 625,817
Stairs 381,525, 334,525, 381,506
Stairs 334,220, 381,220, 334,238

BrushColor CCCCCC
Polygon 555,783, 590,783, 590,817, 555,817
Polygon 555,614, 555,566, 590,566, 590,614
Polygon 589,533, 556,533, 556,329, 589,329, 589,533

Opaque 80
PenColor FFFFFF
BrushColor FFFFFF
Polygon 333,434, 382,434, 382,497, 333,497
Polygon 520,412, 625,412, 625,498, 520,498

;Polygon 521,615, 625,615, 624,656, 521,656
;Polygon 515,729, 623,729, 628,777, 454,777, 455,755, 513,754

Opaque 100

PenColor 000000
Line 443,307, 443,414, 856,414, 856,263, 979,263, 979,-78
Line 189,64, 728,64
Spline 728,64, 817,30, 851,-59
Line 851,-59, 851,-259


Railway 10, 14, 4, -125,484, 1305,484
Railway 10, 14, 4, -162,437, 1371,437


; кресты
PenColor FF0000
Line 270,760, 273,779
Line 273,760, 270,779
Line 338,533, 377,530
Line 338,530, 377,533
Line 338,211, 377,214
Line 377,211, 338,214


; названия улиц
BrushColor -1
PenColor 00AFAF
AngleTextOut 90, Arial, 15, 896, 138, улица Прибрежная
AngleTextOut 0, Arial, 15, 530, 98, Тепловозная улица
BrushColor 000000
