Size 940x1150
Angle 90

; перекресток
PenColor F4F4F4
BrushColor F4F4F4
Polygon 160,1045, 502,702, 266,466, -105,466, -105,404, 201,404, -98,105, -58,105, 145,308, 254,199, 160,105, 244,105, 296,157, 348,105, 475,105, 701,331, 927,105, 950,105, 712,343, 1011,641, 1045,607, 1045,648, 915,778, 1045,908, 1045,993, 872,820, 747,945, 525,723, 204,1045

; Спасская

PenColor 000000
BrushColor EA7125
Polygon 82,550, 61,529, 379,211, 400,232
Polygon 160,628, 139,607, 457,289, 478,310
Line 400,232, 407,239, 346,300, 352,306, 401,257, 431,287, 382,336, 389,343, 450,282, 457,289

; пилоны
BrushColor CCCCCC
Polygon 375,343, 369,349, 376,356, 382,350
Polygon 362,356, 357,361, 364,368, 369,363
Polygon 316,404, 322,410, 315,417, 309,411
Polygon 302,418, 286,434, 292,440, 308,424
Polygon 278,442, 262,458, 268,464, 284,448
Polygon 238,482, 254,466, 260,472, 244,488
Polygon 231,489, 237,495, 223,509, 217,503
Polygon 339,307, 345,313, 339,319, 333,313
Polygon 194,452, 180,466, 186,472, 200,458
Polygon 326,320, 332,326, 278,380, 272,374
Polygon 271,387, 255,403, 249,397, 265,381
Polygon 241,405, 225,421, 231,427, 247,411
Polygon 217,429, 201,445, 207,451, 223,435

; Садовая

PenColor 000000
BrushColor 702785
Polygon 818,738, 818,768, 368,768, 368,738
Polygon 818,658, 818,628, 368,628, 368,658

; Сенная Площадь

BrushColor 0078C9
Polygon 24,964, 24,994, 474,994, 474,964
Polygon 24,885, 24,855, 474,855, 474,885

; пилоны
BrushColor CCCCCC
Polygon 24,904, 51,904, 51,895, 24,895
Polygon 65,904, 77,904, 77,895, 65,895
Polygon 92,904, 104,904, 104,895, 92,895
Polygon 119,904, 132,904, 132,895, 119,895
Polygon 147,904, 159,904, 159,895, 147,895
Polygon 212,904, 223,904, 223,895, 212,895
Polygon 240,904, 253,904, 253,895, 240,895
Polygon 270,904, 283,904, 283,895, 270,895
Polygon 300,904, 313,904, 313,895, 300,895
Polygon 330,904, 343,904, 343,895, 330,895
Polygon 24,954, 51,954, 51,945, 24,945
Polygon 65,954, 77,954, 77,945, 65,945
Polygon 92,954, 104,954, 104,945, 92,945
Polygon 119,954, 132,954, 132,945, 119,945
Polygon 147,954, 223,954, 223,945, 147,945
Polygon 240,954, 253,954, 253,945, 240,945
Polygon 270,954, 283,954, 283,945, 270,945
Polygon 300,954, 313,954, 313,945, 300,945
Polygon 330,954, 343,954, 343,945, 330,945

; переход Сенная-Садовая

Opaque 80
PenColor FFFFFF
BrushColor FFFFFF
Polygon 159,854, 212,854, 212,886, 159,886
Opaque 100

Line 212,738, 212,907
Line 305,672, 305,669, 263,669, 237,658, 159,659, 159,907
Stairs 212,904, 159,904, 212,877

Line 368,738, 368,728, 341,728, 341,725
Line 368,658, 368,669, 341,669, 341,672

; эскалатор 4 гор
PenColor 7F7F7F
Stairs 343,722, 343,675, 301,722
PenColor 000000
BrushColor 9B5509
Polygon 350,675, 295,675, 295,672, 350,672
Polygon 350,683, 350,688, 295,688, 295,683
Polygon 350,696, 350,701, 295,701, 295,696
Polygon 350,709, 350,714, 295,714, 295,709
Polygon 350,722, 295,722, 295,725, 350,725

PenColor 000000
Line 257,698, 295,698, 0.5

Line 305,725, 305,728, 263,728, 237,738, 212,738
Stairs 280,728, 280,669, 271,728

BrushColor CCCCCC
Polygon 212,709, 212,687, 227,687, 257,698, 227,709

Arrow 212,724, 229,724
Arrow 229,673, 212,673

; Переход Спасская - Сенная

Line 24,964, 24,945, -83,945, -83,902, -80,902, -80,848, -83,820, -74,819, -74,768, -54,712, 0,644, 34,610, 42,618
Line 107,553, 105,551, 179,479, 173,473, 89,557, 82,550
Line 24,885, 24,904, 2,904, 2,847, 4,820, -4,819, 43,689, 78,654, 71,647
Line 135,581, 137,583, 210,510, 216,516, 132,600, 139,607
Stairs 3,835, -39,835, 2,845
Stairs -41,835, -81,835, -40,845
Stairs 2,898, -80,898, 2,888

BrushColor CCCCCC
Polygon -37,899, -43,899, -43,817, -47,817, -47,777, -28,726, 8,675, 17,681, -33,817, -37,817

; эскалатор 3
PenColor 808080
Stairs 135,581, 107,553, 68,648
PenColor 000000
BrushColor 9B5509
Polygon 35,623, 110,548, 112,550, 37,625
Polygon 42,630, 117,555, 119,557, 44,632
Polygon 49,637, 124,562, 126,564, 51,639
Polygon 56,644, 131,569, 133,571, 58,646
Polygon 63,651, 138,576, 140,578, 65,653

PenColor 000000
Stairs 22,904, 22,945, 3,904

Arrow -53,755, -43,730
Arrow 8,746, -1,768

; выход с Сенной

;Здания беж
PenColor DDDDDD
BrushColor FEFBF1
Polygon 618,848, 563,903, 547,903, 547,947, 563,947, 618,1004, 696,926
BrushColor CCCCCC
PenColor CCCCCC
Polygon 689,919, 696,926, 618,1004, 563,947, 547,947, 547,942, 576,943, 582,956, 589,963, 600,970, 609,973, 619,973, 630,972, 642,966, 647,962
Polygon 624,854, 618,848, 563,903, 547,903, 547,906, 577,906, 581,898, 587,891

PenColor 000000
Line 474,964, 474,954, 361,954, 361,945, 397,945, 397,941
Line 474,885, 474,895, 361,895, 361,904, 397,904, 397,906

; эскалатор 3 гор
PenColor 7F7F7F
Stairs 586,941, 586,909, 387,941
PenColor 000000
BrushColor 9B5509
Polygon 593,909, 381,908, 381,906, 593,906
Polygon 593,916, 593,920, 381,920, 381,916
Polygon 593,928, 593,932, 381,932, 381,928
Polygon 593,940, 381,940, 381,942, 593,942

PenColor 000000
Spline 576,943, 589,962, 608,972, 631,971, 649,959
Spline 577,906, 582,898, 587,891
Line 587,891, 624,854, 637,867
Line 653,883, 662,892
Line 677,907, 689,919, 649,959
Line 689,919, 696,926, 618,1004, 563,947, 547,947, 547,942
Line 624,854, 618,848, 563,903, 547,903, 547,906

Line 623,972, 623,961, 0.5
Line 635,910, 623,922, 593,920, 0.5
Line 623,922, 623,933, 0.5
BrushColor CCCCCC
Polygon 656,886, 659,889, 637,911, 634,908
PenColor 009900
Stairs 626,933, 620,933, 626,963

PenColor 000000
BrushColor FFFFFF
Polygon 671,937, 677,943, 657,963, 651,957

; переход Садовая - Спасская

Opaque 80
PenColor FFFFFF
BrushColor FFFFFF
Polygon 425,287, 465,328, 423,370, 382,330
Opaque 100

Line 382,330, 447,396, 477,439, 480,437
Line 425,287, 494,357, 527,404, 524,406

; эскалатор 4
PenColor 808080
Stairs 512,474, 548,449, 483,432
PenColor 000000
BrushColor 9B5509
Polygon 520,400, 555,450, 551,453, 516,403
Polygon 510,407, 545,457, 541,460, 506,410
Polygon 500,414, 535,464, 531,467, 496,417
Polygon 490,421, 525,471, 521,474, 486,424
Polygon 480,428, 515,478, 511,481, 476,431

PenColor 000000
Line 551,444, 554,442, 608,519, 608,628
Line 608,628

Line 507,475, 504,477, 563,558, 563,628

Line 652,710, 612,710, 612,685, 652,685
Line 519,685, 559,685, 559,710, 519,710

Stairs 521,685, 521,710, 558,685
Stairs 650,685, 650,710, 613,685
Stairs 384,332, 426,289, 406,354

Opaque 10
BrushColor FFFFFF
Polygon 563,628, 608,628, 608,685, 612,685, 612,710, 559,710, 559,685, 563,685
Opaque 100

PenColor 000000
Arrow 503,397, 493,381
Arrow 469,397, 479,413

; выход со Спасской

Opaque 80
PenColor FFFFFF
BrushColor FFFFFF
Polygon 502,590, 502,798, 548,798, 548,590
Polygon 329,415, 369,374, 392,397, 352,438
Opaque 100

;Здания беж
PenColor DDDDDD
BrushColor FEFBF1
Polygon 588,818, 521,885, 441,805, 508,738

; эскалатор 3 светлый
PenColor 808080
Stairs 505,795, 545,795, 505,594
PenColor 000000
BrushColor 9B5509
Polygon 502,801, 502,587, 505,587, 505,801
Polygon 512,801, 512,587, 516,587, 516,801
Polygon 523,801, 523,587, 527,587, 527,801
Polygon 534,801, 535,587, 539,587, 538,801
Polygon 545,801, 545,587, 548,587, 548,801

Opaque 90
PenColor FFFFFF
BrushColor FFFFFF
Polygon 501,773, 501,751, 511,741, 522,752
Opaque 100



BrushColor CCCCCC
PenColor CCCCCC
Polygon 585,815, 558,842, 546,851, 534,855, 520,857, 507,855, 495,851, 484,842, 476,832, 471,819, 469,806, 471,792, 476,778, 484,768, 511,741, 508,738, 441,805, 521,885, 588,818
PenColor 000000
Line 558,842, 585,815, 588,818, 521,885, 441,805, 508,738, 511,741, 484,768
Polygon 574,804, 551,827, 548,824, 548,778
Polygon 548,778, 502,778, 499,775, 522,752

PenColor 000000
Line 315,402, 495,582, 495,597, 502,597
Line 356,361, 554,559, 554,597, 548,597
Stairs 316,403, 357,362, 337,424

; кассы
PenColor FFFFFF
BrushColor FFFFFF
Polygon 534,856, 534,864, 507,864, 507,856
PenColor 000000
Line 534,856, 534,864, 507,864, 507,856
BrushColor -1
AngleTextOut -180, Arial, 10, 533, 867, кассы

;Ellipse 805,1089, 701,985
Spline 484,768, 471,792, 471,819, 484,842, 507,855, 534,855, 558,842


; турникеты
Line 485,841, 499,827, 0.5
Line 499,827, 508,827, 0.5
Line 544,827, 551,827, 0.5
Line 499,827, 525,801, 0.5
BrushColor -1
PenColor 009900
Stairs 508,829, 508,825, 545,829
PenColor FF0000
Stairs 473,790, 473,794, 501,790

; стрелки
PenColor FF0000
Arrow 502,761, 513,750
Arrow 415,481, 428,494
PenColor 009900
Arrow 576,813, 565,824
Arrow 448,474, 435,461


; выход с Садовой

Opaque 80
PenColor FFFFFF
BrushColor FFFFFF
Polygon 378,627, 438,627, 423,642, 440,659, 410,659
Polygon 518,498, 563,453, 584,484, 540,528
Polygon 509,507, 462,554, 487,581, 534,534
Opaque 100

PenColor 000000
Line 818,738, 818,723, 906,723, 906,664
Spline 906,664, 901,633, 883,605, 856,585
Line 818,658, 818,674, 861,674, 861,664
Spline 861,664, 858,648, 848,635, 833,625
Stairs 828,674, 828,723, 856,674
Stairs 906,673, 861,673, 906,663

Line 856,585, 840,576, 838,579
Line 833,625, 817,616, 820,611

; эскалатор 3 гор
PenColor 7F7F7F
Stairs 821,611, 838,581, 731,558
PenColor 000000
BrushColor 9B5509
Polygon 845,585, 745,527, 746,525, 846,583
Polygon 841,592, 838,597, 738,539, 741,534
Polygon 834,603, 831,608, 731,550, 734,545
Polygon 827,614, 727,556, 726,558, 826,616

PenColor 000000
Line 733,562, 732,565, 714,555, 697,585, 617,539, 630,516, 601,499, 584,482, 424,642, 472,690
Line 354,604, 456,706
Line 370,588, 400,618, 703,315, 667,279
Line 682,264, 776,358
Line 761,373, 725,337, 629,434, 639,444, 664,458, 678,434, 757,480, 737,515, 755,525, 753,528

Stairs 759,371, 774,356, 733,345
Stairs 669,281, 684,266, 695,307
Stairs 616,508, 649,450, 625,513
Stairs 372,590, 356,606, 399,617
Stairs 470,688, 454,704, 444,662

; турникеты
Line 621,476, 660,498, 692,494, 741,533, 0.5
Line 697,585, 696,563, 0.5
Line 692,501, 692,494, 695,488, 0.5
Line 711,461, 714,455, 0.5
BrushColor -1
Polygon 695,501, 695,507, 689,507, 689,501
PenColor 009900
Stairs 699,563, 693,563, 695,510
PenColor FF0000
Stairs 698,490, 693,487, 714,461

; стрелки

PenColor FF0000
Arrow 662,480, 650,473
Arrow 637,881, 651,867
PenColor 009900
Arrow 634,500, 646,507
Arrow 677,892, 662,907

; названия станций

BrushColor -1
PenColor 702785
AngleTextOut 0, Arial, 20, 636, 601, << Звенигородская
AngleTextOut 0, Arial, 20, 644, 768, Адмиралтейская >>
AngleTextOut 0, Arial, 25, 688, 688, Садовая, 1

PenColor 0078C9
AngleTextOut 0, Arial, 20, 25, 831, << Технологический институт-I
AngleTextOut 0, Arial, 20, 295, 995, Невский проспект >>
AngleTextOut 0, Arial, 25, 130, 910, Сенная площадь, 1

PenColor EA7125
AngleTextOut -135, Arial, 20, 359, 464, << посадки нет
AngleTextOut -135, Arial, 20, 158, 432, Достоевская >>
AngleTextOut -135, Arial, 25, 306, 409, Спасская, 1


; Названия улиц голубым
PenColor 00AFAF
AngleTextOut -45, Arial, 15, 512, 296, Сенная площадь
AngleTextOut -45, Arial, 15, 221, 111, Садовая улица
AngleTextOut -45, Arial, 15, 933, 821, Садовая улица
AngleTextOut -135, Arial, 15, 460, 782, улица Ефимова
AngleTextOut -135, Arial, 15, 1087, 600, Спасский пер.
AngleTextOut -135, Arial, 15, 878, 182, пер. Гривцова
AngleTextOut 0, Arial, 15, -65, 429, Московский проспект
AngleTextOut -45, Arial, 15, -38, 130, пер.Бринько

PenColor 000000
AngleTextOut -135, Arial, 10, 678, 946, кассы



