Size 1700x1320
Angle 55

; река
PenColor D9F5FF
BrushColor D9F5FF
Polygon 797,1735, 914,1653, 668,1303, 668,453, 1412,453, 1478,406, 1395,287, 1320,339, 926,339, 865,278, 865,34, 925,-26, 1175,-26, 1097,-138, 1097,-84, 865,-84, 865,-388, 329,-13, 329,1067
PenColor FFFFFF
Line 670,488, 329,488, 60
Line 958,-86, 958,-23, 40

; пути
PenColor 000000
BrushColor 702785
Polygon 1163,933, 1163,963, 713,963, 713,933
Polygon 1130,753, 1130,723, 680,723, 680,753

; пути серые
BrushColor C0C0C0
Polygon 1163,853, 1163,823, 713,823, 713,853
Polygon 1130,643, 1130,613, 680,613, 680,643

; левый торец
Line 713,933, 713,920, 731,920, 731,865, 713,865, 713,853

; правый вестибюль
Line 1163,933, 1163,923, 1190,923
Line 1163,853, 1163,862, 1190,862

; эскалатор 4
PenColor 808080
Stairs 1329,919, 1329,865, 1196,919
PenColor 000000
BrushColor 9B5509
Polygon 1335,923, 1190,923, 1190,919, 1335,919
Polygon 1335,910, 1190,910, 1190,904, 1335,904
Polygon 1335,895, 1190,895, 1190,889, 1335,889
Polygon 1335,880, 1190,880, 1190,874, 1335,874
Polygon 1335,865, 1190,865, 1190,862, 1335,862

; правый вестибюль
PenColor 000000
Line 1451,1063, 1485,1029, 1485,920, 1418,920, 1386,952, 1283,952, 1283,834, 1386,834, 1418,866, 1485,866, 1485,783, 1443,783
Line 1443,762, 1518,762, 1622,866, 1666,866, 1666,824
Line 1686,824, 1686,962
Line 1666,962, 1666,920, 1622,920, 1548,994, 1548,1125
Line 1525,1125, 1525,1017, 1465,1077
Stairs 1548,1123, 1525,1123, 1548,1085
Stairs 1466,1076, 1452,1062, 1493,1049
Stairs 1666,960, 1686,960, 1666,922
Stairs 1666,826, 1686,826, 1666,864
Stairs 1445,783, 1445,762, 1483,783
Stairs 1421,866, 1421,920, 1443,866

BrushColor CCCCCC
Polygon 1463,897, 1463,888, 1481,888, 1481,897

; круги в центре зала
BrushColor -1
Ellipse 1032,913, 993,873
Ellipse 986,913, 947,873
Ellipse 940,913, 901,873
BrushColor C0C0C0
Ellipse 1016,896, 1009,889
Ellipse 970,896, 963,889
Ellipse 924,896, 917,889

; эскалатор 3
PenColor 808080
Stairs 1124,911, 1124,873, 1051,911
PenColor 000000
BrushColor 9B5509
Polygon 1044,869, 1130,869, 1130,873, 1044,873
Polygon 1044,882, 1130,882, 1130,888, 1044,888
Polygon 1044,896, 1130,896, 1130,902, 1044,902
Polygon 1044,911, 1130,911, 1130,915, 1044,915

; эскалатор 3
PenColor 808080
Stairs 876,911, 876,873, 803,911
PenColor 000000
BrushColor 9B5509
Polygon 797,869, 882,869, 882,873, 797,873
Polygon 797,882, 882,882, 882,888, 797,888
Polygon 797,896, 882,896, 882,902, 797,902
Polygon 797,911, 882,911, 882,915, 797,915

; турникеты
Line 1335,862, 1365,862, 1365,864
Line 1335,923, 1365,923, 1365,920
Line 1365,896, 1365,890
Line 1335,893, 1365,893
Line 1368,864, 1368,870, 1362,870, 1362,864, 1368,864
PenColor 009900
Stairs 1367,874, 1363,874, 1367,891
PenColor FF0000
Stairs 1367,920, 1363,920, 1367,895

; кассы
PenColor 000000
BrushColor -1
Line 1379,834, 1379,825, 1340,825, 1340,834
AngleTextOut 0, Arial, 10, 1347, 823, кассы

; стрелки
PenColor FF0000
Arrow 1447,910, 1460,910
PenColor 009900
Arrow 1460,877, 1447,877

; закрытые эскалаторы
PenColor FF0000
Line 888,915, 884,869
Line 884,915, 888,869
AngleTextOut -90, Arial, 7, 895, 879, Спуска нет
AngleTextOut -90, Arial, 7, 790, 663, Подъёма нет

; нижний этаж

; правый торец
PenColor 000000
Line 1130,723, 1130,705
Line 1130,660, 1130,643

; круги в центре зала
BrushColor C0C0C0
Ellipse 1016,685, 1009,678
Ellipse 970,685, 963,678
Ellipse 924,685, 917,678

; закрыто
PenColor FF0000
Line 794,705, 790,660
Line 790,705, 794,660

; эскалатор 3
PenColor 808080
Stairs 1124,701, 1124,664, 1051,701
PenColor 000000
BrushColor 9B5509
Polygon 1044,660, 1130,660, 1130,664, 1044,664
Polygon 1044,672, 1130,672, 1130,678, 1044,678
Polygon 1044,687, 1130,687, 1130,693, 1044,693
Polygon 1044,701, 1130,701, 1130,705, 1044,705

; эскалатор 3
PenColor 808080
Stairs 875,701, 875,664, 802,701
PenColor 000000
BrushColor 9B5509
Polygon 796,660, 881,660, 881,664, 796,664
Polygon 796,672, 881,672, 881,678, 796,678
Polygon 796,687, 881,687, 881,693, 796,693
Polygon 796,701, 881,701, 881,705, 796,705


; левый вестибюль

; эскалатор 3 верт
PenColor 7F7F7F
Stairs 118,534, 151,534, 118,401
PenColor 000000
BrushColor 9B5509
Polygon 114,540, 114,397, 118,397, 118,540
Polygon 125,540, 125,397, 131,397, 131,540
Polygon 138,540, 138,397, 144,397, 144,540
Polygon 151,540, 151,397, 155,397, 155,540

; эскалатор 2
PenColor 7F7F7F
Stairs 77,440, 72,433, 63,451
PenColor 000000
BrushColor 9B5509
Polygon 76,431, 52,449, 51,447, 75,429
Polygon 78,433, 79,435, 55,453, 54,451
Polygon 81,437, 57,455, 58,457, 82,439

Line 680,723, 680,707, 185,707
Line 680,643, 680,656, 185,656
Spline 185,707, 128,688, 109,631
Spline 185,656, 166,650, 160,631
Line 160,631, 160,532, 155,532
Line 109,631, 109,532, 114,532
Opaque 70
PenColor FFFFFF
BrushColor FFFFFF
Polygon 108,572, 161,572, 161,601, 108,601
Polygon 113,451, 156,451, 156,423, 151,428, 144,431, 134,432, 125,431, 118,428, 113,423
Opaque 100
PenColor 000000
Spline 114,422, 118,427, 125,430, 134,431, 144,430, 151,427, 155,422
Line 254,369, 273,478
Line 261,480, 252,430, 227,430, 227,450, 200,450, 200,585, 262,585, 262,642
Line 247,642, 247,600, 93,600, 42,586
Line 50,560, 98,573, 170,573, 170,450, 89,450, 89,443, 53,469
Line 42,453, 89,419, 89,183, 151,183, 151,248, 164,248, 164,180
Line 179,180, 179,263, 151,263, 151,334, 227,334, 227,412, 249,412, 242,371
Stairs 249,410, 261,408, 242,373
Stairs 260,474, 272,472, 253,436
Stairs 83,597, 90,571, 46,587
Stairs 247,640, 262,640, 247,602
Stairs 170,561, 200,561, 170,567
Stairs 170,538, 200,538, 170,544
Stairs 170,456, 200,456, 170,466
Stairs 164,182, 179,182, 164,208
Stairs 66,460, 62,454, 83,447

; турникеты

Line 114,397, 114,371
Line 155,397, 155,371
Line 128,356, 141,356
; входные
PenColor 009900
Stairs 112,369, 116,373, 128,353
; выходные
PenColor FF0000
Stairs 157,369, 153,373, 141,353

; травалаторы

925,-155, 925,-156, 926,-156, 923,-151, 666,216, PenColor C0C0C0
PenColor 000000
BrushColor B0B0B0
; первый
Stairs 213,661, 213,670, 653,661
Polygon 205,661, 658,661, 658,658, 205,658
Polygon 205,673, 658,671, 658,668, 205,670
; второй
Stairs 212,678, 212,687, 653,677
Polygon 205,687, 658,685, 658,688, 205,690
Polygon 205,678, 205,675, 658,674, 658,677
; третий
Stairs 212,694, 212,703, 653,694
Polygon 205,702, 658,701, 658,704, 205,705
Polygon 205,692, 658,691, 658,694, 205,694


BrushColor -1
PenColor 702785
AngleTextOut 0, Arial, 20, 1033, 963, Чкаловская >>
AngleTextOut 0, Arial, 20, 682, 753, << Адмиралтейская
AngleTextOut 0, Arial, 25, 863, 769, Спортивная, 1

PenColor 808080
AngleTextOut 0, Arial, 15, 1082, 804, верхний зал
AngleTextOut 0, Arial, 15, 1053, 755, нижний зал
AngleTextOut 0, Arial, 15, 398, 636, травалаторы

; Названия улиц голубым
PenColor 00AFAF
AngleTextOut 0, Arial, 15, 1262, 475, Большой проспект
AngleTextOut 0, Arial, 15, 457, 475, Тучков мост
AngleTextOut -90, Arial, 15, 1622, 992, проспект Добролюбова
AngleTextOut -90, Arial, 15, 504, 319, р. Малая Нева
AngleTextOut -90, Arial, 15, 314, 318, набережная Макарова

;прозрачность

Opaque 70
PenColor FFFFFF
BrushColor FFFFFF
Polygon 1066,915, 1044,915, 1044,869, 1066,869, 1062,869, 1059,871, 1057,873, 1054,876, 1052,881, 1051,884, 1051,888, 1050,892, 1051,896, 1051,901, 1052,905, 1054,909, 1056,911, 1059,913, 1062,915, 1066,915
Polygon 818,915, 797,915, 797,869, 818,869, 814,869, 812,871, 809,873, 806,876, 805,880, 804,884, 803,888, 802,892, 803,896, 804,901, 805,905, 806,909, 809,911, 811,913, 814,915, 818,915
Polygon 881,705, 852,705, 852,659, 881,660
Polygon 1131,706, 1101,706, 1101,659, 1131,659
Polygon 1284,861, 1284,924, 1318,924, 1309,910, 1306,892, 1309,874, 1317,861

Opaque 100
PenColor 000000
Spline 1066,915, 1055,909, 1051,892, 1055,876, 1066,869
Spline 818,915, 807,909, 803,892, 807,876, 818,869
Spline 1318,862, 1310,874, 1307,892, 1310,910, 1319,923

; круглые павильоны
Spline 29,461, 31,451, 38,443, 48,440, 58,442
Spline 69,458, 68,467, 62,475, 52,480, 40,478
Line 31,469, 34,473
Spline 60,591, 49,594, 38,591, 31,583
Spline 66,564, 60,557, 49,554, 38,557
Line 31,566, 30,569

