Size 260x810
Angle -85

; пути
BrushColor 702785
Polygon 71,370, 71,340, 521,340, 521,370
Polygon 71,450, 71,480, 521,480, 521,450

BrushColor -1
PenColor 702785
AngleTextOut 0, Arial, 20, 72, 316, << Комендантский проспект
AngleTextOut 0, Arial, 20, 329, 480, Крестовский остров >>
AngleTextOut 0, Arial, 25, 198, 392, Старая Деревня, 1

; правый торец
PenColor 000000
Line 521,370, 521,381, 470,381, 470,439, 521,439, 521,450

; левый вестибюль
Line 71,370, 71,381, 18,381, 18,384
Line 71,450, 71,440, 18,440, 18,437

; эскалатор 4 гор
PenColor 7F7F7F
Stairs 20,434, 20,387, -99,434
PenColor 000000
BrushColor 9B5509
Polygon 27,387, -105,387, -105,384, 27,384
Polygon 27,395, 27,400, -105,400, -105,395
Polygon 27,408, 27,413, -105,413, -105,408
Polygon 27,421, 27,426, -105,426, -105,421
Polygon 27,434, -105,434, -105,437, 27,437

PenColor 000000
Spline -90,384, -108,366, -134,359, -161,367, -180,388
Spline -91,437, -110,455, -137,461, -163,452, -180,432
Line -180,388, -196,388, -196,370, -207,370, -207,374
Line -237,374, -237,370, -247,370, -260,386, -260,436, -247,452, -237,452, -237,447
Line -180,432, -196,432, -196,452, -207,452, -207,447

; турникеты
Line -260,403, -214,403, -207,410, -147,410, -139,402, -129,402, -105,410, 0.5
Line -135,359, -135,365, 0.5
Line -135,461, -135,455, 0.5
Line -135,407, -135,397, 0.5
PenColor 009900
Stairs -138,455, -132,455, -138,406
PenColor FF0000
Stairs -138,365, -132,365, -138,398

; стрелки
PenColor FF0000
Arrow -222,379, -222,364
PenColor 009900
Arrow -222,460, -222,445

; названия улиц голубым
BrushColor -1
PenColor 00AFAF
AngleTextOut -5, Arial, 15, -255, 257, Торфяная дорога
AngleTextOut 90, Arial, 15, 300, 796, 'ж/д платформа "Старая деревня"'
