Size 570x930
Angle 80

; Красная ветка
BrushColor D6083B
Polygon 314,605, -136,605, -136,575, 314,575
Polygon -177,378, -177,348, 273,348, 273,378

; Голубая ветка
BrushColor 0078c9
Polygon 314,685, -71,685, -71,715, 314,715
Polygon 273,458, 273,488, -177,488, -177,458


; северный зал

Line -177,378, -177,396, -138,396, -138,409, -102,409, -102,428, -138,428, -138,441, -177,441, -177,458
Line 273,378, 273,396, 248,396, 248,403, 273,403, 273,407, 314,407, 314,396, 348,396, 348,399
Line 273,458, 273,441, 249,441, 249,434, 273,434, 273,430, 314,430, 314,442, 348,442, 348,439

BrushColor CCCCCC
Polygon 242,396, 242,404, 233,404, 233,396
Polygon 242,433, 242,441, 233,441, 233,433
Polygon 220,396, 220,404, 211,404, 211,396
Polygon 220,433, 220,441, 211,441, 211,433
Polygon 198,396, 198,404, 189,404, 189,396
Polygon 198,433, 198,441, 189,441, 189,433
Polygon 176,396, 176,404, 167,404, 167,396
Polygon 176,433, 176,441, 167,441, 167,433
Polygon 154,396, 154,404, 145,404, 145,396
Polygon 154,433, 154,441, 145,441, 145,433
Polygon 132,396, 132,404, 123,404, 123,396
Polygon 132,433, 132,441, 123,441, 123,433
Polygon -28,396, -28,404, -37,404, -37,396
Polygon -27,433, -27,441, -36,441, -36,433
Polygon -50,396, -50,404, -59,404, -59,396
Polygon -49,433, -49,441, -58,441, -58,433
Polygon -71,396, -71,404, -80,404, -80,396
Polygon -70,433, -70,441, -79,441, -79,433
Polygon -93,396, -93,404, -102,404, -102,396
Polygon -92,433, -92,441, -101,441, -101,433
Polygon -116,396, -116,404, -125,404, -125,396
Polygon -115,433, -115,441, -124,441, -124,433
Ellipse 30,395, 38,403
Ellipse 58,395, 66,403
Ellipse 4,395, 12,403
Ellipse 82,395, 90,403

PenColor CCCCCC
Polygon 109,395, 109,404, 106,404, 106,409, 95,409, 95,406, 87,403, 87,395
Polygon -14,395, -14,404, -11,404, -11,409, 0,409, 0,406, 8,403, 8,395

PenColor 000000
Line 87,395, 109,395, 109,404, 106,404, 106,409, 95,409, 95,406, 87,403
Line 8,395, -14,395, -14,404, -11,404, -11,409, 0,409, 0,406, 8,403

; вестибюль

Line 598,506, 574,506, 574,503, 565,503, 565,491, 562,491, 562,486, 597,486, 597,452
Line 597,389, 597,353, 491,353, 491,399
Line 492,439, 492,486, 527,486, 527,491, 524,491, 524,503, 520,503, 520,506, 511,506, 511,500, 465,500, 467,504, 462,505, 458,500, 449,500, 449,496, 418,496, 418,500, 410,500, 405,508, 400,505, 403,500, 387,491, 383,498, 381,497, 380,492
Stairs 580,482, 508,482, 580,473
Line 580,474, 580,486
Line 508,474, 508,486
Spline 597,452, 614,440, 620,420, 614,401, 597,389
Polygon 556,481, 556,492, 549,492, 549,481
Polygon 542,481, 542,492, 535,492, 535,481

; эскалатор 3 гор
PenColor 7F7F7F
Stairs 486,436, 486,402, 345,436
PenColor 000000
BrushColor 9B5509
Polygon 493,402, 340,402, 340,399, 493,399
Polygon 493,410, 493,415, 340,415, 340,410
Polygon 493,423, 493,428, 340,428, 340,423
Polygon 493,436, 340,436, 340,439, 493,439

; турникеты
BrushColor FFFFFF
Polygon 338,423, 338,428, 331,428, 331,423
Polygon 494,451, 494,459, 506,459, 506,451
Line 542,481, 542,439, 516,413, 493,413, 0.5
PenColor 009900
Stairs 510,452, 510,458, 541,452

PenColor 009900
Arrow 524,461, 524,445

; южный зал

PenColor 000000
Line -136,605, -136,616, -47,616, -47,648, -62,674, -71,674, -71,685
Line 314,605, 314,616, 271,616, 271,622, 288,622, 288,628, 310,628, 310,622, 340,622, 340,625
Line 340,665, 340,668, 310,668, 310,662, 288,662, 288,668, 271,668, 271,674, 314,674, 314,685

BrushColor CCCCCC
Polygon 114,663, 114,674, 0,674, 4,654, 7,654, 7,633, 4,633, 4,616, 114,616, 114,627, 106,627, 106,629, 70,629, 70,627, 24,627, 24,663, 70,663, 70,661, 106,661, 106,663
Polygon -7,654, -11,674, -49,674, -49,671, -36,648, -36,616, -7,616
Polygon 254,616, 254,627, 243,627, 243,616
Polygon 254,663, 254,674, 243,674, 243,663
Polygon 226,616, 226,627, 215,627, 215,616
Polygon 226,663, 226,674, 215,674, 215,663
Polygon 198,616, 198,627, 187,627, 187,616
Polygon 198,663, 198,674, 187,674, 187,663
Polygon 170,616, 170,627, 159,627, 159,616
Polygon 170,663, 170,674, 159,674, 159,663
Polygon 142,616, 142,627, 131,627, 131,616
Polygon 142,663, 142,674, 131,674, 131,663

; вестибюль

Line 493,665, 493,668, 574,668, 574,648, 580,648, 580,653, 585,653, 585,612, 580,612, 580,617, 573,617, 573,555, 565,555, 565,538, 573,538, 573,534, 598,534
Line 358,496, 361,513, 371,519, 366,527, 382,536, 385,531, 390,534, 387,539, 391,546, 388,548, 403,574, 407,573, 410,580, 417,580, 417,583, 448,583, 448,580, 457,580, 460,574, 472,580, 470,583, 488,596, 493,596, 493,624


; эскалатор 3 гор
PenColor 7F7F7F
Stairs 495,662, 495,628, 336,662
PenColor 000000
BrushColor 9B5509
Polygon 502,628, 331,628, 331,625, 502,625
Polygon 502,636, 502,641, 331,641, 331,636
Polygon 502,649, 502,654, 331,654, 331,649
Polygon 502,662, 331,662, 331,665, 502,665

; турникеты
BrushColor FFFFFF
Polygon 329,636, 329,641, 322,641, 322,636
Polygon 544,603, 533,603, 533,595, 544,595
Line 502,641, 514,641, 546,609, 546,498, 542,492, 0.5
PenColor 009900
Stairs 529,596, 529,601, 496,596

; стрелки
PenColor 009900
Arrow 511,592, 511,608


; общий вестибюль

PenColor 000000
BrushColor CCCCCC
Polygon 528,555, 513,570, 477,547, 481,540, 476,532, 482,529, 487,537, 511,537, 511,531, 520,531, 520,537, 528,537

PenColor 000000
Line 337,463, 339,475
Line 390,454, 392,466
Spline 339,475, 346,489, 358,496
Spline 392,466, 390,481, 380,492
Stairs 380,468, 392,466, 378,456
Stairs 351,473, 339,475, 349,461

Spline 728,446, 714,457, 699,461, 685,456
Spline 674,400, 665,416, 664,432, 671,444
Spline 673,475, 647,506, 625,527, 598,534
Spline 655,459, 636,482, 618,500, 598,506
Line 685,456, 671,473, 673,475
Line 671,444, 657,461, 655,459
Stairs 658,493, 640,478, 666,483

BrushColor CCCCCC
Polygon 713,433, 703,445, 679,425, 689,413
Polygon 351,473, 349,461, 378,456, 380,468
Ellipse 396,513, 400,517
Ellipse 390,522, 394,526
Ellipse 466,513, 470,517
Ellipse 471,521, 475,525
Ellipse 435,578, 439,582
Ellipse 426,578, 430,582

; стрелки
PenColor FF0000
Arrow 564,519, 579,519
PenColor 009900
Arrow 368,489, 370,500


; переход

Opaque 80
PenColor FFFFFF
BrushColor FFFFFF
Polygon 1,457, 93,457, 93,489, 1,489
Polygon 24,574, 70,574, 70,627, 24,627
Opaque 100

Line 93,443, 93,513, 70,571, 70,629
Line 1,443, 1,513, 24,571, 24,628
Line 63,466, 63,428
Line 35,466, 35,428

Stairs 104,629, 104,661, 74,629
Stairs 70,625, 24,625, 70,596
Stairs 93,464, 1,464, 93,430

BrushColor CCCCCC
Polygon 65,491, 65,512, 53,547, 41,547, 29,512, 29,491
Ellipse 31,434, 39,442
Ellipse 59,434, 67,442
Ellipse 4,434, 12,442
Ellipse 83,434, 91,442

PenColor CCCCCC
Polygon 109,442, 109,433, 106,433, 106,428, 95,428, 95,431, 87,434, 87,442
Polygon -14,442, -14,433, -11,433, -11,428, 0,428, 0,431, 8,434, 8,442

PenColor 000000
Line 8,442, -14,442, -14,433, -11,433, -11,428, 0,428, 0,431, 8,434
Line 87,442, 109,442, 109,433, 106,433, 106,428, 95,428, 95,431, 87,434


BrushColor -1
PenColor 000000
AngleTextOut 0, Arial, 25, -26, 630, Технологический институт - II, 1
PenColor FFFFFF
AngleTextOut 0, Arial, 25, -28, 628, Технологический институт - II, 1
PenColor D6083B
AngleTextOut 0, Arial, 20, -175, 326, << Балтийская
AngleTextOut 0, Arial, 20, 182, 551, Пушкинская >>
AngleTextOut 0, Arial, 25, -87, 402, Технологический институт - I, 1
PenColor 0078c9
AngleTextOut 0, Arial, 20, -175, 488, << Фрунзенская
AngleTextOut 0, Arial, 20, 144, 715, Сенная плошадь >>
AngleTextOut 0, Arial, 25, -27, 629, Технологический институт - II, 1

; Названия улиц голубым
PenColor 00AFAF
AngleTextOut -40, Arial, 15, 635, 314, Загородный проспект
AngleTextOut 10, Arial, 15, 396, 353, Московский проспект
AngleTextOut -80, Arial, 15, 291, 186, 1-я Красноармейская улица
