Size 860x870
Angle 60

; пути

PenColor 000000
BrushColor 0078c9
Polygon 931,577, 931,607, 481,607, 481,577
Polygon 931,497, 931,467, 481,467, 481,497

BrushColor -1
PenColor 0078c9
AngleTextOut 0, Arial, 20, 481, 443, << Пионерская
AngleTextOut 0, Arial, 20, 841, 607, Озерки >>
AngleTextOut 0, Arial, 25, 641, 517, Удельная, 1

; правый торец

PenColor 000000
Line 931,497, 931,515, 861,515, 861,560, 931,560, 931,577

; левый вестибюль

;Здания беж
PenColor DDDDDD
BrushColor FEFBF1
Polygon 95,537, 213,419, 306,512, 306,562, 238,630, 188,630

PenColor 000000
BrushColor CCCCCC
Polygon 268,600, 238,630, 188,630, 158,600

PenColor 000000
Line 481,497, 481,514, 408,514, 408,517
Line 481,577, 481,560, 408,560, 408,557

; эскалатор 3 гор
PenColor 7F7F7F
Stairs 410,554, 410,520, 236,554
PenColor 000000
BrushColor 9B5509
Polygon 417,520, 231,520, 231,517, 417,517
Polygon 417,528, 417,533, 231,533, 231,528
Polygon 417,541, 417,546, 231,546, 231,541
Polygon 417,554, 231,554, 231,557, 417,557

PenColor 000000
Line 138,574, 135,577, 158,600
Line 268,600, 306,562, 306,557
Line 306,517, 306,512, 253,459, 250,462
Line 229,439, 231,437, 213,419, 210,422, 213,425
Line 188,448, 186,446, 122,510, 125,513
Line 101,537, 98,534, 95,537, 113,555, 116,552

; турникеты
Line 231,541, 179,541, 155,517, 166,517, 0.5
Line 222,517, 231,517, 0.5
PenColor 009900
Stairs 166,514, 166,520, 223,514

; кассы
PenColor 0
Line 141,491, 134,484, 159,459, 166,466
BrushColor -1
AngleTextOut -135, Arial, 10, 164, 471, кассы

Railway 10, 14, 4, -53,465, 614,-119
Railway 10, 14, 4, -73,432, 594,-151

; стрелки
PenColor FF0000
Arrow 155,554, 135,554, 124,565
Arrow 124,536, 110,522
PenColor 009900
Arrow 198,434, 211,447
Arrow 240,447, 227,460

;названия улиц голубым
BrushColor -1
PenColor 00AFAF
AngleTextOut -135, Arial, 15, 148, 386, Удельный проспект
AngleTextOut -45, Arial, 15, 286, 361, Елецкая улица
AngleTextOut -45, Arial, 15, 39, 581, Енотаевская улица
