Size 600x760
Angle -60

; пути
BrushColor EA7125
Polygon -89,367, -89,337, 361,337, 361,367
Polygon -89,447, -89,477, 361,477, 361,447

BrushColor -1
PenColor EA7125
AngleTextOut 0, Arial, 20, -88, 311, << Проспект Большевиков
AngleTextOut 0, Arial, 20, 234, 474, посадки нет >>
AngleTextOut 0, Arial, 25, 70, 391, Улица Дыбенко, 1

; левый торец
PenColor 000000
Line -89,367, -89,379, -41,379, -41,390, -11,390, -11,425, -41,425, -41,435, -89,435, -89,447

; правый вестибюль
Line 361,447, 361,439, 336,439, 336,431, 387,431, 387,437, 419,437, 419,434
Line 361,367, 361,376, 336,376, 336,384, 387,384, 387,378, 419,378, 419,381

; эскалатор 4 гор
PenColor 7F7F7F
Stairs 549,431, 549,384, 416,431
PenColor 000000
BrushColor 9B5509
Polygon 556,384, 411,384, 411,381, 556,381
Polygon 556,392, 556,397, 411,397, 411,392
Polygon 556,405, 556,410, 411,410, 411,405
Polygon 556,418, 556,423, 411,423, 411,418
Polygon 556,431, 411,431, 411,434, 556,434

PenColor CCCCCC
BrushColor CCCCCC
Polygon 641,423, 641,436, 608,469, 595,469, 595,456, 603,454, 610,450, 618,444, 623,438, 628,431, 631,423

PenColor 000000
Spline 536,381, 556,361, 581,354, 606,360, 625,376, 634,399
Line 634,399, 641,399, 641,382, 637,382, 637,348, 650,348, 650,358, 664,358, 664,456, 661,453
Line 637,477, 640,480, 629,491, 622,484, 604,502, 600,502, 595,497, 536,497, 536,494
Line 536,472, 536,469, 571,469, 571,457
Line 631,423, 641,423, 641,436, 608,469, 595,469, 595,456
Spline 631,423, 623,438, 610,450, 595,456
Spline 571,457, 553,449, 537,434

; турникеты
Line 595,497, 595,469, 0.5
Line 595,456, 595,433, 556,407, 0.5
Line 595,388, 595,381, 556,381, 0.5
Line 595,424, 595,433, 0.5
PenColor 009900
Stairs 592,424, 598,424, 592,386

; кассы
PenColor 000000
BrushColor FFFFFF
Polygon 615,462, 609,456, 630,435, 636,441
BrushColor -1
AngleTextOut 45, Arial, 10, 609, 452, кассы

; стрелки
PenColor FF0000
Arrow 556,483, 541,483
PenColor 009900
Arrow 653,469, 643,459

PenColor 00AFAF
AngleTextOut 0, Arial, 15, 461, 540, проспект Большевиков
AngleTextOut 90, Arial, 15, 691, 394, улица Дыбенко
