Size 870x530
Angle -30

; перекрёсток
PenColor F7F7F7
Line -159,100, 947,98, 60
Line 892,108, 896,419, 30

; пути
BrushColor 009A49
Polygon 10,265, 10,235, 460,235, 460,265
Polygon 10,345, 10,375, 460,375, 460,345

BrushColor -1
PenColor 009A49
AngleTextOut 0, Arial, 20, 11, 211, << Приморская
AngleTextOut 0, Arial, 20, 306, 375, Гостиный двор >>
AngleTextOut 0, Arial, 25, 133, 287, Василеостровская, 1

; горизонтальный лифт
PenColor 000000
Line 518,286, 518,283, 460,283, 460,268, 448,268, 448,269, 435,269, 435,267, 430,267, 430,269, 418,269, 418,267, 413,267, 413,269, 401,269, 401,267, 396,267, 396,269, 384,269, 384,267, 379,267, 379,269, 367,269, 367,267, 362,267, 362,269, 350,269, 350,267, 345,267, 345,269, 333,269, 333,267, 328,267, 328,269, 316,269, 316,267, 311,267, 311,269, 299,269, 299,267, 294,267, 294,269, 282,269, 282,267, 277,267, 277,269, 265,269, 265,267, 260,267, 260,269, 248,269, 248,267, 243,267, 243,269, 231,269, 231,267, 226,267, 226,269, 214,269, 214,267, 209,267, 209,269, 197,269, 197,267, 192,267, 192,269, 180,269, 180,267, 175,267, 175,269, 163,269, 163,267, 158,267, 158,269, 146,269, 146,267, 141,267, 141,269, 129,269, 129,267, 124,267, 124,269, 112,269, 112,267, 107,267, 107,269, 95,269, 95,267, 90,267, 90,269, 78,269, 78,267, 73,267, 73,269, 61,269, 61,267, 56,267, 56,269, 44,269, 44,267, 39,267, 39,269, 26,269, 26,268, 10,268
Line 518,326, 518,329, 460,329, 460,342, 448,342, 448,341, 435,341, 435,343, 430,343, 430,341, 418,341, 418,343, 413,343, 413,341, 401,341, 401,343, 396,343, 396,341, 384,341, 384,343, 379,343, 379,341, 367,341, 367,343, 362,343, 362,341, 350,341, 350,343, 345,343, 345,341, 333,341, 333,343, 328,343, 328,341, 316,341, 316,343, 311,343, 311,341, 299,341, 299,343, 294,343, 294,341, 282,341, 282,343, 277,343, 277,341, 265,341, 265,343, 260,343, 260,341, 248,341, 248,343, 243,343, 243,341, 231,341, 231,343, 226,343, 226,341, 214,341, 214,343, 209,343, 209,341, 197,341, 197,343, 192,343, 192,341, 180,341, 180,343, 175,343, 175,341, 163,341, 163,343, 158,343, 158,341, 146,341, 146,343, 141,343, 141,341, 129,341, 129,343, 124,343, 124,341, 112,341, 112,343, 107,343, 107,341, 95,341, 95,343, 90,343, 90,341, 78,341, 78,343, 73,343, 73,341, 61,341, 61,343, 56,343, 56,341, 44,341, 44,343, 39,343, 39,341, 26,341, 26,342, 10,342, 10,268

; эскалатор 3 гор
PenColor 7F7F7F
Stairs 652,323, 652,289, 514,323
PenColor 000000
BrushColor 9B5509
Polygon 659,289, 509,289, 509,286, 659,286
Polygon 659,297, 659,302, 509,302, 509,297
Polygon 659,310, 659,315, 509,315, 509,310
Polygon 659,323, 509,323, 509,326, 659,326

; вестибюль
PenColor 000000
Spline 642,286, 653,262, 674,242
Spline 700,232, 730,233, 758,247
Spline 767,284, 770,310, 762,333, 744,352
Spline 752,364, 725,375, 692,373, 662,355, 644,326
Line 674,242, 667,231, 655,230, 636,194, 599,194, 599,177, 571,177, 571,140
Line 599,177, 662,177
Line 752,364, 744,352
Line 685,177, 814,177, 814,214
Line 814,244, 814,302, 805,302, 798,260, 786,260, 777,270, 781,279, 767,284
Line 814,207, 766,223, 767,237, 758,247
Line 700,232, 694,222, 699,211, 699,177
Line 766,223, 699,211
Line 814,301, 837,301, 837,154, 571,154
Line 571,147, 844,147, 844,308, 814,308
Line 814,315, 851,315, 851,140, 571,140
Line 814,302, 814,323

; турникеты
Line 758,247, 716,268, 703,302, 659,302, 0.5
Line 703,364, 703,375, 0.5
Line 703,302, 703,312, 0.5
PenColor 009900
Stairs 700,312, 706,312, 700,365

; стрелки
PenColor FF0000
Arrow 678,212, 674,185
PenColor 009900
Arrow 813,228, 790,241

; названия улиц голубым
PenColor 00AFAF
BrushColor -1
AngleTextOut 0, Arial, 15, 422, 93, Средний проспект В.О.
AngleTextOut 90, Arial, 15, 885, 345, Андреевский бульвар

