Size 870x1020

Angle -10

; перекресток
PenColor F7F7F7
Line 10,655, 421,171, 818,168, 30
Line 580,1004, 384,-109, 60
; Владимирская

;Пути
PenColor 000000
BrushColor D6083B
Polygon 591,956, 617,971, 842,580, 816,565
Polygon 522,916, 496,901, 721,510, 747,525

PenColor D6083B
BrushColor -1
AngleTextOut 60, Arial, 24, 672, 708, Владимирская, 1
AngleTextOut 60, Arial, 20, 741, 752, Площадь Восстания >>
AngleTextOut 60, Arial, 20, 474, 884, << Пушкинская

Opaque 80
PenColor FFFFFF
BrushColor FFFFFF
Polygon 663,608, 672,593, 702,611, 694,626
Polygon 674,587, 683,573, 714,591, 705,605
Opaque 100

; торец
PenColor 000000
Line 522,916, 534,923, 656,712, 668,719, 665,724, 684,735, 687,730, 701,738, 579,949, 591,956

; вестибюль
Line 816,565, 804,558, 778,603, 771,599, 829,499, 754,455
Spline 754,455, 729,432, 719,402
Line 747,525, 759,532, 733,577, 740,581, 774,522, 717,489
Spline 673,412, 684,456, 717,489
Line 673,412, 673,372, 676,372
Line 719,402, 719,372, 716,372
Stairs 790,566, 759,548, 797,554
Stairs 764,516, 788,475, 736,500


; эскалатор 3
PenColor 7F7F7F
Stairs 713,290, 679,290, 713,379
PenColor 000000
BrushColor 9B5509
Polygon 679,283, 679,383, 676,383, 676,283
Polygon 687,283, 692,283, 692,383, 687,383
Polygon 700,283, 705,283, 705,383, 700,383
Polygon 713,283, 713,383, 716,383, 716,283

Line 676,292, 662,292, 650,280, 501,280, 495,246, 505,234, 507,236
Line 515,226, 513,224, 523,212, 650,212, 662,200, 685,200, 685,203
Line 707,203, 707,200, 730,200, 742,212, 742,280, 730,292, 716,292
BrushColor CCCCCC
Polygon 627,223, 636,223, 636,232, 627,232
Polygon 627,242, 636,242, 636,251, 627,251
Polygon 627,261, 636,261, 636,270, 627,270

; турникеты
Line 683,232, 687,225, 0.5
Line 742,225, 735,225, 0.5
Line 683,232, 0.5
Line 659,289, 662,281, 0.5
Line 658,204, 683,232, 704,260, 704,283, 0.5
BrushColor -1
Polygon 676,238, 678,233, 683,235, 681,240
PenColor 009900
Stairs 660,280, 665,282, 675,241
PenColor FF0000
Stairs 687,223, 687,227, 737,223

; кассы
PenColor 000000
BrushColor -1
Line 565,212, 565,203, 596,203, 596,212
AngleTextOut 0, Arial, 10, 568, 201, кассы

; стрелки
PenColor 009900
Arrow 504,225, 516,235
Arrow 687,251, 687,266
Arrow 683,388, 683,400
PenColor FF0000
Arrow 721,266, 721,251
Arrow 709,400, 709,388


; переход
PenColor 000000
Stairs 709,635, 718,620, 671,613
Stairs 721,615, 730,600, 683,593

PenColor 000000
BrushColor C0C0C0
Arrow 677,580, 665,571
Arrow 651,591, 665,599
Line 732,601, 672,566, 669,561, 667,562, 663,555, 665,554, 652,534, 642,523, 657,507, 654,492, 661,492, 661,425, 578,425, 578,433
Line 711,636, 642,596, 632,581, 634,580, 630,573, 628,574, 621,544, 622,525, 603,515, 599,492, 578,492, 578,484
Polygon 643,492, 645,504, 636,513, 632,492, 643,492
Polygon 621,492, 625,515, 613,509, 610,492, 621,492
Line 469,498, 469,487, 494,487, 494,484
Line 469,418, 469,430, 494,430, 494,433
Line 720,621, 655,583, 648,573, 646,574, 642,567, 644,566, 637,540, 649,563, 651,562, 655,569, 653,570, 659,579, 723,616
Line 625,515, 637,540, 0.5

; эскалатор 4
PenColor 808080
Stairs 492,437, 492,480, 581,437
PenColor 000000
BrushColor 9B5509
Polygon 486,433, 586,433, 586,437, 486,437
Polygon 486,444, 586,444, 586,449, 486,449
Polygon 486,456, 586,456, 586,461, 486,461
Polygon 486,468, 586,468, 586,473, 486,473
Polygon 486,480, 586,480, 586,484, 486,484


; Достоевская

;Пути
PenColor 000000
BrushColor EA7125
Polygon 19,498, 19,528, 469,528, 469,498
Polygon 19,418, 19,388, 469,388, 469,418

BrushColor -1
PenColor EA7125
AngleTextOut 0, Arial, 20, 101, 366, << Спасская
AngleTextOut 0, Arial, 20, 269, 528, Лиговский проспект >>
AngleTextOut 0, Arial, 25, 207, 440, Достоевская, 1

; торец
PenColor 000000
Line 19,498, 19,484, 125,484, 125,477, 31,477, 31,439, 36,439
Line 91,439, 125,439, 125,432, 19,432, 19,418

Opaque 80
PenColor FFFFFF
BrushColor FFFFFF
Polygon 36,387, 49,387, 49,433, 36,433, 0.5
Polygon 57,387, 70,387, 70,433, 57,433, 0.5
Polygon 78,387, 91,387, 91,433, 78,433, 0.5
Opaque 100

; левый торец
PenColor 000000
Stairs 97,439, 97,477, 123,439


; вестибюль
Line 36,439, 36,346, 38,335, 43,324, 70,277, 74,279, 84,261, 87,263
Line 91,439, 91,357, 93,347, 118,304, 114,302, 124,285, 122,284

;Line 49,451, 49,382, 57,382, 57,451
;Line 70,451, 70,382, 78,382, 78,451

BrushColor CCCCCC
Polygon 49,439, 49,382, 57,382, 57,439
Polygon 70,439, 70,382, 78,382, 78,439

; эскалатор 3 
PenColor 7F7F7F
Stairs 190,158, 161,141, 118,284
PenColor 000000
BrushColor 9B5509
Polygon 165,135, 86,272, 83,270, 162,133
Polygon 171,139, 176,142, 97,279, 92,276
Polygon 182,145, 187,148, 108,285, 103,282
Polygon 194,152, 115,289, 118,291, 197,154



Opaque 80
PenColor FFFFFF
BrushColor FFFFFF
Polygon 124,195, 169,207, 183,181, 175,183, 166,184, 158,182, 151,175, 148,166, 146,158
Opaque100

PenColor 000000
Stairs 233,188, 184,175, 231,195
Stairs 117,157, 148,165, 116,163
Line 258,108, 263,90, 163,63, 156,88, 125,127, 108,191, 213,219, 239,182, 248,149
Line 243,132, 246,121
Line 273,112, 250,106, 248,113
Line 262,153, 239,147, 241,140
Spline 147,159, 158,181, 182,180
Stairs 36,438, 49,438, 36,421
Stairs 57,438, 70,438, 57,421
Stairs 78,438, 91,438, 78,421
Stairs 270,111, 259,152, 265,110

; турникеты
Line 173,119, 175,123, 171,125, 169,121, 173,119
Line 162,133, 169,121, 0.5
Line 244,126, 218,119, 202,128, 198,126, 186,147, 0.5
PenColor 009900
Stairs 177,117, 179,121, 195,109
Stairs 198,110, 197,114, 218,115

; кассы
PenColor 000000
BrushColor -1
Line 156,88, 145,85, 152,60, 163,63
AngleTextOut 75, Arial, 10, 144, 84, кассы


; стрелки
PenColor 009900
Arrow 244,116, 233,113
PenColor FF0000
Arrow 228,132, 239,135

;названия улиц голубым
PenColor 00AFAF
BrushColor -1
AngleTextOut 0, Arial, 15, 612, 160, Кузнечный переулок
AngleTextOut 100, Arial, 15, 397, 21, Владимирский пр.
AngleTextOut 50, Arial, 15, 263, 339, Загородный проспект
AngleTextOut 100, Arial, 15, 459, 371, Большая Московская улица
AngleTextOut 100, Arial, 15, 423, 165, Владимирская пл.

BrushColor 010000
