Size 580x520
Angle -70

BrushColor 702785
Polygon 539,172, 539,202, 90,202, 90,172
Polygon 539,92, 539,62, 90,62, 90,92

BrushColor -1
PenColor 702785
AngleTextOut 0, Arial, 20, 437, 202, Бухарестская >>
AngleTextOut 0, Arial, 20, 94, 38, << Обводный канал
AngleTextOut 0, Arial, 25, 229, 118, Волковская, 1

; торцы
PenColor 000000
Line 539,172, 539,157, 434,157, 434,148, 440,148, 440,113, 370,113, 370,106, 539,106, 539,92
Line 90,92, 90,106, 197,106, 197,157, 90,157, 90,172
Polygon 370,150, 370,157, 375,157, 375,150

; пилоны
BrushColor CCCCCC
Polygon 357,106, 336,106, 336,113, 357,113
Polygon 323,106, 302,106, 302,113, 323,113
Polygon 288,106, 243,106, 243,113, 288,113
Polygon 230,106, 209,106, 209,113, 230,113

Polygon 357,150, 336,150, 336,157, 357,157
Polygon 323,150, 302,150, 302,157, 323,157
Polygon 288,150, 243,150, 243,157, 288,157
Polygon 230,150, 209,150, 209,157, 230,157

: вестибюль

Opaque 80
PenColor FFFFFF
BrushColor FFFFFF
Polygon 375,171, 434,171, 433,203, 376,203
Opaque 100

Line 434,148, 434,256, 424,256
Line 375,148, 375,256, 386,256
Stairs 434,150, 375,150, 434,180

; эскалатор 4 
PenColor 7F7F7F
Stairs 421,254, 389,254, 421,368
PenColor 000000
BrushColor 9B5509
Polygon 389,247, 389,373, 386,373, 386,247
Polygon 394,247, 398,247, 398,373, 394,373
Polygon 403,247, 407,247, 407,373, 403,373
Polygon 412,247, 416,247, 416,373, 412,373
Polygon 421,247, 421,373, 424,373, 424,247

Line 349,448, 337,439, 363,360, 386,360
Line 424,360, 443,360, 469,439, 402,488, 393,481
Line 379,471, 363,459

; турникеты
Line 398,432, 408,438, 402,419, 403,373, 0.5
Line 408,438, 416,432, 0.5
Line 449,407, 457,401, 0.5
Line 360,408, 350,402, 0.5
PenColor 009900
Stairs 414,430, 417,434, 448,405
PenColor FF0000
Stairs 399,430, 396,434, 361,406

; кассы
PenColor 000000
BrushColor -1
Line 418,476, 423,483, 449,464, 444,457
AngleTextOut 36, Arial, 10, 419, 472, кассы

; стрелки
PenColor FF0000
Arrow 365,441, 356,453
PenColor 009900
Arrow 386,476, 396,463

; названия улиц голубым
PenColor 00AFAF
BrushColor -1
AngleTextOut 0, Arial, 15, 220, 519, улица Касимовская
