Size 680x1000
Angle -80

; пути

PenColor 000000
BrushColor D6083B
Polygon 301,546, 301,516, 751,516, 751,546
Polygon 301,626, 301,656, 751,656, 751,626

BrushColor -1
PenColor D6083B
AngleTextOut 0, Arial, 20, 303, 492, << Лесная
AngleTextOut 0, Arial, 20, 572, 656, Площадь Ленина >>
AngleTextOut 0, Arial, 25, 449, 568, Выборгская, 1

; правый торец

PenColor 000000
Line 751,546, 751,564, 721,564, 721,607, 751,607, 751,626

; левый вестибюль

Line 301,546, 301,558, 310,558, 310,563, 301,563, 301,569, 284,569
Line 301,626, 301,614, 310,614, 310,609, 301,609, 301,602, 284,602, 284,626
Spline 284,569, 267,564, 250,570
Spline 284,626, 278,641, 262,651
Line 250,570, 250,621, 221,634, 222,636, 212,641, 211,639, 203,643, 201,639, 192,643
Line 262,651, 236,663, 234,659, 223,664, 224,666, 215,670, 217,674, 208,678
Stairs 286,602, 286,569, 299,602
Stairs 284,604, 250,604, 284,618

; эскалатор 3
PenColor 808080
Stairs 132,674, 146,704, 187,648
PenColor 000000
BrushColor 9B5509
Polygon 209,677, 143,708, 142,706, 208,675
Polygon 204,668, 138,699, 136,695, 202,664
Polygon 198,656, 132,687, 130,683, 196,652
Polygon 193,645, 127,676, 126,674, 192,643

Opaque 80
PenColor FFFFFF
BrushColor FFFFFF
Polygon 174,658, 174,694, 159,702, 160,698, 161,693, 161,688, 161,683, 159,679, 157,675, 154,672, 150,669, 145,668, 142,666, 158,658
Opaque 100

Spline 142,667, 159,679, 158,701

; турникеты
Line 126,674, 126,658, 0.5
Line 131,685, 95,702, 95,658, 0.5
Line 143,709, 114,734, 0.5
Line 95,702, 98,707, 0.5
Line 112,731, 114,734, 0.5
PenColor 009900
Stairs 96,708, 100,706, 111,734

PenColor 000000
BrushColor CCCCCC
Polygon -60,505, -60,383, -55,383, -55,505
Polygon -59,315, -55,315, -55,194, -59,194

Line 120,662, 120,658, 174,658, 174,749, 170,749
Line 170,764, 174,764, 174,768, 46,768, 46,764, 50,764
Line 50,748, 46,748, 46,615, 4,615
Line 4,599, 46,599, 46,535, -125,535
Line -125,520, -83,520, -83,383
Line -83,315, -83,142, 12,142
Line 12,186, -30,186, -30,315
Line -30,383, -30,509, 46,509, 46,490, 110,490
Line 110,508, 68,508, 68,536, 110,536
Line 110,546, 68,546, 68,560, 110,560
Line 110,570, 68,570, 68,599, 110,599
Line 110,615, 68,615, 68,651, 65,651, 65,703
Line 65,658, 102,658, 102,662

Stairs 108,508, 108,490, 70,508
Stairs 108,536, 108,546, 70,536
Stairs 108,560, 108,570, 70,560
Stairs 108,599, 108,615, 70,599
Stairs 6,599, 6,615, 44,599
Stairs 65,701, 46,701, 65,663
Stairs -123,520, -123,535, -85,520
Stairs 10,186, 10,142, -28,186

PenColor C0C0C0
Line -83,315, -83,383
Line -30,360, -30,383
Line -30,315, -30,338
Line -30,338, -30,344, 12,344
Line 12,354, -30,354, -30,360
Stairs 10,354, 10,344, -28,354

PenColor 000000
Railway 10, 14, 4, -104,364, 754,364
Railway 10, 14, 4, -104,324, 754,324

; стрелки
PenColor FF0000
Arrow 111,670, 111,658
Line 15,344, 18,354
Line 18,344, 15,354
Line -27,344, -30,354
Line -30,344, -27,354
PenColor 009900
Arrow 46,756, 56,756
Arrow 56,647, 56,659
Arrow 174,756, 163,756

; Названия улиц голубым
PenColor 00AFAF
BrushColor -1
AngleTextOut 0, Arial, 15, -107, 557, Лесной проспект
AngleTextOut 0, Arial, 12, 122, 545, трамваи
AngleTextOut 90, Arial, 15, -32, 746, улица Смолячкова
AngleTextOut 90, Arial, 15, 792, 681, Гренадерская улица
AngleTextOut 0, Arial, 15, -85, 111, Чугунная улица
