Size 970x870
Angle -45

; пути
PenColor 000000
BrushColor 0078c9
Polygon 576,357, 576,327, 1026,327, 1026,357
Polygon 576,437, 576,467, 1026,467, 1026,437

BrushColor -1
PenColor 0078c9
AngleTextOut 0, Arial, 20, 576, 306, << Московская
AngleTextOut 0, Arial, 20, 929, 467, Купчино >>
AngleTextOut 0, Arial, 25, 769, 387, Звёздная, 1

; горизонтальный лифт
PenColor 000000
Line 1026,360, 1014,360, 1014,361, 1001,361, 1001,359, 996,359, 996,361, 984,361, 984,359, 979,359, 979,361, 967,361, 967,359, 962,359, 962,361, 950,361, 950,359, 945,359, 945,361, 933,361, 933,359, 928,359, 928,361, 916,361, 916,359, 911,359, 911,361, 899,361, 899,359, 894,359, 894,361, 882,361, 882,359, 877,359, 877,361, 865,361, 865,359, 860,359, 860,361, 848,361, 848,359, 843,359, 843,361, 831,361, 831,359, 826,359, 826,361, 814,361, 814,359, 809,359, 809,361, 797,361, 797,359, 792,359, 792,361, 780,361, 780,359, 775,359, 775,361, 763,361, 763,359, 758,359, 758,361, 746,361, 746,359, 741,359, 741,361, 729,361, 729,359, 724,359, 724,361, 712,361, 712,359, 707,359, 707,361, 695,361, 695,359, 690,359, 690,361, 678,361, 678,359, 673,359, 673,361, 661,361, 661,359, 656,359, 656,361, 644,361, 644,359, 639,359, 639,361, 627,361, 627,359, 622,359, 622,361, 610,361, 610,359, 605,359, 605,361, 592,361, 592,360, 576,360, 576,378, 561,378, 561,374, 491,374, 491,377
Line 1026,360, 1026,434, 1014,434, 1014,433, 1001,433, 1001,435, 996,435, 996,433, 984,433, 984,435, 979,435, 979,433, 967,433, 967,435, 962,435, 962,433, 950,433, 950,435, 945,435, 945,433, 933,433, 933,435, 928,435, 928,433, 916,433, 916,435, 911,435, 911,433, 899,433, 899,435, 894,435, 894,433, 882,433, 882,435, 877,435, 877,433, 865,433, 865,435, 860,435, 860,433, 848,433, 848,435, 843,435, 843,433, 831,433, 831,435, 826,435, 826,433, 814,433, 814,435, 809,435, 809,433, 797,433, 797,435, 792,435, 792,433, 780,433, 780,435, 775,435, 775,433, 763,433, 763,435, 758,435, 758,433, 746,433, 746,435, 741,435, 741,433, 729,433, 729,435, 724,435, 724,433, 712,433, 712,435, 707,435, 707,433, 695,433, 695,435, 690,435, 690,433, 678,433, 678,435, 673,435, 673,433, 661,433, 661,435, 656,435, 656,433, 644,433, 644,435, 639,435, 639,433, 627,433, 627,435, 622,435, 622,433, 610,433, 610,435, 605,435, 605,433, 592,433, 592,434, 576,434, 576,416, 561,416, 561,420, 491,420, 491,417

; эскалатор 3 гор
PenColor 7F7F7F
Stairs 493,414, 493,380, 266,414
PenColor 000000
BrushColor 9B5509
Polygon 500,380, 260,380, 260,377, 500,377
Polygon 500,388, 500,393, 260,393, 260,388
Polygon 500,401, 500,406, 260,406, 260,401
Polygon 500,414, 260,414, 260,417, 500,417

; вестибюль
PenColor CCCCCC
BrushColor CCCCCC
Polygon 148,385, 138,385, 138,480, 166,480, 166,443, 159,435, 154,426, 150,416, 148,406, 147,396
PenColor 000000
Spline 278,377, 261,348, 230,331, 195,332, 166,349
Line 166,349, 138,349, 138,336, 93,336, 93,355, 80,355
Line 93,378, 80,378, 80,506, 93,506
Line 93,528, 80,528, 80,544, 136,544, 155,530, 293,530, 293,480, 201,480, 201,462
Spline 201,462, 227,462, 251,452, 268,436, 278,417
Line 166,443, 166,480, 138,480, 138,385, 148,385
Spline 148,385, 148,406, 154,426, 166,443

; турникеты
PenColor 000000
Line 260,388, 174,407, 155,426, 0.5
Line 174,407, 181,414, 0.5
Line 221,454, 228,461, 0.5
PenColor 009900
Stairs 179,416, 183,412, 220,457

; стрелки
PenColor FF0000
Arrow 98,366, 78,366
PenColor 009900
Arrow 78,518, 98,518

; названия улиц голубым
PenColor 00AFAF
BrushColor -1
AngleTextOut 50, Arial, 15, -106, 430, Звёздная улица
AngleTextOut 0, Arial, 15, 19, 614, улица Ленсовета
