Size 1030x530

;пути

BrushColor 5D87C3
Polygon 505,463, 955,463, 955,493, 505,493
Polygon 505,383, 955,383, 955,353, 505,353

BrushColor -1
PenColor 5D87C3
AngleTextOut 0, Arial, 20, 506, 329, << Заводская
AngleTextOut 0, Arial, 20, 777, 493, Метростроителей >>
AngleTextOut 0, Arial, 25, 659, 409, Металлургов, 1

;правый торец
PenColor 000000
Line 955,383, 955,393, 960,393, 960,383, 973,383, 973,353, 995,353, 995,366, 999,366, 999,353, 1021,353, 1021,463, 960,463, 960,453, 955,453, 955,463
Line 955,393, 907,393
Line 955,453, 907,453
Stairs 909,393, 909,453, 955,393

; левый вестибюль

Line 505,383, 505,400, 476,400, 476,404
Line 505,463, 505,446, 476,446, 476,442
Line 272,404, 272,397, 255,380, 183,380, 183,398, 169,398, 169,359, 219,359
Line 219,341, 169,341, 169,85
Line 145,85, 145,181, 121,181, 121,155
Line 102,155, 102,199, 145,199, 145,341, 95,341
Line 95,359, 145,359, 145,487, 95,487
Line 95,505, 220,505
Line 220,487, 169,487, 169,448, 183,448, 183,466, 255,466, 272,449, 272,442
Stairs 97,359, 97,341, 143,359
Stairs 217,359, 217,341, 171,359
Stairs 143,181, 143,199, 121,181
Stairs 145,87, 169,87, 145,133
Stairs 121,157, 102,157, 121,179
Stairs 97,487, 97,505, 143,487
Stairs 218,487, 218,505, 172,487

BrushColor D0D0D0
Polygon 169,419, 183,419, 183,427, 169,427

; эскалатор 3 гор
PenColor 7F7F7F
Stairs 270,407, 270,439, 484,407
PenColor 000000
BrushColor 9B5509
Polygon 264,404, 488,404, 488,407, 264,407
Polygon 264,415, 488,415, 488,419, 264,419
Polygon 264,427, 488,427, 488,431, 264,431
Polygon 264,439, 488,439, 488,442, 264,442

PenColor FF0000
Line 899,393, 904,453
Line 904,393, 899,453

;улицы
BrushColor -1
PenColor 00AFAF
AngleTextOut 0, Arial, 15, 6, 416, проспект Калинина
AngleTextOut 0, Arial, 15, 150, 31, улица Маяковского
AngleTextOut 90, Arial, 15, 213, 265, площадь Понимания
AngleTextOut 90, Arial, 15, 282, 247, улица Квиринга

PenColor 000000
AngleTextOut 0, Arial, 15, 321, 12, 'ж/д станция "Горяиново" >>'
AngleTextOut 0, Arial, 15, 770, 303, Дом органной музыки >>
