Size 1130x540
Angle -15

;пути

BrushColor 5D87C3
Polygon 620,359, 1070,359, 1070,389, 620,389
Polygon 620,279, 1070,279, 1070,249, 620,249

BrushColor -1
PenColor 5D87C3
AngleTextOut 0, Arial, 20, 621, 225, << Метростроителей
AngleTextOut 0, Arial, 20, 997, 389, тупик >>
AngleTextOut 0, Arial, 25, 774, 302, Вокзальная, 1

;правый торец
PenColor 000000
Line 1070,359, 1070,347, 967,347, 967,336, 1021,336, 1021,302, 968,302, 968,291, 1070,291, 1070,279

; левый вестибюль
Line 620,279, 620,291, 697,291, 697,302, 668,302, 668,306, 660,306, 660,300, 632,300
Line 632,338, 660,338, 660,332, 668,332, 668,336, 697,336, 697,347, 620,347, 620,359
Line 384,300, 365,281, 325,281, 368,206, 411,231
Line 420,215, 369,185, 342,158, 312,107
Line 308,109, 333,152
Line 296,116, 322,160, 282,228, 163,296, 84,296, 59,253
Line 43,262, 99,360, 89,395, 45,421
Line 54,437, 123,397, 191,397, 233,469, 189,494
Line 198,510, 327,435
Line 318,419, 275,444, 250,400, 325,357, 365,357, 384,338
Stairs 297,118, 309,111, 320,157
Stairs 409,230, 418,214, 370,207
Stairs 316,420, 325,436, 277,443
Stairs 191,493, 200,509, 231,470
Stairs 56,436, 47,420, 95,413
Stairs 60,255, 44,264, 83,294

BrushColor D0D0D0
Polygon 325,316, 334,316, 334,322, 325,322

; эскалатор 4 гор
PenColor 7F7F7F
Stairs 385,303, 385,335, 628,303
PenColor 000000
BrushColor 9B5509
Polygon 379,300, 632,300, 632,303, 379,303
Polygon 379,308, 632,308, 632,312, 379,312
Polygon 379,317, 632,317, 632,321, 379,321
Polygon 379,326, 632,326, 632,330, 379,330
Polygon 379,335, 632,335, 632,338, 379,338

;кассы
BrushColor -1
PenColor 000000
Line 339,357, 339,365, 365,365, 365,357
AngleTextOut 0, Arial, 10, 340, 354, кассы

;стрелки
PenColor 009900
Arrow 673,325, 692,325
Arrow 326,338, 342,338
PenColor FF0000
Arrow 692,312, 673,312
Arrow 342,299, 326,299

;улицы
BrushColor -1
PenColor 00AFAF
AngleTextOut 0, Arial, 15, 1073, 302, проспект\nКарла Маркса
AngleTextOut 30, Arial, 15, 53, 499, улица Курчатова
AngleTextOut -60, Arial, 15, 148, 120, площадь Петровского
AngleTextOut -60, Arial, 15, 275, 82, << ж/д вокзал
AngleTextOut 30, Arial, 15, 41, 448, << автовокзал
