Size 1030x300
Angle 5

;пути

BrushColor 5D87C3
Polygon 499,215, 949,215, 949,245, 499,245
Polygon 499,135, 949,135, 949,105, 499,105

BrushColor -1
PenColor 5D87C3
AngleTextOut 0, Arial, 20, 500, 81, << Проспект Свободы
AngleTextOut 0, Arial, 20, 813, 245, Металлургов >>
AngleTextOut 0, Arial, 25, 653, 161, Заводская, 1

;правый торец
PenColor 000000
Line 949,135, 949,145, 954,145, 954,135, 1015,135, 1015,215, 954,215, 954,205, 949,205, 949,215
Line 949,145, 901,145
Line 949,205, 901,205
Stairs 903,145, 903,205, 949,145

; левый вестибюль

Line 499,135, 499,152, 470,152, 470,156
Line 499,215, 499,198, 470,198, 470,194
Line 266,156, 266,149, 249,132, 177,132, 177,166, 127,166
Line 127,184, 177,184, 177,218, 249,218, 266,201, 266,194
Stairs 129,166, 129,184, 175,166

; эскалатор 3 гор
PenColor 7F7F7F
Stairs 264,159, 264,191, 478,159
PenColor 000000
BrushColor 9B5509
Polygon 258,156, 482,156, 482,159, 258,159
Polygon 258,167, 482,167, 482,171, 258,171
Polygon 258,179, 482,179, 482,183, 258,183
Polygon 258,191, 482,191, 482,194, 258,194

PenColor FF0000
Line 893,145, 898,205
Line 898,145, 893,205

;улицы
BrushColor -1
PenColor 00AFAF
AngleTextOut 0, Arial, 15, 178, 59, улица Маяковского

PenColor 000000
AngleTextOut 0, Arial, 15, 160, -14, 'ж/д станция "184 км"'
AngleTextOut 0, Arial, 15, 4, 222, проходная ДЗМО
