Size 1050x760

Angle -38

; пути

BrushColor 046434
Polygon 350,352, 350,322, 800,322, 800,352
Polygon 350,432, 800,432, 800,462, 350,462

PenColor 046434
BrushColor -1
AngleTextOut 0, Arial, 20, 353, 299, << Сокол
AngleTextOut 0, Arial, 20, 711, 462, Динамо >>
AngleTextOut 0, Arial, 25, 454, 377, Аэропорт, 1

;инфосос
PenColor 34349C
BrushColor 34349C
Polygon 575,395, 575,391, 576,391, 576,395
PenColor FF0000
BrushColor FF0000
Polygon 575,399, 575,395, 576,395, 576,399


; левый вестибюль

PenColor 000000
Line 259,308, 255,308, 255,243, 336,243, 336,308, 332,308
Line 69,611, 126,611, 126,223
Line 69,631, 157,631, 157,609, 153,609, 153,606, 212,606
Line 212,594, 153,594, 153,579, 212,579
Line 212,567, 153,567, 153,510, 162,510, 162,507, 309,507, 309,455, 305,455, 305,451, 321,451, 321,409
Line 153,223, 153,469, 162,469, 162,473, 282,473, 282,455, 286,455, 286,451, 216,451, 216,335, 286,335, 286,331, 282,331, 282,266, 276,266, 276,308, 272,308
Line 321,376, 321,335, 305,335, 305,331, 309,331, 309,266, 315,266, 315,308, 319,308
Line 350,352, 350,376, 312,376
Line 350,432, 350,409, 312,409
Stairs 312,409, 312,376, 349,409
Stairs 336,271, 315,271, 336,289
Stairs 309,269, 282,269, 309,292
Stairs 276,271, 255,271, 276,289
Stairs 267,485, 267,473, 226,485
Stairs 208,579, 208,567, 174,579
Stairs 208,606, 208,594, 174,606
Stairs 72,631, 72,611, 110,631
Stairs 126,263, 153,263, 126,225

BrushColor D0D0D0
Polygon 162,487, 173,487, 173,493, 162,493

; эскалатор 2 гор
PenColor 7F7F7F
Stairs 265,504, 265,488, 228,504
PenColor 000000
BrushColor 9B5509
Polygon 271,488, 223,488, 223,485, 271,485
Polygon 271,494, 271,498, 223,498, 223,494
Polygon 271,504, 223,504, 223,507, 271,507

; кассы
BrushColor -1
Line 216,378, 207,378, 207,407, 216,407
AngleTextOut 90, Arial, 10, 205, 405, кассы

; турникеты
BrushColor -1
Line 296,289, 296,348, 0.5
Polygon 273,366, 279,366, 279,372, 273,372
Line 296,430, 296,487, 271,487, 0.5
PenColor 009900
Stairs 294,347, 297,350, 279,362
Stairs 274,377, 278,377, 274,410
Stairs 276,415, 279,412, 294,433

; стрелки
PenColor FF0000
Arrow 326,299, 326,315
Arrow 303,321, 303,304
Arrow 293,495, 280,495
PenColor 009900
Arrow 266,315, 266,299
Arrow 289,304, 289,322
Arrow 273,479, 287,479

;инфосос
PenColor 34349C
BrushColor 34349C
Polygon 219,366, 219,362, 220,362, 220,366
PenColor FF0000
BrushColor FF0000
Polygon 219,370, 219,366, 220,366, 220,370


; правый вестибюль

PenColor 000000
Line 800,352, 800,376, 839,376
Line 800,432, 800,409, 839,409
Line 833,376, 833,335, 866,335, 866,331, 862,331, 862,274, 857,274, 857,316, 854,316
Line 833,409, 833,450, 931,450, 931,335, 887,335, 887,331, 891,331, 891,274, 896,274, 896,316, 899,316
Line 838,316, 835,316, 835,254, 917,254, 917,316, 914,316
Stairs 917,297, 896,297, 917,279
Stairs 891,295, 862,295, 891,277
Stairs 857,297, 835,297, 857,279
Stairs 839,409, 839,376, 801,409

; кассы
BrushColor -1
Line 862,254, 862,245, 891,245, 891,254
AngleTextOut 0, Arial, 10, 864, 243, кассы

; турникеты
BrushColor -1
Line 877,295, 877,373, 0.5
Polygon 874,373, 880,373, 880,379, 874,379
Line 906,405, 906,450, 0.5
PenColor 009900
Stairs 884,381, 881,384, 908,405

; стрелки
PenColor FF0000
Arrow 846,306, 846,319
Arrow 870,319, 870,306
PenColor 009900
Arrow 906,319, 906,306
Arrow 884,306, 884,319
Arrow 907,377, 899,385

;инфосос
PenColor 34349C
BrushColor 34349C
Polygon 853,414, 849,414, 849,415, 853,415
PenColor FF0000
BrushColor FF0000
Polygon 857,414, 853,414, 853,415, 857,415


; Названия улиц голубым
PenColor 00AFAF
BrushColor -1
AngleTextOut 0, Arial, 15, -33, 389, Ленинградский проспект
AngleTextOut 0, Arial, 15, 945, 381, Ленинградский проспект
AngleTextOut 90, Arial, 15, 177, 330, улица Черняховского
AngleTextOut 90, Arial, 15, 969, 306, 1-я Аэропортовская улица

Opaque 70
; "закрыто"
PenColor FFD0D0
BrushColor FFD0D0
Polygon 151,565, 214,565, 214,608, 151,608
PenColor FF4040

Opaque 100
PenColor FF4040
BrushColor -1
AngleTextOut 0, Arial, 15, 159, 573, закрыто
Dashed 151,565, 214,565, 214,608, 151,608, 151,565
BrushColor 000000

; Выходы
Angle 38
PenColor FFD900
BrushColor 615F56
SpotRect 453, 170, 30, 30, ShowMessage Выход №1
SpotRect 260, 1, 30, 30
SpotRect 30, 248, 30, 30
SpotRect 803, 454, 30, 30
BrushColor -1
TextOut Arial, 25, 461, 171, 1
TextOut Arial, 25, 268, 2, 2
TextOut Arial, 25, 38, 249, 3
TextOut Arial, 25, 811, 455, 4
