Size 640x1040
Angle 62

;Пути
BrushColor FC9C54
Polygon 83,602, 83,572, 533,572, 533,602
Polygon 533,492, 533,462, 83,462, 83,492

BrushColor -1
PenColor F7782E
AngleTextOut 0, Arial, 25, 210, 506, Академическая, 1
AngleTextOut 0, Arial, 20, 86, 438, << Профсоюзная
AngleTextOut 0, Arial, 20, 332, 602, Ленинский проспект >>

; левый вестибюль
PenColor 000000
Line -27,445, -63,445, -63,503, -59,503, -59,487, 13,487, 13,506, 83,506, 83,492
Line -27,624, -63,624, -63,562, -59,562, -59,577, 13,577, 13,558, 83,558, 83,572
Line -27,423, -127,423
Line -27,646, -126,646
Line -126,624, -91,624, -91,445, -127,445
Stairs 74,506, 74,558, 83,506
Stairs 18,558, 18,533, 64,558
Stairs -61,423, -61,445, -28,423
Stairs -125,423, -125,445, -91,423
Stairs -61,624, -61,646, -27,624
Stairs -125,624, -125,646, -92,624

BrushColor D0D0D0
Polygon -59,530, -63,530, -63,535, -59,535

; кассы
BrushColor -1
Line -39,577, -39,588, -11,588, -11,577
AngleTextOut 0, Arial, 10, -37, 576, кассы

; турникеты
Polygon 9,561, 4,558, 7,553, 12,556
PenColor 009900
Stairs 1,556, 4,551, -28,538
PenColor FF0000
Stairs -30,491, -24,491, -30,534

; эскалаторs 
PenColor 7F7F7F
Stairs 65,532, 65,508, 14,532
PenColor 000000
BrushColor 9B5509
Polygon 14,518, 67,518, 67,522, 14,522
Polygon 14,531, 67,531, 67,534, 14,534
Polygon 14,506, 67,506, 67,509, 14,509


; правый вестибюль
PenColor 000000
Line 621,445, 657,445, 657,503, 653,503, 653,487, 583,487, 583,506, 533,506, 533,492
Line 721,445, 685,445, 685,623, 721,623
Line 621,623, 657,623, 657,561, 653,561, 653,575, 583,575, 583,558, 533,558, 533,572
Line 721,645, 621,645
Line 621,423, 721,423
Stairs 719,423, 719,445, 685,423
Stairs 687,623, 687,645, 721,623
Stairs 623,423, 623,445, 657,423
Stairs 623,645, 623,623, 657,645
Stairs 580,506, 580,558, 535,506

BrushColor D0D0D0
Polygon 657,530, 653,530, 653,535, 657,535


; турникеты
BrushColor -1
Polygon 618,490, 612,490, 612,496, 618,496
PenColor 009900
Stairs 613,501, 617,501, 613,534
PenColor FF0000
Stairs 613,537, 617,537, 613,571


; кассы
PenColor 000000
BrushColor -1
Line 621,487, 621,476, 648,476, 648,487
AngleTextOut 0, Arial, 10, 623, 475, кассы


;стрелки
PenColor FF0000
Arrow 633,548, 644,548
Arrow -44,515, -58,515
PenColor 009900
Arrow 645,515, 634,515
Arrow -41,555, -23,555


;инфососы
PenColor 34349C
BrushColor 34349C
Polygon 509,557, 504,557, 504,555, 509,555
Polygon 293,544, 293,534, 291,534, 291,544
Polygon 107,555, 102,555, 102,557, 107,557
PenColor FF0000
BrushColor FF0000
Polygon 514,557, 509,557, 509,555, 514,555
Polygon 293,539, 293,544, 291,544, 291,539
Polygon 112,555, 107,555, 107,557, 112,557

;названия улиц синим
PenColor 00AFAF
BrushColor -1
AngleTextOut 18, Arial, 15, 701, 536, проспект 60-летия Октября
AngleTextOut 0, Arial, 15, -246, 525, Профсоюзная улица
AngleTextOut -90, Arial, 15, 332, 265, улица Дмитрия Ульянова
AngleTextOut -90, Arial, 15, 332, 636, улица Дмитрия Ульянова
