Size 600x740

Angle 83

;Пути
BrushColor FC9C54
Polygon 220,454, 670,454, 670,484, 220,484
Polygon 220,564, 670,564, 670,594, 220,594

BrushColor -1
PenColor F7782E
AngleTextOut 0, Arial, 25, 379, 491, Алексеевская, 1
AngleTextOut 0, Arial, 20, 221, 430, << Рижская
AngleTextOut 0, Arial, 20, 592, 594, ВДНХ >>

;Здания беж
PenColor DFDFDF
BrushColor FEFBF1
Ellipse -40,431, 145,613

; эскалатор 4
PenColor 7F7F7F
Stairs 86,501, 86,546, 280,501
PenColor 000000
BrushColor 9B5509
Polygon 284,497, 83,497, 83,501, 284,501
Polygon 284,512, 83,512, 83,518, 284,518
Polygon 284,529, 83,529, 83,535, 284,535
Polygon 284,546, 83,546, 83,550, 284,550


;левый вестибюль
Line 220,484, 220,491, 321,491, 321,503, 315,503, 315,497, 103,497
Line 220,564, 220,557, 321,557, 321,544, 315,544, 315,550, 102,550
Line 670,484, 670,492, 559,492, 559,503, 563,503, 563,542, 559,542, 559,555, 670,555, 670,564
Spline 103,497, 84,477, 62,469
Spline 102,550, 73,574, 33,575, -1,545
Spline -5,520, 6,491, 34,471
Spline 4,451, 31,439, 60,437, 93,445
Spline 62,463, 86,472, 108,494
Spline -25,564, -34,542, -36,519
Spline -9,521, -6,504, 2,489
Line -1,545, -5,546, -3,553, -25,564
Line 62,469, 62,463
Line -5,520, -9,521
Line 34,471, 34,464, 29,466, 22,442
Line 93,445, 95,441
Line 108,494, 132,477
Line 2,489, -24,471
Line -36,519, -40,519

;кассы
Line 29,466, 19,471, 4,451
;Spline 23,441, 13,445, 4,451
BrushColor -1
AngleTextOut -65, Arial, 9, 20, 444, кассы

;турникеты
Line 83,515, 8,505, 5,493, 0.5
Line 75,478, 78,475, 0.5
Polygon 69,485, 67,479, 73,477, 75,483
PenColor 009900
Stairs 64,485, 63,481, 9,501

;стрелки
PenColor FF0000
Arrow -23,529, -23,513
Arrow 77,541, 64,541
Arrow 304,540, 286,540
PenColor 009900
Arrow 95,462, 79,454
Arrow 48,462, 50,472
Arrow 63,506, 76,507
Arrow 286,507, 304,507

;инфососы
PenColor 34349C
BrushColor 34349C
Polygon 465,530, 463,530, 463,525, 465,525
Polygon 41,441, 41,439, 36,440, 36,442
PenColor FF0000
BrushColor FF0000
Polygon 465,525, 463,525, 463,520, 465,520
Polygon 36,442, 36,440, 31,441, 31,443


;переход
BrushColor -1
PenColor 000000
Line 45,298, 82,298, 82,279, 45,279
Line 46,181, 82,181, 82,164, 46,164
Line 45,121, 82,121, 82,140, 45,140
Line 148,298, 111,298, 111,279, 148,279
Line 148,121, 111,121, 111,140, 148,140
Stairs 75,121, 75,140, 46,121
Stairs 118,140, 118,121, 147,140
Stairs 74,181, 74,164, 48,181
Stairs 75,279, 75,298, 45,279
Stairs 118,279, 118,298, 147,279

PenColor D8D8D8
Line 82,181, 83,181, 83,279, 82,279
Line 111,279, 110,279, 110,140, 111,140
Line 82,164, 83,164, 83,140, 82,140
Line 82,121, 111,121
Line 82,298, 111,298

;названия улиц синим
PenColor 00AFAF
BrushColor -1
AngleTextOut 0, Arial, 15, -19, 219, Проспект Мира
