Size 490x990

Angle 80

;названия
BrushColor -1
PenColor 4C4C4C
AngleTextOut 0, Arial, 20, 105, 514, Улица Академика Янгеля >>
AngleTextOut 0, Arial, 20, -99, 349, << Бульвар Дмитрия Донского
AngleTextOut 0, Arial, 25, 73, 415, Аннино, 1
PenColor 00AFAF
AngleTextOut 0, Arial, 15, 456, 658, Варшавское шоссе
PenColor 000000

;пути
BrushColor 9CA4A4
Polygon -100,373, 350,373, 350,403, -100,403
Polygon -100,484, 350,484, 350,514, -100,514

; северный вестибюль
PenColor d0d0d0
BrushColor d0d0d0
Polygon 583,413, 613,413, 621,418, 630,427, 634,438, 634,448, 630,459, 621,468, 613,473, 583,473
PenColor 000000
Line 613,413, 583,413, 583,473, 613,473
Line 688,219, 623,219, 623,370, 469,370, 469,398, 405,398, 405,420, 350,420, 350,403
Line 688,243, 652,243, 652,370, 694,370, 694,516, 652,516, 652,589, 587,589
Line 587,566, 623,566, 623,516, 469,516, 469,489, 405,489, 405,468, 350,468, 350,484
Spline 613,413, 632,431, 632,455, 613,473
Spline 583,413, 563,431, 563,455, 583,473
Stairs 589,566, 589,589, 623,566
Stairs 686,243, 686,219, 652,243
BrushColor -1
AngleTextOut -90, Arial, 14, 583, 427, кассы

;турникеты
PenColor FF0000
Stairs 524,468, 520,468, 524,515
PenColor 009900
Stairs 515,387, 511,388, 524,429
PenColor 000000
Polygon 506,376, 514,374, 516,382, 508,384
Line 522,428, 522,466, 0.5

; эскалатор 
PenColor 7F7F7F
Stairs 354,421, 354,467, 429,421
PenColor 000000
BrushColor 9B5509
Polygon 433,449, 350,449, 350,455, 433,455
Polygon 433,465, 350,465, 350,468, 433,468
Polygon 433,420, 350,420, 350,423, 433,423
Polygon 433,433, 350,433, 350,439, 433,439

;стрелки
PenColor FF0000
Arrow 582,495, 599,495
PenColor 009900
Arrow 599,392, 582,392

; южный вестибюль
PenColor 000000
Line -100,403, -100,410, -169,410, -169,387, -262,387
Line -262,392, -214,392
Line -100,484, -100,477, -214,477, -214,410, -262,410
Line -100,470, -169,470
Stairs -106,410, -106,470, -132,410
Stairs -140,410, -140,470, -166,410
Stairs -217,392, -217,410, -235,392
Stairs -244,392, -244,410, -262,392

; кассы
Line -207,387, -207,374, -169,374, -169,387
BrushColor -1
AngleTextOut 0, Arial, 14, -205, 372, кассы

;турникеты
PenColor FF0000
Stairs -191,409, -187,410, -198,434
PenColor 009900
Stairs -199,436, -194,436, -199,465
PenColor 000000
Polygon -200,468, -193,468, -193,475, -200,475
Line -187,410, -169,410, 0.5

;стрелки
PenColor FF0000
Arrow -171,421, -183,421
PenColor 009900
Arrow -183,453, -171,453

;инфососы
PenColor 34349C
BrushColor 34349C
Polygon 548,511, 543,511, 543,513, 548,513
Polygon 90,447, 90,442, 92,442, 92,447
Polygon -210,421, -210,426, -208,426, -208,421
PenColor FF0000
BrushColor FF0000
Polygon 553,511, 548,511, 548,513, 553,513
Polygon 90,452, 90,447, 92,447, 92,452
Polygon -210,416, -210,421, -208,421, -208,416
