Size 950x1130

; пути

BrushColor 2C7CAC
Polygon 175,958, 175,988, 243,988, 243,958
Polygon 280,958, 280,988, 485,988, 485,958
Polygon 522,958, 522,988, 625,988, 625,958
Polygon 175,1058, 175,1088, 243,1088, 243,1058
Polygon 280,1058, 280,1088, 485,1088, 485,1058
Polygon 522,1058, 522,1088, 625,1088, 625,1058

PenColor 2C7CAC
BrushColor -1
AngleTextOut 0, Arial, 20, 178, 938, << Смоленская
AngleTextOut 0, Arial, 20, 422, 1088, Александровский сад >>
AngleTextOut 0, Arial, 25, 328, 1013, Арбатская, 1

; левый вестибюль

PenColor 000000
Line 201,1011, 243,1011, 243,988
Line 280,988, 280,1011, 322,1011
Line 322,1036, 280,1036, 280,1058
Line 201,1036, 243,1036, 243,1058
Line 243,1088, 280,1088
Line 243,958, 280,958
Line 175,988, 175,1058
Stairs 320,1036, 320,1011, 282,1036
Stairs 203,1036, 203,1011, 241,1036

; правый вестибюль

;Ellipse 248,40, 488,279
Ellipse 477,612, 605,739
Ellipse 481,616, 601,735
Ellipse 485,620, 597,731
Ellipse 489,624, 593,727
Ellipse 493,628, 589,723
PenColor FFFFFF
BrushColor FFFFFF
Polygon 513,743, 513,712, 567,712, 567,743

PenColor 808000
Ellipse 521,656, 561,695
PenColor 800000
BrushColor 800000
Polygon 535,669, 545,668, 549,677, 541,684, 532,678
PenColor 808000
Polygon 540,694, 529,660, 559,681, 522,681, 552,660, 540,694


PenColor 000000
Spline 480,573, 542,586, 602,573
Line 602,573, 619,585, 619,594, 614,594
Line 614,624, 620,623, 622,632, 616,634
Line 625,662, 631,660
Spline 631,660, 643,683, 657,702
Line 657,702, 651,722
Spline 651,722, 593,747, 550,794
Line 550,794, 531,794
Spline 531,794, 488,748, 430,721
Line 430,721, 424,702
Spline 424,702, 438,684, 451,662
Line 451,662, 457,664
Line 466,636, 460,634, 462,624, 468,625
;Spline 300,118, 303,96, 303,69
Line 470,594, 463,594, 463,585, 480,573

Opaque 80
PenColor FFFFFF
BrushColor FFFFFF
Polygon 513,760, 567,760, 567,799, 513,799
Opaque 100

PenColor 000000
Line 625,988, 625,1058
Line 443,1035, 485,1035, 485,1058
Line 564,1035, 522,1035, 522,1058
Line 485,1088, 522,1088
Line 443,1011, 485,1011, 485,988
Line 564,1011, 522,1011, 522,988
Line 522,958, 516,958, 516,938, 583,938, 583,850, 567,850, 567,757
Line 485,958, 491,958, 491,938, 465,938, 465,850, 513,850, 513,757
Stairs 562,1035, 562,1011, 524,1035
Stairs 445,1035, 445,1011, 483,1035
Stairs 513,802, 567,802, 513,848
Stairs 513,711, 567,711, 513,757

BrushColor d0d0d0
Polygon 567,709, 571,709, 571,757, 567,757
Polygon 513,709, 509,709, 509,757, 513,757

; кассы
BrushColor -1
Line 583,879, 591,879, 591,908, 583,908
AngleTextOut 90, Arial, 10, 581, 906, кассы
Line 485,1082, 509,1082, 509,1088
AngleTextOut 0, Arial, 6, 486, 1081, полиция

; турникеты
BrushColor -1
Polygon 517,977, 521,981, 517,985, 513,981
Line 503,963, 503,925, 516,912, 0.5
PenColor 009900
Stairs 513,975, 510,978, 504,965
PenColor FF0000
Stairs 499,963, 499,967, 485,963

; улицы
PenColor 000000
Line 152,833, 152,244
Line 273,244, 273,833
Line 141,247, 147,241, 278,241, 284,247

; подземные переходы
Line 471,259, 410,237, 429,186, 490,208
Stairs 437,189, 419,240, 483,206
Line 275,235, 328,235, 328,181, 275,181
Stairs 281,181, 281,235, 323,181
Line 393,24, 393,66, 420,66, 420,24
Stairs 420,30, 393,30, 420,59
PenColor D8D8D8
Line 429,186, 420,183, 420,66
Line 393,66, 393,181, 328,181
Line 410,237, 405,235, 328,235

; Названия улиц голубым
PenColor 00AFAF
BrushColor -1
AngleTextOut 90, Arial, 15, 193, 464, Арбатская площадь
AngleTextOut 90, Arial, 15, 209, 467, (Бульварное кольцо)
AngleTextOut 90, Arial, 15, 357, 356, Арбатская площадь
AngleTextOut 0, Arial, 15, 29, 124, улица Новый Арбат
AngleTextOut 20, Arial, 15, 21, 561, улица Арбат
AngleTextOut 0, Arial, 15, 526, 126, улица Воздвиженка
AngleTextOut -30, Arial, 15, 628, 881, улица Знаменка
AngleTextOut -20, Arial, 15, 658, 210, 'станция метро "Арбатская"'
AngleTextOut -20, Arial, 15, 653, 224, Арбатско-Покровской линии >>

PenColor D8F3F3
Line 419,212, 410,209, 328,209
PenColor 00AFAF
AngleTextOut 90, Arial, 15, 393, 614, к улице Арбат >>
Line 436,623, 414,618, 414,498, 507,244, 419,212
Arrow 328,209, 113,209, 113,499, 78,512


; стрелки
PenColor FF0000
Arrow 474,610, 456,608
Arrow 493,972, 493,959
Arrow 465,651, 448,646
PenColor 009900
Arrow 513,967, 502,978
Arrow 631,644, 616,649
Arrow 625,609, 609,611

;Здания беж
PenColor DFDFDF
BrushColor FEFBF1
Polygon 522,399, 861,522, 925,346, 586,223

; надписи на зданиях
PenColor 000000
BrushColor -1
AngleTextOut -20, Arial, 15, 643, 319, кинотеатр
AngleTextOut -20, Arial, 15, 618, 329, '"Художественный"'


Opaque 70
; "закрыто"
PenColor FFD0D0
BrushColor FFD0D0
Polygon 199,1038, 199,1009, 241,1009, 241,956, 282,956, 282,1009, 324,1009, 324,1038, 282,1038, 282,1090, 241,1090, 241,1038
PenColor FF4040

Opaque 100
PenColor FF4040
BrushColor -1
AngleTextOut 0, Arial, 15, 237, 1017, Закрыто
Dashed 199,1038, 199,1009, 241,1009, 241,956, 282,956, 282,1009, 324,1009, 324,1038, 282,1038, 282,1090, 241,1090, 241,1038, 199,1038
BrushColor 000000
