Size 500x990
Angle -90

; пути

BrushColor 046434
Polygon 112,297, 562,297, 562,327, 112,327
Polygon 112,407, 562,407, 562,437, 112,437

PenColor 046434
BrushColor -1
AngleTextOut 0, Arial, 20, 113, 273, << Павелецкая
AngleTextOut 0, Arial, 20, 424, 437, Коломенская >>
AngleTextOut 0, Arial, 25, 262, 355, Автозаводская, 1

;инфосос
PenColor 34349C
BrushColor 34349C
Polygon 177,386, 181,386, 181,387, 177,387
PenColor FF0000
BrushColor FF0000
Polygon 173,386, 177,386, 177,387, 173,387

;инфосос
PenColor 34349C
BrushColor 34349C
Polygon 346,357, 346,353, 347,353, 347,357
PenColor FF0000
BrushColor FF0000
Polygon 346,361, 346,357, 347,357, 347,361


; левый вестибюль

PenColor 000000
Line 134,387, 156,387, 156,393, 112,393, 112,407
Line 112,327, 112,341, 156,341, 156,347, 134,347
Line -134,512, -76,512, -76,425, -80,425, -80,308, -76,308, -76,250
Line -48,250, -48,309, -43,309, -43,313, -34,313, -34,309, 44,309, 44,345, 55,345, 55,347
Line -134,535, -48,535, -48,425, -43,425, -43,421, -34,421, -34,425, 44,425, 44,389, 55,389, 55,387
Stairs -76,252, -48,252, -76,290
Stairs -133,512, -133,535, -91,512
Stairs -34,337, 44,337, -34,346
Stairs -34,397, 44,397, -34,388

BrushColor D0D0D0
Polygon -43,336, -34,336, -34,398, -43,398

; эскалатор 3 гор
PenColor 7F7F7F
Stairs 127,384, 127,350, 56,384
PenColor 000000
BrushColor 9B5509
Polygon 134,350, 51,350, 51,347, 134,347
Polygon 134,358, 134,363, 51,363, 51,358
Polygon 134,371, 134,376, 51,376, 51,371
Polygon 134,384, 51,384, 51,387, 134,387

; кассы
BrushColor -1
Line 34,425, 34,398, 44,398
AngleTextOut 90, Arial, 10, 32, 424, кассы

; турникеты
BrushColor -1
Line 34,398, 22,386, 0.5
Polygon -8,359, -4,355, -8,351, -12,355
Line -8,313, -8,309, 0.5
Line -8,333, -8,351, 0.5
PenColor 009900
Stairs 21,387, 24,384, -5,361
PenColor FF0000
Stairs -10,333, -6,333, -10,312

; стрелки
PenColor FF0000
Arrow 10,323, -2,323
PenColor 009900
Arrow -12,378, -3,369


; правый вестибюль

PenColor 000000
Line 541,347, 517,347, 517,342, 562,342, 562,327
Line 541,387, 517,387, 517,393, 562,393, 562,407
Line 649,433, 660,433
Line 704,433, 725,433
Line 640,454, 648,462, 635,475
Line 667,507, 680,494, 694,508
Line 628,535, 633,540, 648,525
Line 606,513, 601,508, 616,493
Line 612,519, 622,529
Line 704,433, 704,410
Line 660,433, 660,409
Spline 616,493, 613,483, 617,474, 626,471, 635,475
Spline 648,525, 658,529, 667,525, 671,516, 667,507
Spline 640,454, 647,444, 649,433
Spline 694,508, 717,473, 725,433
Spline 704,410, 725,391, 732,361, 718,332, 688,317, 656,325, 638,347
Spline 639,387, 648,400, 660,409

; эскалатор 3 гор
PenColor 7F7F7F
Stairs 649,384, 649,350, 546,384
PenColor 000000
BrushColor 9B5509
Polygon 656,350, 541,350, 541,347, 656,347
Polygon 656,358, 656,363, 541,363, 541,358
Polygon 656,371, 656,376, 541,376, 541,371
Polygon 656,384, 541,384, 541,387, 656,387

; кассы
BrushColor -1
Line 725,433, 734,434, 731,462, 721,461
AngleTextOut 83, Arial, 10, 720, 459, кассы

; турникеты
BrushColor -1
Line 721,397, 700,376, 0.5
Polygon 684,391, 681,387, 677,390, 680,394
PenColor 009900
Stairs 701,378, 699,375, 687,388
PenColor FF0000
Stairs 676,396, 674,393, 659,408

; стрелки
PenColor FF0000
Arrow 622,502, 612,512
Arrow 663,381, 670,391
PenColor 009900
Arrow 629,529, 639,519
Arrow 702,397, 695,387

;инфосос
PenColor 34349C
BrushColor 34349C
Polygon 713,399, 710,402, 711,403, 714,400
PenColor FF0000
BrushColor FF0000
Polygon 716,396, 713,399, 714,400, 717,397


; Названия улиц голубым
PenColor 00AFAF
BrushColor -1
AngleTextOut 135, Arial, 15, 595, 582, Автозаводская улица
AngleTextOut -5, Arial, 15, 155, 465, улица Мастеркова
AngleTextOut 120, Arial, 15, -162, 734, улица Ленинская Слобода
