Size 550x1080
Angle 72

;Пути
BrushColor FC9C54
Polygon 65,612, 65,582, 515,582, 515,612
Polygon 515,502, 515,472, 65,472, 65,502

BrushColor -1
PenColor F7782E
AngleTextOut 0, Arial, 25, 192, 515, Бабушкинская, 1
AngleTextOut 0, Arial, 20, 68, 449, << Свиблово
AngleTextOut 0, Arial, 20, 377, 612, Медведково >>

; левый вестибюль
PenColor 000000
Line -77,447, -113,447, -113,480, -5,480, -5,518, 65,518, 65,502
Line -179,447, -143,447, -143,603, -5,603, -5,566, 65,566, 65,582
Line -179,426, -77,426
Stairs -145,426, -145,447, -179,426
Stairs -111,426, -111,447, -77,426

BrushColor d0d0d0
Polygon -103,513, -113,513, -113,570, -103,570

;эскалаторы
PenColor 7F7F7F
Stairs -1,519, -1,564, 64,521
PenColor 000000
BrushColor 9B5509
Polygon 65,532, -4,532, -4,537, 65,537
Polygon 65,547, -4,547, -4,552, 65,552
Polygon 65,518, -4,518, -4,522, 65,522
Polygon 65,562, -4,562, -4,566, 65,566

; кассы
BrushColor -1
Line -19,502, -5,502
Spline -45,480, -42,489, -32,498, -19,502
AngleTextOut 0, Arial, 10, -34, 482, кассы

; турникеты
Line -5,512, -65,512, 0.5
Polygon -67,520, -67,514, -61,514, -61,520
Line -101,565, -61,565, -5,537, 0.5
PenColor 009900
Stairs -66,524, -61,524, -66,562
PenColor FF0000
Stairs -66,570, -61,570, -66,600

; правый вестибюль
PenColor 000000
Line 627,447, 663,447, 663,480, 564,480, 564,512, 515,512, 515,502
Line 733,447, 697,447, 697,632, 733,632
Line 627,426, 733,426
Line 627,652, 733,652
Line 627,632, 663,632, 663,603, 564,603, 564,572, 515,572, 515,582
BrushColor d0d0d0
Polygon 663,513, 655,513, 655,570, 663,570
Stairs 517,512, 517,572, 564,512
Stairs 629,447, 629,426, 663,447
Stairs 661,652, 661,632, 627,652
Stairs 699,426, 699,447, 733,426
Stairs 731,632, 731,652, 697,632

; турникеты
BrushColor -1
Line 564,511, 595,511, 0.5
Polygon 625,568, 623,563, 618,565, 620,570
Line 620,570, 655,570, 0.5
PenColor 009900
Stairs 617,561, 622,559, 597,512

; кассы
PenColor 000000
BrushColor -1
Line 564,482, 551,482, 551,510, 564,510
AngleTextOut -90, Arial, 10, 564, 485, кассы


;стрелки
PenColor FF0000
Arrow 650,587, 668,587
Arrow 7,557, -4,557
Arrow -90,586, -108,586
PenColor 009900
Arrow 668,497, 650,497
Arrow -109,497, -91,497
Arrow -4,527, 7,527

;инфососы
PenColor 34349C
BrushColor 34349C
Polygon 582,574, 576,574, 576,572, 582,572
Polygon 275,554, 275,544, 273,544, 273,554
Polygon -56,483, -51,483, -51,485, -56,485
PenColor FF0000
BrushColor FF0000
Polygon 588,574, 582,574, 582,572, 588,572
Polygon 275,549, 275,554, 273,554, 273,549
Polygon -61,483, -56,483, -56,485, -61,485

;названия улиц синим
PenColor 00AFAF
BrushColor -1
AngleTextOut 0, Arial, 15, 717, 556, Енисейская улица
AngleTextOut 0, Arial, 15, -276, 556, Енисейская улица
AngleTextOut -90, Arial, 15, 362, 326, улица Менжинского
