Size 1150x730
Angle -20

;Здания беж
PenColor DFDFDF
BrushColor FEFBF1
Ellipse 129,596, 382,849
Polygon 969,246, 969,119, 1080,119, 1080,246

; Краснопресненская

; пути
PenColor 000000
BrushColor 9B5509
Polygon 219,583, 189,583, 189,133, 219,133
Polygon 329,583, 299,583, 299,133, 329,133

PenColor 9B5509
BrushColor -1
AngleTextOut 90, Arial, 15, 171, 581, << Киевская
AngleTextOut 90, Arial, 15, 329, 316, Белорусская >>
AngleTextOut 90, Arial, 25, 247, 493, Краснопресненская, 1

; верхний торец
PenColor 000000
Line 299,133, 279,133, 279,201
Line 274,152, 240,152, 240,245, 244,245, 244,250, 235,250, 235,133, 219,133
BrushColor C4C4C4

;инфосос
PenColor 34349C
BrushColor 34349C
Polygon 252,358, 256,358, 256,356, 252,356
PenColor FF0000
BrushColor FF0000
Polygon 248,358, 252,358, 252,356, 248,356

; нижний вестибюль
PenColor 000000
Line 299,583, 287,583, 287,512, 276,512, 276,548
Line 219,583, 228,583, 228,512, 236,512, 236,548
Line 267,790, 267,795
Spline 246,795, 257,796, 267,795
Line 246,795, 246,790
Spline 216,784, 190,753, 184,713, 201,674, 237,652
Spline 275,651, 312,674, 329,713, 323,753, 296,784
Line 216,784, 216,778
Line 296,784, 296,778
Spline 373,678, 380,738, 358,794, 314,833, 257,848, 196,833, 152,794, 130,738, 137,678
Line 373,678, 357,684, 358,687
Line 340,694, 339,691, 325,696
Line 188,696, 174,691, 173,694
Line 152,687, 153,684, 137,678

;BrushColor C4C4C4
;Polygon 345,710, 340,695, 332,680, 349,680, 355,686, 351,691, 351,710
;Polygon 376,706, 384,706, 384,681, 399,681, 399,711, 388,711, 388,709, 376,709
;Polygon 346,716, 352,716, 352,725, 344,725
;Polygon 376,727, 376,721, 399,721, 399,727
;Polygon 139,728, 139,721, 162,721, 162,728
;Polygon 196,727, 188,727, 188,717, 195,717
;Polygon 196,709, 189,709, 189,691, 183,685, 187,680, 205,680, 200,693, 197,702
;Polygon 162,709, 142,709, 142,681, 158,681, 158,686, 155,686, 155,704, 162,704

; эскалатор 3 верт
PenColor 7F7F7F
Stairs 239,682, 273,682, 239,552
PenColor 000000
BrushColor 9B5509
Polygon 236,688, 236,548, 239,548, 239,688
Polygon 247,688, 247,548, 252,548, 252,688
Polygon 260,688, 260,548, 265,548, 265,688
Polygon 273,688, 273,548, 276,548, 276,688

; кассы
BrushColor -1
Line 130,708, 121,708, 121,737, 130,737
AngleTextOut 90, Arial, 10, 118, 735, кассы

; турникеты
BrushColor -1
Line 260,688, 260,796, 0.5
Polygon 187,721, 187,728, 194,728, 194,721
PenColor 009900
Stairs 199,722, 199,727, 259,722

;стрелки
PenColor FF0000
Arrow 265,519, 265,541
Arrow 352,698, 346,681
Arrow 278,770, 278,801
PenColor 009900
Arrow 246,541, 246,519
Arrow 166,681, 160,698
Arrow 235,801, 235,771


; переход

Opaque 80
PenColor FFFFFF
BrushColor FFFFFF
Polygon 278,159, 330,159, 330,176, 278,176
Polygon 278,184, 330,184, 330,201, 278,201
Opaque 100

PenColor 000000
Line 371,154, 371,151, 335,151, 335,159, 274,159, 274,152
Line 274,184, 274,176, 335,176, 335,184, 274,184
Line 371,207, 371,210, 335,210, 335,201, 274,201, 274,245, 270,245, 270,250, 279,250, 279,201

Stairs 240,239, 274,239, 240,202
Stairs 277,201, 277,184, 295,201
Stairs 277,176, 277,159, 295,176

; турникеты
Line 335,180, 362,180, 0.5

;стрелки
Arrow 335,192, 318,192
Arrow 318,168, 335,168

; эскалатор 4 гор
PenColor 7F7F7F
Stairs 445,204, 445,157, 367,204
PenColor 000000
BrushColor 9B5509
Polygon 452,157, 362,157, 362,154, 452,154
Polygon 452,165, 452,170, 362,170, 362,165
Polygon 452,178, 452,183, 362,183, 362,178
Polygon 452,191, 452,196, 362,196, 362,191
Polygon 452,204, 362,204, 362,207, 452,207

; Баррикадная

PenColor 000000
BrushColor AC1CAC
Polygon 434,140, 434,110, 884,110, 884,140
Polygon 434,250, 434,220, 884,220, 884,250

BrushColor -1
PenColor AC1CAC
AngleTextOut 0, Arial, 15, 436, 90, << Улица 1905 года
AngleTextOut 0, Arial, 15, 788, 250, Пушкинская >>
AngleTextOut 0, Arial, 25, 576, 174, Баррикадная, 1

; левый торец
PenColor 000000
Line 434,220, 434,215, 498,215, 498,210, 443,210, 443,207
Line 434,140, 434,146, 498,146, 498,151, 443,151, 443,154

; правый торец
Line 884,220, 884,212, 823,212, 823,198, 843,198, 843,204, 875,204, 875,201
Line 875,161, 875,158, 843,158, 843,164, 823,164, 823,150, 884,150, 884,140

;инфосос
PenColor 34349C
BrushColor 34349C
Polygon 656,175, 656,171, 655,171, 655,175
PenColor FF0000
BrushColor FF0000
Polygon 656,179, 656,175, 655,175, 655,179

; вестибюль
PenColor 000000
Line 969,161, 969,119, 1080,119, 1080,153, 1071,153
Line 969,201, 969,237, 1027,237, 1027,246
Line 1054,246, 1054,237, 1080,237, 1080,179, 1070,179

; эскалатор 3 гор
PenColor 7F7F7F
Stairs 1013,198, 1013,164, 872,198
PenColor 000000
BrushColor 9B5509
Polygon 1020,164, 868,164, 868,161, 1020,161
Polygon 1020,172, 1020,177, 868,177, 868,172
Polygon 1020,185, 1020,190, 868,190, 868,185
Polygon 1020,198, 868,198, 868,201, 1020,201

; кассы
BrushColor -1
Line 1005,237, 1005,246, 977,246, 977,237
AngleTextOut 0, Arial, 10, 979, 234, кассы

; турникеты
BrushColor -1
Line 1020,187, 1080,187, 0.5
Polygon 1070,208, 1070,201, 1077,201, 1077,208
PenColor 009900
Stairs 1066,202, 1066,207, 1021,202

;стрелки
PenColor FF0000
Arrow 1050,166, 1087,166
PenColor 009900
Arrow 1041,258, 1041,221

;инфосос
PenColor 34349C
BrushColor 34349C
Polygon 1059,185, 1055,185, 1055,184, 1059,184
PenColor FF0000
BrushColor FF0000
Polygon 1063,185, 1059,185, 1059,184, 1063,184

;названия улиц голубым
PenColor 00AFAF
BrushColor -1
AngleTextOut 10, Arial, 15, 15, 438, улица Красная Пресня
AngleTextOut 110, Arial, 15, 534, 653, Конюшковская улица
AngleTextOut 105, Arial, 15, 445, 408, улица Большая Грузинская
AngleTextOut -20, Arial, 15, 919, 456, Баррикадная улица
PenColor 000000

; Выходы
Angle 20
PenColor FFD900
BrushColor 615F56
SpotRect 128, 697, 30, 30, ShowMessage Выход №1
SpotRect 1125, 375, 30, 30
BrushColor -1
TextOut Arial, 25, 136, 698, 1
TextOut Arial, 25, 1133, 376, 2
