Size 830x530

Angle 30

; пути

BrushColor 34349C
Polygon 376,239, 376,209, 826,209, 826,239
Polygon 376,349, 376,319, 826,319, 826,349

PenColor 34349C
BrushColor -1
AngleTextOut 0, Arial, 20, 378, 185, << Курская
AngleTextOut 0, Arial, 20, 646, 349, Электрозаводская >>
AngleTextOut 0, Arial, 25, 567, 263, Бауманская, 1


; левый вестибюль

PenColor 000000
Line 376,239, 376,250, 510,250, 510,261, 454,261
Line 454,299, 510,299, 510,310, 376,310, 376,319
Line 376,319, 376,310
Line 376,250, 376,239
Line 254,350, 254,353, 271,353, 271,309, 297,309, 297,299
Line 201,350, 201,353, 184,353, 184,326, 156,326, 156,359
Line 70,344, 68,349, 13,329, 29,285, 23,283, 28,269, 33,271
Line 49,229, 44,227, 48,215, 54,217, 70,172, 125,192, 123,198, 145,206, 158,206, 158,239, 184,239, 184,209, 271,209, 271,251, 297,251, 297,261
Line 39,256, 34,254, 39,241, 44,243
Spline 156,359, 112,355, 70,344
Line 218,350, 218,353, 237,353, 237,350

; эскалатор 4 гор
PenColor 7F7F7F
Stairs 295,264, 295,296, 450,264
PenColor 000000
BrushColor 9B5509
Polygon 289,261, 454,261, 454,264, 289,264
Polygon 289,269, 454,269, 454,273, 289,273
Polygon 289,278, 454,278, 454,282, 289,282
Polygon 289,287, 454,287, 454,291, 289,291
Polygon 289,296, 454,296, 454,299, 289,299

; кассы
BrushColor -1
Line 213,209, 213,201, 245,201, 245,208
AngleTextOut 0, Arial, 10, 217, 198, кассы

; турникеты
BrushColor -1
Line 269,251, 220,251, 0.5
Line 215,326, 186,326, 0.5
Polygon 217,320, 223,320, 223,326, 217,326
PenColor 009900
Stairs 218,316, 222,316, 218,251
PenColor FF0000
Stairs 227,321, 227,325, 269,321

; стрелки
PenColor FF0000
Arrow 268,290, 253,290, 253,310
Arrow 246,344, 246,354
Arrow 210,344, 210,354
PenColor 009900
Arrow 230,275, 247,275
Arrow 36,231, 58,239

;инфосос
PenColor 34349C
BrushColor 34349C
Polygon 165,242, 169,242, 169,243, 165,243
PenColor FF0000
BrushColor FF0000
Polygon 161,242, 165,242, 165,243, 161,243

; правый вестибюль

PenColor 000000
Line 826,239, 826,249, 756,249, 756,256, 764,256, 764,302, 756,302, 756,310, 826,310, 826,319

;инфосос
PenColor 34349C
BrushColor 34349C
Polygon 760,280, 760,276, 761,276, 761,280
PenColor FF0000
BrushColor FF0000
Polygon 760,284, 760,280, 761,280, 761,284

; Названия улиц голубым
PenColor 00AFAF
BrushColor -1
AngleTextOut -110, Arial, 15, 31, 152, ул.Бауманская


; Выходы
Angle -30
PenColor FFD900
BrushColor 615F56
SpotRect 172, 409, 30, 30, ShowMessage Выход №1
BrushColor -1
TextOut Arial, 25, 180, 410, 1
