Size 1420x880
Angle -10

; пути

BrushColor AC24AC
Polygon 344,330, 794,330, 794,360, 344,360
Polygon 344,440, 794,440, 794,470, 344,470

BrushColor -1
PenColor AC24AC
AngleTextOut 0, Arial, 20, 345, 308, << Полежаевская
AngleTextOut 0, Arial, 20, 621, 470, Улица 1905 года >>
AngleTextOut 0, Arial, 25, 467, 386, Беговая, 1

;левый вестибюль
PenColor 000000
Line 344,360, 344,365, 327,365, 327,368
Line 287,368, 287,365, 275,365, 275,324, 179,324, 179,329, 162,329, 162,281, 98,281
Line 98,304, 145,304, 145,329, 140,329, 140,470, 146,470, 146,527, 98,527
Line 98,549, 163,549, 163,470, 178,470, 178,475, 275,475, 275,432, 344,432, 344,440
Stairs 287,400, 287,432, 305,400
Stairs 312,400, 312,432, 330,400
Stairs 101,281, 101,304, 139,281
Stairs 101,527, 101,549, 139,527

BrushColor D0D0D0
Polygon 168,351, 179,351, 179,447, 168,447, 168,417, 161,417, 161,381, 168,381

; эскалатор 2 гор
PenColor 7F7F7F
Stairs 329,396, 329,372, 284,396
PenColor 000000
BrushColor 9B5509
Polygon 336,372, 279,372, 279,368, 336,368
Polygon 336,381, 336,387, 279,387, 279,381
Polygon 336,396, 279,396, 279,400, 336,400

;турникеты
PenColor 000000
BrushColor FFFFFF
Polygon 230,370, 231,375, 226,376, 225,371
Line 224,374, 179,374, 0.5
Line 243,436, 275,436, 0.5
Line 232,369, 250,369, 279,398, 0.5
PenColor 009900
Stairs 228,380, 232,379, 240,437

;кассы
PenColor 000000
BrushColor -1
Line 275,471, 285,471, 285,441, 275,441
AngleTextOut 90, Arial, 10, 273, 468, кассы

;стрелки
PenColor FF0000
Arrow 190,339, 163,339
PenColor 009900
Arrow 229,415, 247,410
Arrow 166,458, 193,458


;правый вестибюль
PenColor 000000
Line 1084,28, 1025,43, 1068,215, 1042,222, 1060,291, 1060,507, 1106,616, 1118,611
Line 794,360, 794,368, 875,368, 875,324, 967,324, 967,329, 984,329, 984,286, 940,108, 881,123, 868,72
Line 898,66, 901,78, 931,71, 914,6, 1007,-17, 1005,-25
Line 1029,-31, 1035,-5, 1012,1, 1015,11, 1074,-4
Line 794,440, 794,432, 814,432, 814,429
Line 857,429, 857,432, 876,432, 876,475, 968,475, 968,469, 988,469, 988,525, 1044,657
Line 1028,154, 1041,207
Stairs 817,368, 817,397, 835,368
Stairs 841,368, 841,397, 859,368
Stairs 1041,207, 969,225, 1034,181
Stairs 1037,40, 1029,8, 1082,28
Stairs 931,110, 922,74, 911,115
Stairs 871,82, 900,75, 868,72
Stairs 1060,507, 993,535, 1065,520

BrushColor D0D0D0
Polygon 968,351, 982,351, 982,448, 968,448

; эскалатор 2 гор
PenColor 7F7F7F
Stairs 859,425, 859,401, 809,425
PenColor 000000
BrushColor 9B5509
Polygon 866,401, 804,401, 804,397, 866,397
Polygon 866,410, 866,416, 804,416, 804,410
Polygon 866,425, 804,425, 804,429, 866,429


;турникеты
PenColor 000000
BrushColor FFFFFF
Polygon 920,430, 919,425, 924,424, 925,429
Line 926,426, 968,426, 0.5
Line 907,364, 875,364, 0.5
Line 918,431, 898,431, 866,399, 0.5
PenColor 009900
Stairs 922,420, 918,421, 910,363

;кассы
PenColor 000000
BrushColor -1
Line 875,329, 865,329, 865,359, 875,359
AngleTextOut 90, Arial, 10, 864, 357, кассы

;стрелки
PenColor FF0000
Arrow 960,459, 987,459
PenColor 009900
Arrow 921,385, 903,390
Arrow 984,340, 957,340


;инфососы
PenColor 34349C
BrushColor 34349C
Polygon 200,379, 200,377, 205,377, 205,379
Polygon 569,395, 571,395, 571,400, 569,400
PenColor FF0000
BrushColor FF0000
Polygon 205,379, 205,377, 210,377, 210,379
Polygon 569,400, 571,400, 571,405, 569,405


; ж/д

BrushColor -1
PenColor 000000
AngleTextOut 23, Arial, 25, 1121, 532, 'платформа "Беговая"'

PenColor E0E0E0
BrushColor E0E0E0
Polygon 1175,574, 1247,543, 1267,590, 1195,620
Polygon 1222,709, 1262,692, 1285,746, 1245,763

PenColor 000000
BrushColor D0D0D0
Polygon 1028,543, 1037,539, 1075,629, 1066,633
Polygon 1117,606, 1157,589, 1159,594, 1119,611
Polygon 1004,674, 1044,657, 1046,662, 1006,679
PenColor 000000

Line 1054,679, 1103,795, 1214,747
Line 1242,531, 1249,548
Line 1247,543, 1207,560
Line 1212,550, 1186,561
Line 1196,565, 1175,574, 1178,581
Line 1187,602, 1183,593
Line 1185,598, 1239,575, 1249,598
Line 1211,587, 1221,610
Line 1216,612, 1267,590, 1263,581
Line 1193,615, 1195,620
Line 1205,616, 1075,671, 1116,768, 1207,730
Line 1162,735, 1222,709, 0.5
Line 1202,732, 1197,720, 0.5
Line 1265,699, 1262,692, 1222,709, 1225,716
Line 1229,726, 1237,745
Line 1269,709, 1277,728
Line 1242,756, 1245,763, 1285,746, 1282,739
Line 1167,746, 1155,718, 1421,605, 1433,633, 1321,680, 1295,745, 1186,791, 1174,764

Stairs 1139,644, 1124,609, 1174,629
Stairs 1172,745, 1179,762, 1207,730
Stairs 1196,565, 1193,558, 1188,569
Stairs 1207,560, 1204,553, 1215,557
Stairs 1057,685, 1077,676, 1060,694

BrushColor -1
PenColor 000000
AngleTextOut 23, Arial, 10, 1215, 588, кассы
AngleTextOut 23, Arial, 15, 1142, 647, << Тестовская
AngleTextOut 23, Arial, 15, 1284, 665, Москва-Смоленская >>
AngleTextOut 23, Arial, 15, 1290, 676, (Белорусский вокзал)

; стрелки

PenColor FF0000
Arrow 1024,685, 1043,677
Arrow 1161,746, 1140,755
Arrow 1255,710, 1238,717
Arrow 1140,632, 1116,642
Arrow 1213,618, 1206,602, 1182,612

PenColor 009900
Arrow 837,382, 797,382
Arrow 1173,590, 1187,584
Arrow 1200,559, 1205,570
Arrow 1246,563, 1260,557
Arrow 1109,625, 1133,615
Arrow 1041,671, 1022,679
Arrow 1145,767, 1166,758
Arrow 1252,746, 1269,739

Opaque 80
PenColor FFFFFF
BrushColor FFFFFF
Polygon 1060,700, 1085,689, 1106,739, 1082,750
Polygon 1036,641, 1042,657, 1123,623, 1108,588, 1084,598, 1093,617
Opaque 100

Line 1092,617, 1084,598, 1366,479, 1398,554, 1136,665, 1129,648
Line 1119,611, 1124,623, 1044,657
Line 1097,617, 1096,615, 976,666, 992,705, 1054,679
Line 1117,606, 1110,609, 1111,611

Railway 10, 14, 4, 1028,719, 1410,557
Railway 10, 14, 4, 1040,747, 1422,585


;названия улиц голубым

PenColor 00AFAF
BrushColor -1
AngleTextOut 40, Arial, 15, 96, 209, 1-й Хорошевский проезд
AngleTextOut 0, Arial, 15, 0, 393, Хорошевское шоссе
AngleTextOut 0, Arial, 15, 1089, 394, Хорошевское шоссе
AngleTextOut 30, Arial, 15, 96, 611, улица Розанова
AngleTextOut 65, Arial, 15, 1208, 297, Бегова улица


Opaque 70
; "закрыто"
PenColor FFD0D0
BrushColor FFD0D0
Polygon 860,68, 879,142, 943,126, 924,52
Polygon 996,-29, 1006,10, 1042,1, 1032,-38
PenColor FF4040

Opaque 100
PenColor FF4040
BrushColor -1
;AngleTextOut 0, Arial, 15, 374, 134, Строится
Dashed 860,68, 879,142, 943,126, 924,52, 860,68
Dashed 996,-29, 1006,10, 1042,1, 1032,-38, 996,-29
BrushColor 000000

; Выходы
Angle 10
PenColor FFD900
BrushColor 615F56
SpotRect 82, 381, 30, 30, ShowMessage Выход №1
SpotRect 147, 141, 30, 30
SpotRect 1126, 29, 30, 30
SpotRect 1108, 684, 30, 30
SpotRect 1070, 628, 30, 30
SpotRect 1053, 850, 30, 30
BrushColor -1
TextOut Arial, 25, 90, 382, 1
TextOut Arial, 25, 155, 142, 2
TextOut Arial, 25, 1134, 30, 3
TextOut Arial, 25, 1116, 685, 4
TextOut Arial, 25, 1078, 629, 5
TextOut Arial, 25, 1061, 851, 6
