Size 1170x1080

Angle -45


;Здания беж
BrushColor FEFBF1
PenColor CCCCCC
Polygon 43,347, 43,815, 174,946, 427,946, 427,794, 236,794, 193,751, 193,347

PenColor 000000
AngleTextOut -45, Arial, 15, 122, 762, Белорусский вокзал


; Замоскворецкая

; пути

BrushColor 047C54
Polygon 664,428, 664,458, 214,458, 214,428
Polygon 664,318, 664,348, 214,348, 214,318

PenColor 047C54
BrushColor -1
AngleTextOut 0, Arial, 20, 531, 458, Маяковская >>
AngleTextOut 0, Arial, 20, 219, 293, << Динамо
AngleTextOut 0, Arial, 25, 392, 364, Белорусская, 1

;инфосос
PenColor 34349C
BrushColor 34349C
Polygon 574,388, 574,392, 573,392, 573,388
PenColor FF0000
BrushColor FF0000
Polygon 574,384, 574,388, 573,388, 573,384


; левый вестибюль

PenColor 000000
Line 214,348, 214,359, 332,359, 332,370, 281,370, 281,374
Line 281,403, 281,407, 332,407, 332,417, 214,417, 214,428
Line 188,462, 193,462, 193,437, 165,437, 165,423, 193,423, 193,403
Line 193,374, 193,347, 114,347, 114,351
Line 47,347, 43,347, 43,505, 193,505, 193,480, 188,480
Line 75,466, 75,347, 71,347
Line 75,347, 83,347, 83,351
Stairs 43,367, 75,367, 43,449

; эскалатор 3 гор
PenColor 7F7F7F
Stairs 283,400, 283,377, 158,400
PenColor 000000
BrushColor 9B5509
Polygon 290,377, 151,377, 151,374, 290,374
Polygon 290,382, 290,386, 151,386, 151,382
Polygon 290,391, 290,395, 151,395, 151,391
Polygon 290,400, 151,400, 151,403, 290,403

; кассы
BrushColor -1
Line 128,505, 128,513, 100,513, 100,505
AngleTextOut 0, Arial, 10, 102, 502, кассы

; турникеты
BrushColor -1
Polygon 115,436, 115,430, 121,430, 121,436
Line 151,384, 105,384, 75,405, 0.5
PenColor 009900
Stairs 125,435, 125,431, 163,435
Stairs 79,435, 79,431, 112,435

; стрелки
PenColor FF0000
Arrow 98,354, 98,341
PenColor 009900
Arrow 197,471, 181,471
Arrow 58,346, 58,361
Arrow 97,456, 97,442
Arrow 139,455, 139,441

;инфосос
PenColor 34349C
BrushColor 34349C
Polygon 78,455, 78,451, 79,451, 79,455
PenColor FF0000
BrushColor FF0000
Polygon 78,459, 78,455, 79,455, 79,459


; правый торец

PenColor 000000
Line 664,348, 664,362, 574,362, 574,372, 582,372, 582,405, 574,405, 574,415, 664,415, 664,428


; Кольцевая


; пути

PenColor 000000
BrushColor 9B5509
Polygon 740,760, 710,760, 710,310, 740,310
Polygon 850,760, 820,760, 820,310, 850,310

PenColor 543C04
BrushColor -1
AngleTextOut 90, Arial, 20, 680, 761, << Краснопресненская
AngleTextOut 90, Arial, 20, 850, 477, Новослободская >>
AngleTextOut 90, Arial, 25, 778, 603, Белорусская, 1

;инфосос
PenColor 34349C
BrushColor 34349C
Polygon 782,401, 786,401, 786,402, 782,402
PenColor FF0000
BrushColor FF0000
Polygon 778,401, 782,401, 782,402, 778,402


; левый вестибюль

;Здания беж
PenColor DFDFDF
BrushColor FEFBF1
Polygon 678,794, 841,794, 841,957, 678,957

PenColor D0D0D0
BrushColor D0D0D0
Polygon 841,864, 841,899, 828,886, 828,877, 841,864
Polygon 841,899, 817,923, 810,916, 799,916, 799,937, 803,937, 803,957, 841,957
Polygon 822,794, 822,845, 813,854, 806,854, 806,833, 794,821, 794,794
Polygon 765,794, 765,821, 753,833, 753,854, 748,854, 739,845, 719,865, 731,877, 731,886, 718,899, 742,923, 749,916, 759,916, 759,937, 742,937, 709,904, 709,794
Polygon 678,794, 685,794, 685,897, 678,904
Polygon 678,904, 678,957, 731,957, 712,938, 706,944, 686,924, 692,918

PenColor 000000
Line 841,794, 841,864, 828,877, 828,886, 841,899, 817,923, 810,916, 799,916, 799,937, 803,937, 803,957, 731,957, 678,904, 685,897, 685,794
Line 822,794, 822,845, 813,854, 806,854, 806,833, 794,821
Line 765,821, 753,833, 753,854, 748,854, 739,845, 719,865, 731,877, 731,886, 718,899, 742,923, 749,916, 759,916, 759,937, 742,937, 709,904, 709,794
Line 826,760, 809,760, 809,678, 798,678, 798,760, 794,760
Line 765,760, 761,760, 761,678, 750,678, 750,760, 740,760

; эскалатор 3 верт
PenColor 7F7F7F
Stairs 768,848, 791,848, 768,722
PenColor 000000
BrushColor 9B5509
Polygon 765,854, 765,718, 768,718, 768,854
Polygon 773,854, 773,718, 777,718, 777,854
Polygon 782,854, 782,718, 786,718, 786,854
Polygon 791,854, 791,718, 794,718, 794,854

; кассы
BrushColor -1
Line 692,918, 686,924, 706,944, 712,938
AngleTextOut -45, Arial, 10, 695, 918, кассы

; турникеты
BrushColor -1
Polygon 756,908, 756,914, 762,914, 762,908
Line 784,854, 799,879, 799,908, 0.5
PenColor 009900
Stairs 766,913, 766,909, 799,913

; стрелки
PenColor FF0000
Arrow 834,813, 834,797
PenColor 009900
Arrow 697,797, 697,812
Arrow 780,935, 780,922

;инфосос
PenColor 34349C
BrushColor 34349C
Polygon 831,898, 831,902, 832,902, 832,898
PenColor FF0000
BrushColor FF0000
Polygon 831,894, 831,898, 832,898, 832,894


; правый вестибюль

PenColor 000000
Line 820,310, 811,310, 811,355, 803,355, 803,274, 799,274
Line 799,203, 810,203, 810,159, 838,159, 838,-5, 650,-5, 650,-47
Line 628,-47, 628,57, 607,67
Line 616,86, 650,70, 650,35, 722,35, 722,159, 754,159, 754,203, 761,203
Line 761,274, 757,274, 757,354, 749,354, 749,310, 740,310
Stairs 618,85, 609,66, 635,77
Stairs 650,55, 628,55, 650,37
Stairs 650,-45, 628,-45, 650,-7
Stairs 722,59, 838,59, 722,52
Stairs 757,324, 803,324, 757,306

; эскалатор 4 верт
PenColor 7F7F7F
Stairs 764,280, 796,280, 764,191
PenColor 000000
BrushColor 9B5509
Polygon 761,286, 761,187, 764,187, 764,286
Polygon 769,286, 769,187, 773,187, 773,286
Polygon 778,286, 778,187, 782,187, 782,286
Polygon 787,286, 787,187, 791,187, 791,286
Polygon 796,286, 796,187, 799,187, 799,286

; кассы
BrushColor -1
Line 838,150, 810,150, 810,159
AngleTextOut 0, Arial, 10, 812, 148, кассы

; турникеты
BrushColor -1
Line 810,150, 810,129, 0.5
Polygon 783,98, 779,102, 775,98, 779,94
Line 733,98, 722,98, 0.5
Line 780,187, 780,144, 773,100, 0.5
PenColor 009900
Stairs 811,127, 808,130, 785,101
PenColor FF0000
Stairs 773,96, 773,100, 731,96

; стрелки
PenColor FF0000
Arrow 764,154, 764,138
PenColor 009900
Arrow 795,139, 795,155


; переход

Opaque 80
PenColor FFFFFF
BrushColor FFFFFF
Polygon 418,427, 440,427, 440,459, 418,459
Polygon 452,427, 472,427, 472,459, 452,459
Polygon 484,427, 504,427, 504,459, 484,459
Polygon 709,479, 741,479, 741,496, 709,496
Polygon 709,507, 741,507, 741,523, 709,523
Polygon 709,533, 741,533, 741,549, 709,549
Opaque 100

PenColor 000000
Line 764,479, 695,479, 695,475, 675,475, 647,494, 601,494, 601,499
Line 529,499, 529,494, 504,494, 504,404
Line 484,404, 484,494, 472,494, 472,404
Line 452,404, 452,494, 440,494, 440,404
Line 418,404, 418,494, 411,494, 411,533, 529,533, 529,528
Line 601,528, 601,533, 647,533, 675,553, 695,553, 695,549, 764,549
Line 764,533, 695,533, 695,523, 764,523
Line 764,507, 695,507, 695,496, 764,496
Arrow 680,541, 700,541
Arrow 700,487, 680,487
Arrow 494,515, 494,490
Arrow 428,490, 428,515
Stairs 762,549, 762,533, 732,549
Stairs 762,523, 762,507, 732,523
Stairs 762,496, 762,479, 732,496
Stairs 504,406, 484,406, 504,436
Stairs 472,406, 452,406, 472,436
Stairs 440,406, 418,406, 440,436

; эскалатор 3 гор
PenColor 7F7F7F
Stairs 603,525, 603,502, 525,525
PenColor 000000
BrushColor 9B5509
Polygon 610,502, 520,502, 520,499, 610,499
Polygon 610,507, 610,511, 520,511, 520,507
Polygon 610,516, 610,520, 520,520, 520,516
Polygon 610,525, 520,525, 520,528, 610,528


; Названия улиц голубым
PenColor 00AFAF
BrushColor -1
AngleTextOut 90, Arial, 15, 895, 971, улица Грузинский вал
AngleTextOut 0, Arial, 15, 455, 720, площадь Белорусского вокзала
AngleTextOut 115, Arial, 15, 530, 72, улица Бутырский вал
AngleTextOut 90, Arial, 15, 688, -45, Лесная улица

Angle 90


PenColor 040464
SpotRect -56, 365, 180, 15, LoadVec BelZ.vec
TextOut Arial, 12, -56, 365, Схема станции Москва-Смоленская, 5

; Выходы
Angle -45
PenColor FFD900
BrushColor 615F56
SpotRect 487, 827, 30, 30, ShowMessage Выход №1
SpotRect 904, 252, 30, 30
SpotRect 990, 126, 30, 30
SpotRect 401, 79, 30, 30
SpotRect 295, 1, 30, 30
BrushColor -1
TextOut Arial, 25, 495, 828, 1
TextOut Arial, 25, 912, 253, 2
TextOut Arial, 25, 998, 127, 3
TextOut Arial, 25, 409, 80, 4
TextOut Arial, 25, 303, 2, 5
