Size 880x700

Angle -45

;Пути
BrushColor 9CA4A4
Polygon 183,434, 183,404, 633,404, 633,434
Polygon 633,324, 633,294, 183,294, 183,324

BrushColor -1
PenColor 4C4C4C
AngleTextOut 0, Arial, 25, 342, 334, Бибирево, 1
AngleTextOut 0, Arial, 20, 186, 271, << Алтуфьево
AngleTextOut 0, Arial, 20, 533, 434, Отрадное >>

; левый вестибюль
PenColor 000000
Line -31,464, 5,464, 5,302, 134,302, 134,334, 183,334, 183,324
Line 71,464, 35,464, 35,425, 134,425, 134,394, 183,394, 183,404
Line -31,488, 71,488
Stairs 137,334, 137,394, 183,334
Stairs -29,488, -29,464, 5,488
Stairs 37,488, 37,464, 71,488

BrushColor D0D0D0
Polygon 45,335, 37,335, 37,392, 45,392

; кассы
BrushColor -1
Line 134,396, 147,396, 147,423, 134,423
AngleTextOut 90, Arial, 10, 134, 422, кассы

; турникеты
Line 134,395, 103,395, 0.5
Polygon 75,337, 77,342, 82,340, 80,335
Line 80,335, 45,335, 0.5
PenColor 009900
Stairs 78,346, 83,344, 102,396
PenColor FF0000
Stairs 80,306, 75,306, 80,332



; правый вестибюль
PenColor 000000
Line 750,232, 750,196, 786,196, 786,302, 687,302, 687,334, 633,334, 633,324
Line 725,134, 725,170, 624,170, 624,133
Line 750,134, 750,170, 816,170, 816,302, 828,302, 828,425, 687,425, 687,394, 633,394, 633,404
Line 599,233, 599,133
Line 725,232, 725,196, 624,196, 624,233
Stairs 624,231, 599,231, 624,198
Stairs 725,230, 750,230, 725,196
Stairs 624,135, 599,135, 624,168
Stairs 750,136, 725,136, 750,170
Stairs 684,364, 684,394, 636,364
Stairs 786,228, 816,228, 786,247

BrushColor D0D0D0
Polygon 786,335, 778,335, 778,392, 786,392

;эскалаторы
PenColor 7F7F7F
Stairs 682,337, 682,361, 635,337
PenColor 000000
BrushColor 9B5509
Polygon 634,346, 685,346, 685,352, 634,352
Polygon 634,361, 685,361, 685,364, 634,364
Polygon 633,334, 685,334, 685,337, 633,337

; турникеты
BrushColor -1
Line 687,395, 717,395, 0.5
Polygon 748,337, 746,342, 741,340, 743,335
Line 743,335, 778,335, 0.5
PenColor 009900
Stairs 739,343, 744,345, 714,394
PenColor FF0000
Stairs 748,306, 742,306, 748,333

; кассы
PenColor 000000
BrushColor -1
Line 687,396, 674,396, 674,423, 687,423
AngleTextOut 90, Arial, 10, 675, 422, кассы

;стрелки
PenColor FF0000
Arrow 769,319, 782,319
Arrow 83,316, 69,316
Arrow 674,342, 685,342
PenColor 009900
Arrow 782,410, 767,410
Arrow 84,367, 97,362
Arrow 698,378, 686,378

;инфососы
PenColor 34349C
BrushColor 34349C
Polygon 764,392, 769,392, 769,390, 764,390
Polygon 393,367, 393,362, 391,362, 391,367
Polygon 116,334, 121,334, 121,332, 116,332
PenColor FF0000
BrushColor FF0000
Polygon 759,392, 764,392, 764,390, 759,390
Polygon 393,372, 393,367, 391,367, 391,372
Polygon 111,334, 116,334, 116,332, 111,332

;названия улиц синим
PenColor 00AFAF
BrushColor -1
AngleTextOut 0, Arial, 15, 330, 13, улица Пришвина
AngleTextOut 0, Arial, 15, 330, 542, Костромская улица
AngleTextOut 90, Arial, 15, 670, 98, улица Плещеева
AngleTextOut 90, Arial, 15, 670, 592, Бибиревская улица
