Size 1570x1050

;;Angle 15
;Angle 8.9
;BrushColor 000000
;SpotCircle 1961, 540, 2178
;BrushColor CFFFFF
;SpotCircle 1960, 540, 2178
;Line 940,71, 540,2178, 539,55
;Line 854,57, 540,2178, 643,33
;Line 806,49, 540,2178, 589,43
;Line 890,64, 540,2178, 705,39

; перекресток
PenColor F5F5F5
BrushColor F5F5F5
Line 301,-18, 1314,254, 40
Line 1396,-3, 1108,1070, 20
Line 796,171, 652,1049, 20

; Арбатская

PenColor 000000
BrushColor 34349C
Polygon 319,262, 319,292, 769,292, 769,262
Polygon 319,372, 319,402, 769,402, 769,372

PenColor 34349C
BrushColor -1
AngleTextOut 0, Arial, 20, 322, 240, << Смоленская
AngleTextOut 0, Arial, 20, 586, 407, Площадь Революции >>
AngleTextOut 0, Arial, 25, 504, 314, Арбатская, 1

;инфосос
PenColor 34349C
BrushColor 34349C
Polygon 322,356, 322,360, 323,360, 323,356
PenColor FF0000
BrushColor FF0000
Polygon 322,352, 322,356, 323,356, 323,352

;инфосос
PenColor 34349C
BrushColor 34349C
Polygon 745,353, 745,357, 746,357, 746,353
PenColor FF0000
BrushColor FF0000
Polygon 745,349, 745,353, 746,353, 746,349

; Александровский сад

PenColor 2C7CAC
BrushColor 2C7CAC
Polygon 608,127, 721,130, 831,139, 935,153, 1049,175, 1043,204, 989,193, 940,184, 879,175, 826,169, 764,163, 706,159, 653,157, 608,157
Polygon 608,160, 716,163, 826,172, 937,187, 1042,207, 1036,237, 982,226, 934,217, 873,208, 815,201, 758,195, 704,192, 654,190, 608,190
PenColor 000000

Spline 608,127, 831,139, 1049,175
Spline 608,157, 826,169, 1043,204
Line 608,157, 608,127
Line 1049,175, 1043,204

Spline 608,160, 826,172, 1042,207
Spline 608,190, 815,201, 1036,237
Line 608,160, 608,190
Line 1042,207, 1036,237

;инфосос
PenColor 34349C
BrushColor 34349C
Polygon 852,218, 852,214, 853,214, 853,218
PenColor FF0000
BrushColor FF0000
Polygon 852,222, 852,218, 853,218, 853,222

.;инфосос
PenColor 34349C
BrushColor 34349C
Polygon 855,126, 859,126, 859,127, 855,127
PenColor FF0000
BrushColor FF0000
Polygon 851,126, 855,126, 855,127, 851,127

; Библиотека им.Ленина

PenColor 000000
BrushColor E41C0C
Polygon 1262,497, 1291,505, 1175,939, 1146,932
Polygon 1039,903, 1068,910, 1185,476, 1157,468

PenColor E41C0C
BrushColor -1
AngleTextOut 75, Arial, 20, 1020, 890, << Кропоткинская
AngleTextOut 75, Arial, 20, 1255, 641, Охотный ряд >>
AngleTextOut 75, Arial, 25, 1137, 829, Библиотека им.Ленина, 1


; Боровицкая

PenColor 000000
BrushColor 9CA4A4
Polygon 473,548, 503,548, 503,998, 473,998
Polygon 583,548, 613,548, 613,998, 583,998

PenColor 4C4C4C
BrushColor -1
AngleTextOut 90, Arial, 20, 613, 664, Чеховская >>
AngleTextOut 90, Arial, 20, 451, 993, << Полянка
AngleTextOut 90, Arial, 25, 527, 846, Боровицкая, 1

;инфосос
PenColor 34349C
BrushColor 34349C
Polygon 515,849, 515,845, 516,845, 516,849
PenColor FF0000
BrushColor FF0000
Polygon 515,853, 515,849, 516,849, 516,853

; вестибюль Арбатская

беж
PenColor DFDFDF
BrushColor FEFBF1
Polygon 15,225, 43,225, 43,275, 106,275, 106,308, 112,308, 112,356, 106,356, 106,388, 15,388

PenColor 000000
Line 319,292, 319,314, 224,314, 224,317
Line 319,372, 319,350, 224,350, 224,347
Line 40,225, 43,225
Line 15,225, 18,225
Line 26,225, 32,225

BrushColor D0D0D0
Polygon 43,356, 59,356, 62,362, 68,365, 68,368, 79,368, 79,353, 74,353, 70,351, 68,347, 68,316, 70,312, 74,310, 79,310, 79,295, 68,295, 68,298, 62,301, 59,307, 43,307, 43,317, 54,317, 54,347, 43,347
Polygon 26,238, 32,238, 32,265, 26,265
Polygon 15,225, 12,225, 12,391, 115,391, 115,347, 112,347, 112,356, 106,356, 106,388, 15,388
Polygon 43,225, 43,275, 106,275, 106,308, 112,308, 112,317, 115,317, 115,225

; эскалатор 3 гор
PenColor 7F7F7F
Stairs 226,345, 226,319, 111,345
PenColor 000000
BrushColor 9B5509
Polygon 233,319, 106,319, 106,317, 233,317
Polygon 233,325, 233,329, 106,329, 106,325
Polygon 233,335, 233,339, 106,339, 106,335
Polygon 233,345, 106,345, 106,347, 233,347

; кассы
BrushColor -1
Line 45,317, 45,347
AngleTextOut 90, Arial, 10, 43, 345, кассы

; турникеты
BrushColor -1
Polygon 45,386, 45,380, 51,380, 51,386
Line 106,337, 92,332, 68,332, 0.5
PenColor 009900
Stairs 46,376, 50,376, 46,359
PenColor FF0000
Stairs 46,303, 50,303, 46,278

; стрелки
PenColor FF0000
Arrow 74,285, 61,285
PenColor 009900
Arrow 27,356, 27,370, 40,370

;инфосос
PenColor 34349C
BrushColor 34349C
Polygon 18,330, 18,326, 19,326, 19,330
PenColor FF0000
BrushColor FF0000
Polygon 18,334, 18,330, 19,330, 19,334


; переход Арбатская - Боровицкая

Opaque 80
PenColor FFFFFF
BrushColor FFFFFF
Polygon 513,371, 527,371, 527,403, 513,403
Polygon 536,371, 550,371, 550,403, 536,403
Polygon 559,371, 573,371, 573,403, 559,403
Opaque 100

PenColor 000000
Line 563,507, 563,438, 573,415, 573,348
Line 513,348, 513,415, 523,438, 523,507
Line 559,348, 559,412, 550,429, 550,348
Line 536,348, 536,429, 527,412, 527,348
Line 503,548, 513,548, 513,610, 523,610, 523,602
Line 583,548, 572,548, 572,610, 563,610, 563,602
Stairs 513,378, 527,378, 513,348
Stairs 536,378, 550,378, 536,348
Stairs 559,378, 573,378, 559,348

; эскалатор 4 верт
PenColor 7F7F7F
Stairs 525,595, 561,595, 525,512
PenColor 000000
BrushColor 9B5509
Polygon 523,602, 523,507, 525,507, 525,602
Polygon 531,602, 531,507, 535,507, 535,602
Polygon 541,602, 541,507, 545,507, 545,602
Polygon 551,602, 551,507, 555,507, 555,602
Polygon 561,602, 561,507, 563,507, 563,602


; Вестибюль Боровицкой

;Здания беж
PenColor DFDFDF
BrushColor FEFBF1
Polygon 826,859, 797,964, 899,991, 906,966, 920,970, 934,916, 882,902, 890,876
PenColor 000000
Line 889,880, 890,876, 826,859, 797,964, 899,991, 906,966, 920,970, 922,963
Line 932,923, 934,916, 882,902, 883,898


; нижний ярус
PenColor 000000
Line 851,903, 826,896, 818,928, 843,934
Line 833,906, 849,910
Line 829,923, 845,927
Stairs 843,934, 851,903, 827,930

; эскалатор 2
PenColor 7F7F7F
Stairs 931,909, 935,894, 885,897
PenColor 000000
BrushColor 9B5509
Polygon 938,913, 879,897, 880,895, 939,911
Polygon 941,906, 882,890, 883,886, 942,902
Polygon 943,897, 884,881, 885,879, 944,895

; стрелки
PenColor FF0000
;Arrow 701,903, 675,896, 677,887, 706,895
Arrow 902,916, 917,920
PenColor 009900
;Arrow 697,917, 671,910, 674,900, 703,908
Arrow 907,956, 892,952

PenColor FFAAAA
Line 824,911, 851,918, 854,908, 850,907
Line 859,920, 851,918
PenColor FF0000
Arrow 850,907, 830,902, 828,909, 847,914, 866,919
Arrow 923,894, 912,891
PenColor AADDAA
Arrow 843,931, 847,932, 850,921, 839,918, 824,914
Arrow 850,921, 866,925
PenColor 009900
Line 852,925, 825,918, 823,926, 843,931

; верхний ярус
PenColor 000000
BrushColor D0D0D0
Polygon 925,934, 929,935, 925,950, 921,949

; переход на Боровицкую

Opaque 80
PenColor FFFFFF
BrushColor FFFFFF
Polygon 582,753, 614,753, 614,767, 582,767
Polygon 582,779, 614,779, 614,795, 582,795
Polygon 582,906, 614,906, 614,922, 582,922
Polygon 582,932, 614,932, 614,948, 582,948
Opaque 100

PenColor 000000
Line 572,948, 620,948, 620,959, 647,959, 647,892, 651,893, 653,886
Line 664,847, 666,839, 647,834, 647,741, 620,741, 620,753, 572,753
Line 572,767, 620,767, 620,779, 572,779
Line 572,795, 620,795, 620,906, 572,906
Line 572,922, 620,922, 620,932, 572,932
Line 583,998, 564,998, 564,966, 522,966, 522,998, 503,998
Line 620,856, 651,864, 0.5
Stairs 593,948, 593,932, 572,948
Stairs 593,922, 593,906, 572,922
Stairs 593,795, 593,779, 572,795
Stairs 593,767, 593,753, 572,767

; эскалатор 4 
PenColor 7F7F7F
Stairs 745,909, 755,872, 651,884
PenColor 000000
BrushColor 9B5509
Polygon 752,912, 645,883, 646,881, 753,910
Polygon 754,905, 648,876, 649,872, 755,901
Polygon 757,895, 651,866, 652,862, 758,891
Polygon 760,885, 653,856, 654,852, 761,881
Polygon 763,876, 656,847, 657,845, 764,874

; стрелки
PenColor FF0000
Arrow 594,914, 613,914
Arrow 594,940, 613,940
PenColor 009900
Arrow 613,759, 594,759
Arrow 613,787, 594,787

; кассы
PenColor 000000
BrushColor -1
Line 906,966, 898,964, 891,989
AngleTextOut 75, Arial, 10, 889, 988, кассы

; турникеты
BrushColor -1
Line 923,942, 890,933, 0.5
Polygon 890,931, 889,936, 884,935, 885,930
Line 880,959, 873,984, 0.5
PenColor 009900
Stairs 887,940, 883,939, 881,961
PenColor FF0000
Stairs 890,927, 886,926, 896,907

;инфосос
PenColor 34349C
BrushColor 34349C
Polygon 859,906, 860,902, 861,902, 860,906
PenColor FF0000
BrushColor FF0000
Polygon 858,910, 859,906, 860,906, 859,910

;инфосос
PenColor 34349C
BrushColor 34349C
Polygon 1109,988, 1105,987, 1105,988, 1109,989
PenColor FF0000
BrushColor FF0000
Polygon 1113,989, 1109,988, 1109,989, 1113,990

; Переход из Боровицкого вестибюля на Библиотеку

PenColor 000000
Line 1081,918, 1058,1005, 971,982, 977,959, 946,951, 962,892, 757,837, 748,870
Line 738,908, 727,949, 963,1012, 965,1004, 1105,1041, 1111,1019, 1108,1018, 1131,931
Line 1081,918, 1082,914, 1068,910
Line 1131,931, 1132,928, 1146,932
Line 968,994, 1080,1024, 1084,1009, 0.5
Stairs 1081,918, 1131,931, 1069,965

; стрелки
PenColor FF0000
Arrow 1099,913, 1094,933
PenColor 009900
Arrow 1110,938, 1115,918


; Переход с Библиотеки на Арбатскую через центр зала

Opaque 80
PenColor FFFFFF
BrushColor FFFFFF
Polygon 1113,629, 1110,640, 1141,648, 1144,637
Polygon 1107,652, 1104,662, 1135,670, 1137,660
Opaque 100

PenColor 000000
Line 1161,384, 1103,600, 1107,601
Line 1114,629, 1166,643, 1172,621
Spline 1104,612, 1105,623, 1114,629
Line 1104,612, 1107,601
Line 1191,626, 1170,704
Line 1151,699, 1157,677, 1094,660
Spline 1094,660, 1078,648, 1077,625
Line 1077,625, 1085,595, 1089,596, 1141,403
Line 1107,640, 1163,655, 1160,666, 1100,650
Spline 1092,615, 1094,631, 1107,640
Spline 1088,630, 1089,643, 1100,650
Line 1088,630, 1092,615
Stairs 1172,621, 1191,626, 1166,643
Stairs 1151,699, 1170,704, 1157,677

; стрелки
PenColor FF0000
Arrow 1102,578, 1112,541


; Переход с Библиотеки на Арбатскую через торец

PenColor 000000
Line 1219,370, 1285,388, 1263,470, 1251,467
Line 1252,460, 1244,492, 1262,497
Line 1185,476, 1203,481, 1212,449
Line 1210,456, 1200,453, 1215,398, 1211,397
Stairs 1252,460, 1212,449, 1244,492

;инфосос
PenColor 34349C
BrushColor 34349C
Polygon 1277,391, 1280,394, 1279,395, 1276,392
PenColor FF0000
BrushColor FF0000
Polygon 1274,388, 1277,391, 1276,392, 1273,389

; переход с Арбатской на Ал.сад и вестибюли Библиотеки

; эскалатор 3 гор
PenColor 7F7F7F
Stairs 949,345, 949,319, 755,345
PenColor 000000
BrushColor 9B5509
Polygon 956,319, 750,319, 750,317, 956,317
Polygon 956,325, 956,329, 750,329, 750,325
Polygon 956,335, 956,339, 750,339, 750,335
Polygon 956,345, 750,345, 750,347, 956,347

;Здания беж
PenColor DFDFDF
BrushColor FEFBF1
Polygon 809,251, 791,317, 865,337, 883,271

PenColor D0D0D0
Line 828,257, 823,276
Line 872,312, 860,309

Opaque 80
PenColor FFFFFF
BrushColor FFFFFF
Polygon 905,349, 891,316, 915,317, 929,350
Polygon 909,148, 941,153, 931,219, 899,214
Opaque 100

PenColor 000000
Line 769,372, 769,359, 750,359, 750,347
Line 769,292, 769,305, 750,305, 750,317
Line 608,190, 608,208
Line 608,128, 608,109
Spline 608,208, 702,210, 775,215
Spline 608,109, 733,113, 864,125
Line 775,215, 773,237, 829,252, 828,256
Line 872,312, 891,317, 920,385, 988,385, 988,356, 1013,356, 1013,344, 1109,370
Line 864,125, 869,93, 998,114, 993,145
Spline 993,145, 1060,159, 1125,175
Line 1125,175, 1100,274, 1114,304, 1104,340, 1116,343
Line 818,270, 863,282
Line 822,263, 826,264, 831,268, 854,274, 861,273, 865,274
Line 946,127, 929,234
Line 896,229, 913,121
Line 928,347, 915,317
;PenColor 077000
;Line 812,255, 813,252, 809,251, 799,312, 865,338, 883,271, 857,264, 856,267, 2
;Line 826,259, 827,256, 842,260, 842,263, 2
Stairs 1086,331, 1105,336, 1089,318
Stairs 883,110, 885,96, 914,115
Stairs 978,125, 980,111, 947,120
Stairs 1100,188, 1105,170, 1075,182
Stairs 932,239, 928,262, 956,243
Stairs 992,247, 987,274, 976,243
Stairs 893,321, 913,313, 913,368
Stairs 1036,237, 1032,255, 1046,239
Stairs 942,368, 942,385, 961,368
Stairs 820,314, 841,320, 823,301
Stairs 816,311, 813,322, 808,309
Stairs 846,319, 843,330, 856,322
Stairs 797,243, 803,221, 822,250

PenColor 000000
BrushColor D0D0D0
Polygon 876,242, 805,223, 795,221, 795,217, 896,229, 895,236
Polygon 913,121, 914,115, 883,110, 882,116
Polygon 947,120, 946,127, 977,132, 978,125
Polygon 975,243, 1043,257, 1040,274, 1055,278, 1062,284, 1064,293, 1055,327, 1013,316, 1013,307, 1001,307, 1011,254, 974,247
Polygon 1049,175, 1103,188, 1081,275, 1095,305, 1087,335, 1071,331, 1081,295, 1080,285, 1076,276, 1070,269, 1061,264, 1057,263, 1061,243, 1036,237
Polygon 1144,299, 1148,300, 1152,285, 1178,292, 1174,307, 1178,308, 1183,290, 1149,281
Polygon 1137,324, 1141,325, 1136,344, 1163,351, 1168,332, 1172,333, 1166,356, 1131,347
Polygon 1124,374, 1147,380, 1145,388, 1122,382
Polygon 1191,391, 1194,392, 1190,407, 1187,406
Polygon 929,234, 961,240, 960,244, 928,238
Polygon 896,272, 922,261, 988,274, 982,307, 945,307, 945,317, 915,317
Polygon 928,347, 937,368, 967,368, 967,356, 945,356, 945,347
Polygon 853,266, 854,263, 883,271, 865,337, 791,317, 809,251, 816,253, 815,256, 811,255, 795,315, 863,333, 879,273
Polygon 824,299, 820,314, 805,310, 818,262, 822,263, 820,270, 863,282, 865,274, 869,275, 856,324, 841,320, 845,305, 856,308, 862,286, 819,274, 813,296
Polygon 824,255, 846,261, 845,264, 823,258

; стрелки
PenColor FF0000
Arrow 836,280, 825,320, 800,313, 814,261, 821,253
Arrow 1070,304, 1066,319
Arrow 1102,312, 1098,327
Arrow 845,246, 842,257
PenColor 009900
Arrow 851,260, 849,267, 874,274, 859,329, 834,322, 840,301, 850,295

PenColor 000000
BrushColor -1
AngleTextOut -2, Arial, 20, 618, 163, << Арбатская
AngleTextOut -7, Arial, 25, 733, 143, Александровский сад, 1
PenColor FFFFFF
AngleTextOut -2, Arial, 20, 617, 161, << Арбатская
AngleTextOut -7, Arial, 25, 731, 141, Александровский сад, 1
PenColor 2C7CAC
AngleTextOut -3, Arial, 15, 612, 188, << в сторону Кунцевской
AngleTextOut -3, Arial, 15, 611, 107, << в сторону Международной

; кассы
PenColor 000000
BrushColor -1
Line 823,276, 817,297
AngleTextOut 75, Arial, 8, 811, 292, касса
AngleTextOut -15, Arial, 8, 834, 266, кассы

AngleTextOut -15, Arial, 2.5, 847, 261, вход
AngleTextOut -15, Arial, 2.5, 817, 253, выход


; турникеты
BrushColor -1
Polygon 841,283, 840,287, 844,288, 845,284
PenColor 009900
Stairs 854,293, 858,294, 851,304
Stairs 848,289, 849,285, 856,291
PenColor FF0000
Stairs 836,286, 837,282, 823,282

;инфосос
PenColor 34349C
BrushColor 34349C
Polygon 885,312, 881,311, 881,312, 885,313
PenColor FF0000
BrushColor FF0000
Polygon 889,313, 885,312, 885,313, 889,314

; подземные переходы справа

беж
PenColor DFDFDF
BrushColor FEFBF1
Polygon 1266,208, 1273,181, 1284,184, 1291,176, 1325,185, 1317,215, 1315,218, 1313,219, 1310,219.5, 1307,219

PenColor 000000
Line 1465,421, 1469,422, 1487,357, 1410,336, 1412,329, 1242,283, 1204,422, 1170,413, 1177,388, 1161,384
Line 1194,392, 1208,342, 1204,341, 1199,361, 1197,361
Line 1141,403, 1108,394, 1104,388, 1136,269, 1146,263, 1194,276, 1200,286, 1193,312
Line 1178,308, 1201,314, 1212,273, 1189,267
Line 1194,248, 1217,254, 1232,198, 1225,196, 1232,170, 1284,184, 1291,176, 1325,185, 1324,189
Line 1131,347, 1124,374
Line 1186,337, 1180,360, 1201,366
Line 1322,197, 1319,208
Line 1281,212, 1255,205, 1242,254, 1424,303, 1442,234
Line 1289,214, 1300,217
Spline 1307,219, 1313,219, 1317,215
Line 1456,238, 1436,313, 1495,329, 1502,303
Line 1507,373, 1503,372, 1484,443, 1461,437
Line 1187,359, 1185,358, 1190,338, 1172,333
Stairs 1177,390, 1190,393, 1173,403
Stairs 1153,282, 1157,266, 1179,289
Stairs 1123,382, 1119,397, 1136,386
Stairs 1338,309, 1345,282, 1348,312
Stairs 1356,314, 1363,287, 1366,317
Stairs 1375,319, 1382,292, 1385,322
Stairs 1432,342, 1440,314, 1443,345
Stairs 1447,346, 1455,318, 1458,349
Stairs 1442,234, 1456,238, 1433,268
Stairs 1255,205, 1262,178, 1264,207
Stairs 1223,232, 1246,238, 1226,222
Stairs 1197,249, 1192,268, 1213,253
Stairs 1144,299, 1129,295, 1149,281
Stairs 1132,343, 1118,339, 1136,326
Stairs 1190,341, 1203,344, 1186,355
Stairs 1207,410, 1190,406, 1211,396
Stairs 1502,374, 1484,369, 1488,425

; стрелки
PenColor FF0000
Arrow 1198,412, 1203,394
Arrow 1195,337, 1190,355
Arrow 1181,392, 1177,408
;Dashed 1019,276, 1273,276
PenColor 009900
Line 1191,291, 1186,309
Arrow 1179,335, 1171,365
Arrow 1117,389, 1143,396
Arrow 1196,356, 1201,338
Arrow 1131,319, 1123,349
Arrow 1158,274, 1181,280
Arrow 1179,321, 1160,316
;Dashed 1169,237, 950,237
;Dashed 1221,119, 1221,96, 996,96, 996,178

; кассы
PenColor 000000
BrushColor -1
Line 1139,335, 1165,342
AngleTextOut -15, Arial, 10, 1140, 333, кассы

; турникеты
BrushColor -1
Polygon 1148,310, 1152,311, 1151,315, 1147,314
PenColor 009900
Stairs 1149,306, 1153,307, 1154,287
Stairs 1146,318, 1150,319, 1142,333
PenColor FF0000
Stairs 1209,347, 1208,351, 1222,350

;Здания беж
PenColor FEFBF1
BrushColor FEFBF1
Polygon 1496,3, 1428,257, 1351,236, 1413,3
PenColor BBBBBB
Line 1496,3, 1428,257, 1351,236, 1413,3

; Названия зданий 
PenColor 000000
BrushColor -1
AngleTextOut 75, Arial, 15, 1408, 141, Манеж

; Названия улиц голубым
PenColor 00AFAF
BrushColor -1
AngleTextOut 75, Arial, 15, 1513, 460, Александровский сад
AngleTextOut -15, Arial, 15, 465, 18, улица Воздвиженка
AngleTextOut 0, Arial, 15, 12, 171, '<< кинотеатр "Художественный"'
AngleTextOut 0, Arial, 15, 12, 188, << улица Арбат
AngleTextOut 75, Arial, 15, 946, 615, Российская
AngleTextOut 75, Arial, 15, 960, 619, Государственная
AngleTextOut 75, Arial, 15, 975, 623, библиотека
AngleTextOut 75, Arial, 15, 1320, 244, Моховая улица
AngleTextOut 75, Arial, 15, 1107, 1044, Моховая улица
AngleTextOut 81, Arial, 15, 697, 711, Староваганьковский пер.
AngleTextOut 75, Arial, 15, 1416, 483, Манежная улица

PenColor 000000
AngleTextOut -15, Arial, 8, 831, 862, верхний ярус
AngleTextOut -15, Arial, 8, 764, 842, нижний ярус
AngleTextOut 75, Arial, 7, 786, 308, вестибюль
