Size 920x1100
Angle 60

; Бульвар Дмитрия Донского

; пути
BrushColor 9CA4A4
Polygon 232,723, 232,693, 682,693, 682,723
Polygon 232,583, 232,613, 682,613, 682,583
PenColor 000000

PenColor 4C4C4C
BrushColor -1
AngleTextOut 0, Arial, 20, 588, 723, Аннино >>
AngleTextOut 0, Arial, 20, 586, 559, Аннино >>
AngleTextOut 0, Arial, 25, 316, 660, Бульвар Дмитрия Донского, 1

;инфосос
PenColor 34349C
BrushColor 34349C
Polygon 415,653, 415,657, 414,657, 414,653
PenColor FF0000
BrushColor FF0000
Polygon 415,649, 415,653, 414,653, 414,649



; северный вестибюль

PenColor 000000
Line 540,536, 792,536, 792,453, 742,453
Line 742,435, 792,435, 792,302, 724,302
Line 724,284, 866,284
Line 866,302, 816,302, 816,536, 821,536, 821,765, 816,765, 816,788, 821,788, 821,810, 871,810
Line 871,828, 737,828
Line 737,810, 787,810, 787,788, 792,788, 792,765, 540,765
Stairs 739,810, 739,828, 785,810
Stairs 869,810, 869,828, 823,810
Stairs 744,453, 744,435, 790,453
Stairs 726,302, 726,284, 772,302
Stairs 864,302, 864,284, 818,302

BrushColor D0D0D0
Polygon 755,635, 755,670, 769,670, 769,673, 787,673, 787,632, 770,632, 770,635

; турникеты
BrushColor FFFFFF
Line 742,635, 755,635, 0.5
Polygon 742,635, 742,642, 735,642, 735,635
PenColor 009900
Stairs 741,646, 736,646, 741,764
PenColor FF0000
Stairs 741,631, 736,631, 741,537

; кассы
PenColor 000000
BrushColor FFFFFF
Polygon 755,637, 763,637, 763,668, 755,668
BrushColor -1
AngleTextOut -90, Arial, 10, 766, 640, кассы

;стрелки
PenColor FF0000
Arrow 772,587, 786,587
PenColor 009900
Arrow 786,719, 772,719

;инфосос
PenColor 34349C
BrushColor 34349C
Polygon 724,540, 728,540, 728,541, 724,541
PenColor FF0000
BrushColor FF0000
Polygon 720,540, 724,540, 724,541, 720,541


; южный вестибюль

PenColor 000000
Line 225,794, 202,794, 202,801, 104,801, 104,869, 154,869
Line 154,887, 30,887
Line 30,869, 80,869, 80,801, 74,801, 74,502, 80,502, 80,302, 30,302
Line 30,284, 177,284
Line 177,302, 104,302, 104,438, 176,438
Line 176,456, 104,456, 104,502, 110,502
Line 135,502, 203,502, 203,507, 225,507
Stairs 80,803, 104,803, 80,817
Stairs 152,869, 152,887, 106,869
Stairs 32,869, 32,887, 78,869
Stairs 174,456, 174,438, 128,456
Stairs 32,302, 32,284, 78,302
Stairs 175,302, 175,284, 128,302

BrushColor D0D0D0
Polygon 110,801, 110,753, 124,753, 128,757, 128,794, 135,801
Polygon 110,502, 110,553, 124,553, 128,549, 128,509, 135,502
Polygon 110,565, 128,565, 128,613, 110,613
Polygon 110,625, 128,625, 128,683, 110,683
Polygon 128,695, 128,741, 110,741, 110,695

Polygon 682,669, 712,669, 712,731, 540,731, 540,723, 682,723
Polygon 712,636, 682,636, 682,583, 540,583, 540,575, 712,575
Polygon 490,723, 490,731, 202,731, 202,664, 232,664, 232,723
Polygon 490,575, 490,583, 232,583, 232,641, 202,641, 202,575
Polygon 490,527, 490,536, 203,536, 203,527
Polygon 490,765, 490,774, 202,774, 202,765


; турникеты
BrushColor FFFFFF
Polygon 165,600, 165,607, 158,607, 158,600
PenColor 009900
Stairs 164,611, 159,611, 164,713
PenColor FF0000
Stairs 164,596, 159,596, 164,504
Stairs 164,715, 159,715, 164,801

; кассы
PenColor 000000
BrushColor FFFFFF
Polygon 128,638, 120,638, 120,669, 128,669
BrushColor -1
AngleTextOut -90, Arial, 10, 131, 641, кассы

;стрелки
PenColor FF0000
Arrow 112,747, 92,747
Arrow 112,559, 92,559
PenColor 009900
Arrow 92,689, 112,689
Arrow 92,619, 112,619

;инфосос
PenColor 34349C
BrushColor 34349C
Polygon 195,729, 191,729, 191,730, 195,730
PenColor FF0000
BrushColor FF0000
Polygon 199,729, 195,729, 195,730, 199,730


; Улица Старокачаловская

; пути

PenColor 000000
BrushColor 8CBCFC
Polygon 490,794, 490,824, 225,824, 225,794
Polygon 490,477, 490,507, 225,507, 225,477

PenColor 2D69FC
BrushColor -1
AngleTextOut 0, Arial, 25, 224, 396, Улица Старокачаловская
AngleTextOut 0, Arial, 20, 227, 454, << Улица Скобелевская
AngleTextOut 0, Arial, 20, 342, 824, Лесопарковая >>

; переходы

Opaque 80
PenColor FFFFFF
BrushColor FFFFFF
Polygon 540,582, 540,614, 490,614, 490,582
Polygon 540,692, 540,724, 490,724, 490,692
Opaque 100

Line 490,794, 490,790, 460,790
Line 490,507, 490,511, 460,511
Line 203,507, 203,511, 233,511
Line 202,794, 202,790, 232,790
Line 490,477, 577,477, 577,527, 540,527, 540,536
Line 540,765, 540,774, 577,774, 577,824, 490,824

Line 682,693, 682,669, 712,669, 712,731, 540,731, 540,662, 570,662
Line 682,613, 682,636, 712,636, 712,575, 540,575, 540,643, 570,643
;Line 544,311, 544,481, 537,481, 537,452
;Line 511,311, 511,481, 518,481, 518,452
Line 490,765, 490,774, 202,774, 202,765, 490,765
Line 490,527, 490,536, 203,536, 203,527, 490,527
Line 232,613, 232,641, 202,641, 202,575, 490,575, 490,643, 461,643
Line 461,662, 490,662, 490,731, 202,731, 202,664, 232,664, 232,693

Stairs 710,669, 710,636, 684,669
Stairs 568,662, 568,643, 542,662
Stairs 462,511, 462,527, 488,511
Stairs 463,643, 463,662, 488,643
Stairs 462,790, 462,774, 488,790
Stairs 230,790, 230,774, 204,790
Stairs 231,511, 231,527, 205,511
Stairs 230,664, 230,641, 204,664


BrushColor D0D0D0
Polygon 509,636, 509,670, 522,670, 522,636
Polygon 550,824, 550,814, 546,814, 546,810, 540,804, 520,824
Polygon 551,477, 551,485, 547,485, 547,489, 541,495, 523,477

Arrow 503,766, 503,788
Arrow 527,787, 527,766
Arrow 528,560, 528,580
Arrow 503,580, 503,560

;инфосос
PenColor 34349C
BrushColor 34349C
Polygon 410,523, 406,523, 406,524, 410,524
PenColor FF0000
BrushColor FF0000
Polygon 414,523, 410,523, 410,524, 414,524

;инфосос
PenColor 34349C
BrushColor 34349C
Polygon 404,777, 408,777, 408,778, 404,778
PenColor FF0000
BrushColor FF0000
Polygon 400,777, 404,777, 404,778, 400,778


; Названия улиц голубым
PenColor 00AFAF
BrushColor -1
AngleTextOut -90, Arial, 15, 918, 234, ул. Знаменские Садки
AngleTextOut -90, Arial, 15, 917, 671, ул. Старокачаловская
AngleTextOut -90, Arial, 15, -146, 500, ул. Грина
AngleTextOut 0, Arial, 15, 591, 360, Бульвар Дмитрия Донского
AngleTextOut 0, Arial, 15, -107, 364, Бульвар Дмитрия Донского
PenColor 000000

; оборотные стрелки

PenColor FFFFFF
Line 634,589, 607,589
Spline 607,589, 600,593, 600,602, 607,606
Arrow 607,606, 634,606

Line 635,700, 608,700
Spline 608,700, 601,704, 601,713, 608,717
Arrow 608,717, 635,717

