Size 960x950
Angle 30

;Пути
BrushColor 84BC54
Polygon 709,403, 259,403, 259,373, 709,373
Polygon 709,293, 259,293, 259,263, 709,263

BrushColor -1
PenColor 5C9F2E
AngleTextOut 0, Arial, 25, 399, 322, Братиславская, 1
AngleTextOut 0, Arial, 20, 270, 236, << Марьино
AngleTextOut 0, Arial, 20, 596, 404, Люблино >>

;инфосос
PenColor 34349C
BrushColor 34349C
Polygon 454,326, 454,330, 455,330, 455,326
PenColor FF0000
BrushColor FF0000
Polygon 454,322, 454,326, 455,326, 455,322


; правый вестибюль

PenColor 000000
Line 941,620, 816,620
Line 941,595, 894,595, 894,403, 903,403, 903,263, 762,263, 762,305, 709,305, 709,293
Line 709,373, 709,363, 762,363, 762,403, 863,403, 863,444, 834,444, 834,422, 757,422
Line 757,447, 802,447, 802,453, 816,453, 816,469, 863,469, 863,594, 816,594
Stairs 939,595, 939,620, 901,595
Stairs 818,594, 818,620, 856,594
Stairs 759,422, 759,447, 797,422
Stairs 758,305, 758,363, 711,305

BrushColor D0D0D0
Polygon 869,306, 853,306, 853,362, 869,362

; кассы
BrushColor -1
Line 853,306, 847,306
Line 827,340, 827,362, 853,362
Spline 827,340, 839,332, 847,306
AngleTextOut -90, Arial, 10, 854, 327, кассы

; турникеты
Line 811,263, 811,273
Polygon 814,325, 808,325, 808,331, 814,331
Line 811,394, 811,403
PenColor 009900
Stairs 813,273, 809,273, 813,322
PenColor FF0000
Stairs 813,335, 809,335, 813,395

;инфосос
PenColor 34349C
BrushColor 34349C
Polygon 766,369, 766,365, 767,365, 767,369
PenColor FF0000
BrushColor FF0000
Polygon 766,373, 766,369, 767,369, 767,373


; левый вестибюль
PenColor 000000
Line 259,293, 259,305, 209,305, 209,263, 68,263, 68,403, 76,403, 76,432, 82,432, 82,594, -34,594
Line -34,619, 160,619
Line 160,594, 108,594, 108,469, 154,469, 154,453, 168,453, 168,447, 210,447
Line 210,422, 137,422, 137,444, 108,444, 108,403, 209,403, 209,361, 259,361, 259,373
Stairs 211,305, 211,361, 257,305
Stairs 208,422, 208,447, 170,422
Stairs 158,594, 158,619, 120,594
Stairs -32,594, -32,619, 6,594

BrushColor D0D0D0
Polygon 123,306, 123,361, 107,361, 107,306

; кассы
BrushColor -1
Line 123,306, 149,306, 149,329
Line 129,361, 123,361
Spline 149,329, 136,338, 129,361
AngleTextOut -90, Arial, 10, 136, 314, кассы

; турникеты
Line 169,403, 169,397
Polygon 166,338, 172,338, 172,332, 166,332
Line 169,268, 169,263
PenColor 009900
Stairs 167,397, 171,397, 167,341
PenColor FF0000
Stairs 167,328, 171,328, 167,267

;инфосос
PenColor 34349C
BrushColor 34349C
Polygon 205,298, 205,302, 206,302, 206,298
PenColor FF0000
BrushColor FF0000
Polygon 205,294, 205,298, 206,298, 206,294


;Улицы голубым
PenColor 00AFAF
BrushColor -1
AngleTextOut 0, Arial, 15, 428, 519, ул.Перерва
AngleTextOut 0, Arial, 15, 422, 219, ТЦ БУМ
AngleTextOut 0, Arial, 15, 907, 223, 'к/т "Солярис"'
AngleTextOut -90, Arial, 15, 72, 636, Мячковский бульвар
AngleTextOut -30, Arial, 15, 20, 330, << Ашан

; стрелки
PenColor FF0000
Arrow 139,286, 122,286
Arrow 835,381, 852,381
PenColor 009900
Arrow 121,380, 139,380
Arrow 851,288, 835,288

