Size 930x930

Angle -45

;Пути
BrushColor 84BC54
Polygon 234,393, 684,393, 684,423, 234,423
Polygon 234,503, 684,503, 684,533, 234,533

BrushColor -1
PenColor 5C9F2E
AngleTextOut 0, Arial, 25, 401, 430, Бутырская, 1
AngleTextOut 0, Arial, 20, 235, 369, << Фонвизинская
AngleTextOut 0, Arial, 20, 530, 533, Марьина Роща >>

;инфосос
PenColor 34349C
BrushColor 34349C
Polygon 464,465, 464,461, 465,461, 465,465
PenColor FF0000
BrushColor FF0000
Polygon 464,469, 464,465, 465,465, 465,469

; эскалатор 4
PenColor 7F7F7F
Stairs 83,442, 83,485, 305,442
PenColor 000000
BrushColor 9B5509
Polygon 76,438, 310,438, 310,442, 76,442
Polygon 76,449, 310,449, 310,454, 76,454
Polygon 76,461, 310,461, 310,466, 76,466
Polygon 76,473, 310,473, 310,478, 76,478
Polygon 76,485, 310,485, 310,489, 76,489

; эскалаторы 3
PenColor 7F7F7F
Stairs 615,448, 615,479, 838,448
PenColor 000000
BrushColor 9B5509
Polygon 608,444, 843,444, 843,448, 608,448
Polygon 608,455, 843,455, 843,460, 608,460
Polygon 608,467, 843,467, 843,472, 608,472
Polygon 608,479, 843,479, 843,483, 608,483

; правый вестибюль
Opaque 80
PenColor FFFFFF
BrushColor FFFFFF
Polygon 749,393, 802,393, 802,444, 796,448, 793,454, 791,461, 792,468, 793,474, 797,480, 802,483, 802,533, 749,533
Opaque 100

BrushColor D0D0D0
PenColor D0D0D0
Polygon 724,393, 749,393, 749,533, 724,533
Polygon 989,393, 989,533, 965,533, 965,516, 965,503, 963,488, 961,474, 957,461, 953,449, 946,436, 939,428, 930,419, 919,412, 904,404, 890,399, 865,393

BrushColor FFFFFF
PenColor FFFFFF
Polygon 749,445, 749,481, 735,481, 735,445

PenColor 000000
Spline 865,393, 926,417, 957,460, 965,533
Spline 802,444, 793,455, 793,472, 802,483
Line 883,566, 790,566, 790,533, 989,533, 989,393, 790,393, 790,360, 884,360
Line 884,334, 760,334, 760,393, 724,393, 724,533, 759,533, 759,594, 883,594
Line 749,393, 749,533
Line 811,393, 811,398
Line 811,439, 811,444
Line 811,483, 811,488
Line 811,528, 811,533

Line 684,423, 684,431, 546,431, 546,444, 557,444, 557,438, 608,438, 608,444
Line 684,503, 684,496, 546,496, 546,483, 557,483, 557,489, 608,489, 608,483

Stairs 821,566, 821,594, 882,566
Stairs 759,557, 790,557, 759,563
Stairs 824,360, 824,334, 883,360
Stairs 760,371, 790,371, 760,364

; кассы
BrushColor -1
Line 749,445, 735,445, 735,481, 749,481
AngleTextOut 90, Arial, 10, 737, 476, кассы

; турникеты
Polygon 917,484, 923,484, 923,490, 917,490

Line 961,484, 928,484, 0.5
PenColor 009900
Stairs 848,485, 848,490, 911,485
PenColor FF0000
Stairs 843,396, 838,396, 843,441

; стрелки
PenColor FF0000
Arrow 870,419, 855,419
PenColor 009900
Arrow 878,513, 878,501

;инфосос
PenColor 34349C
BrushColor 34349C
Polygon 939,436, 936,433, 937,432, 940,435
PenColor FF0000
BrushColor FF0000
Polygon 942,439, 939,436, 940,435, 943,438

; левый вестибюль

Opaque 80
PenColor FFFFFF
BrushColor FFFFFF
Polygon 118,393, 169,393, 169,533, 117,533, 117,489, 122,484, 126,478, 128,472, 128,466, 129,460, 127,453, 125,447, 121,442, 118,438
Opaque 100

BrushColor D0D0D0
PenColor D0D0D0
;Polygon 95,488, -21,482, -22,622, 39,632, 28,611, 24,602, 21,592, 19,582, 17,572, 15,564, 16,546, 16,534, 18,523, 20,511, 23,503, 26,496, 30,489
Polygon -72,393, 50,393, 26,398, 9,405, -6,414, -16,423, -26,436, -33,450, -38,464, -42,478, -45,494, -46,507, -46,519, -46,533, -72,533
Polygon 169,393, 195,393, 195,533, 169,533

BrushColor FFFFFF
PenColor FFFFFF
Polygon 169,443, 169,479, 183,479, 183,443

PenColor 000000
Spline 50,393, -8,416, -38,464, -46,533
Spline 117,438, 127,453, 127,473, 117,489
Line 44,569, 130,569, 130,533, -72,533, -72,393, 130,393, 130,334, 238,334
Line 238,360, 160,360, 160,393, 195,393, 195,533, 160,533, 160,596, 44,596
Line 169,393, 169,533
Line 107,393, 107,398
Line 107,433, 107,438
Line 107,489, 107,494
Line 107,533, 107,528

Line 234,423, 234,431, 372,431, 372,444, 361,444, 361,438, 310,438
Line 234,503, 234,496, 372,496, 372,483, 361,483, 361,489, 310,489

Stairs 48,569, 48,596, 101,569
Stairs 160,566, 130,566, 160,560
Stairs 183,360, 183,334, 238,360
Stairs 160,366, 130,366, 160,372

; кассы
BrushColor -1
Line 169,443, 183,443, 183,479, 169,479
AngleTextOut 90, Arial, 10, 170, 473, кассы

; турникеты
Polygon 30,489, 36,489, 36,495, 30,495
Line 36,400, 36,428, 0.5
Line 39,489, 73,489, 0.5
PenColor 009900
Stairs 36,431, 31,431, 36,487
PenColor FF0000
Stairs 80,395, 75,395, 80,435

; стрелки
PenColor FF0000
Arrow 56,419, 69,419
PenColor 009900
Arrow 6,464, 21,464

; лифт
PenColor 000000
BrushColor D0EFFF
Polygon 115,345, 130,345, 130,360, 115,360
Polygon 115,541, 130,541, 130,556, 115,556
BrushColor -1
AngleTextOut 0, Arial, 6, 116, 349, лифт
AngleTextOut 0, Arial, 6, 116, 545, лифт

;Улицы голубым
PenColor 00AFAF
BrushColor -1
AngleTextOut 0, Arial, 15, 1002, 457, Огородный пр-д
AngleTextOut 0, Arial, 15, -184, 455, Огородный пр-д
AngleTextOut 45, Arial, 15, 181, 667, ул. Руставели


