Size 880x810

Angle -35

;Пути
BrushColor 9CA4A4
Polygon 333,530, 333,500, 783,500, 783,530
Polygon 783,420, 783,390, 333,390, 333,420

BrushColor -1
PenColor 4C4C4C
AngleTextOut 0, Arial, 25, 470, 429, Чертановская, 1
AngleTextOut 0, Arial, 20, 335, 367, << Севастопольская
AngleTextOut 0, Arial, 20, 695, 530, Южная >>

; левый вестибюль
PenColor 000000
Line 90,263, 90,299, 164,299, 164,398, 263,398, 263,436, 333,436, 333,420
Line 573,597, 543,554, 275,554, 263,537, 164,537, 164,521, 263,521, 263,484, 333,484, 333,500
Line 90,361, 90,325, 136,325, 136,609
Line 68,361, 68,263
Line 557,609, 535,578, 471,578, 493,609
Line 478,620, 449,579, 396,579, 418,610
Line 402,622, 375,583, 295,583, 318,616
Line 300,627, 273,588, 265,588, 265,603
Stairs 90,297, 68,297, 90,263
Stairs 90,327, 68,327, 90,361
Stairs 537,580, 553,569, 556,607
Stairs 458,591, 473,581, 477,618
Stairs 382,593, 398,582, 401,620
Stairs 297,586, 280,598, 316,614

BrushColor D0D0D0
Polygon 174,431, 166,431, 166,488, 174,488

;эскалаторы
PenColor 7F7F7F
Stairs 267,437, 267,482, 332,439
PenColor 000000
BrushColor 9B5509
Polygon 333,450, 264,450, 264,455, 333,455
Polygon 333,465, 264,465, 264,470, 333,470
Polygon 333,436, 264,436, 264,440, 333,440
Polygon 333,480, 264,480, 264,484, 333,484

; кассы
BrushColor -1
Line 263,400, 271,400, 271,428, 263,428
AngleTextOut 90, Arial, 10, 260, 426, кассы

; турникеты
Line 263,429, 235,429, 0.5
Polygon 204,486, 206,481, 211,483, 209,488
Line 209,488, 174,488, 0.5
PenColor 009900
Stairs 208,478, 212,480, 234,427
PenColor FF0000
Stairs 208,493, 203,493, 208,519


; правый вестибюль
PenColor 000000
Line 816,432, 863,432, 863,437, 783,437, 783,420
Line 816,488, 861,488, 861,483, 783,483, 783,500
Line 816,513, 954,513, 954,407, 816,407
Line 914,473, 858,468, 0.5
Line 863,435, 894,435, 0.5

;эскалаторы
PenColor 7F7F7F
Stairs 855,439, 855,481, 785,439
PenColor 000000
BrushColor 9B5509
Polygon 784,450, 858,450, 858,455, 784,455
Polygon 784,465, 858,465, 858,470, 784,470
Polygon 784,437, 858,437, 858,440, 784,440
Polygon 784,480, 858,480, 858,483, 784,483

; турникеты
BrushColor -1
Polygon 896,434, 899,439, 894,442, 891,437
PenColor 009900
Stairs 897,445, 900,443, 915,474

; кассы
PenColor 000000
Line 954,410, 963,410, 963,439, 954,439
AngleTextOut 90, Arial, 10, 951, 437, кассы

;стрелки
PenColor FF0000
Arrow 833,500, 816,500
Arrow 860,475, 871,475
Arrow 183,504, 170,504
Arrow 260,475, 249,475
PenColor 009900
Arrow 871,445, 860,445
Arrow 926,441, 915,449
Arrow 816,419, 833,419
Arrow 210,425, 221,430
Arrow 249,445, 260,445

;инфососы
PenColor 34349C
BrushColor 34349C
Polygon 919,413, 924,413, 924,411, 919,411
Polygon 543,463, 543,468, 541,468, 541,463
Polygon 198,433, 193,433, 193,435, 198,435
PenColor FF0000
BrushColor FF0000
Polygon 914,413, 919,413, 919,411, 914,411
Polygon 543,458, 543,463, 541,463, 541,458
Polygon 203,433, 198,433, 198,435, 203,435

;переход
PenColor 000000
Line 634,172, 596,199, 582,179, 620,152
Line 509,229, 548,202, 562,222, 524,249
Line 451,142, 488,116, 502,136, 464,163
Line 559,66, 521,93, 535,113, 574,86
Stairs 492,143, 478,123, 465,162
Stairs 571,88, 557,68, 544,107
Stairs 513,227, 527,247, 540,208
Stairs 617,154, 631,174, 591,173
PenColor D8D8D8
Line 596,199, 562,222
Line 582,179, 576,183, 530,117, 535,113
Line 521,93, 488,116
Line 502,136, 508,132, 554,198, 548,202

;названия улиц голубым
PenColor 00AFAF
BrushColor -1
AngleTextOut 125, Arial, 15, 586, 722, Чертановская улица
Arrow 568,660, 550,635
AngleTextOut 125, Arial, 15, 427, 715, Чертановская улица
Arrow 401,645, 418,669
AngleTextOut 125, Arial, 15, 503, 716, трамвайные пути
AngleTextOut 35, Arial, 15, 483, 183, Балаклавский проспект
AngleTextOut 35, Arial, 15, -2, 523, Балаклавский проспект
AngleTextOut 125, Arial, 15, 226, 287, Симферопольский бульвар

; Выходы
Angle 35
PenColor FFD900
BrushColor 615F56
SpotRect 674, 727, 30, 30, ShowMessage Выход №1
SpotRect 177, 51, 30, 30
SpotRect 134, 118, 30, 30
SpotRect 97, 409, 30, 30
SpotRect 198, 525, 30, 30
SpotRect 283, 568, 30, 30
SpotRect 341, 610, 30, 30
SpotRect 420, 649, 30, 30
BrushColor -1
TextOut Arial, 25, 682, 728, 1
TextOut Arial, 25, 185, 52, 2
TextOut Arial, 25, 142, 119, 3
TextOut Arial, 25, 105, 410, 4
TextOut Arial, 25, 206, 526, 5
TextOut Arial, 25, 291, 569, 6
TextOut Arial, 25, 349, 611, 7
TextOut Arial, 25, 428, 650, 8
