Size 976x1490
Angle -15

; Цветной бульвар

; пути
BrushColor 9CA4A4
Polygon 13,650, -17,650, -17,200, 13,200
Polygon 123,650, 93,650, 93,200, 123,200

BrushColor -1
PenColor 4C4C4C
AngleTextOut 90, Arial, 20, 123, 445, Менделеевская >>
AngleTextOut 90, Arial, 20, -38, 648, << Чеховская
AngleTextOut 90, Arial, 25, 48, 554, Цветной бульвар, 1

;инфосос
PenColor 34349C
BrushColor 34349C
Polygon 48,433, 44,433, 44,434, 48,434
PenColor FF0000
BrushColor FF0000
Polygon 52,433, 48,433, 48,434, 52,434


; Трубная

; пути
PenColor 000000
BrushColor 7CBC54
Polygon 745,1051, 730,1076, 340,851, 355,825
Polygon 300,921, 285,947, 676,1172, 691,1146

BrushColor -1
PenColor 5C9F2E
AngleTextOut -30, Arial, 20, 368, 804, << Достоевская
AngleTextOut -30, Arial, 20, 495, 1068, Сретенский бульвар >>
AngleTextOut -30, Arial, 25, 479, 966, Трубная, 1

;инфосос
PenColor 34349C
BrushColor 34349C
Polygon 514,987, 516,984, 517,985, 515,988
PenColor FF0000
BrushColor FF0000
Polygon 512,990, 514,987, 515,988, 513,991


; переход

PenColor 000000
;Line 83,704, 74,704
;Line 19,704, 11,704
Line 13,650, 24,650, 24,566, 31,566, 31,785, 96,785, 118,798, 115,803, 177,839, 181,832
Line 93,650, 79,650, 79,566, 69,566, 69,737, 111,737, 143,755, 146,749, 208,785, 204,792
Line 288,839, 345,872, 349,865, 336,858, 340,851
Line 264,881, 322,915, 318,922, 304,914, 300,921

Stairs 31,666, 69,666, 31,683
Stairs 31,695, 69,695, 31,712

BrushColor D0D0D0
Polygon 83,748, 107,748, 131,762, 128,767, 105,754, 83,754
Polygon 83,767, 101,767, 121,779, 118,784, 99,773, 83,773

; эскалатор 4 
PenColor 7F7F7F
Stairs 257,876, 280,836, 170,825
PenColor 000000
BrushColor 9B5509
Polygon 264,881, 165,824, 166,822, 265,879
Polygon 269,872, 170,815, 172,812, 271,869
Polygon 275,862, 176,805, 178,802, 277,859
Polygon 281,851, 182,794, 184,791, 283,848
Polygon 287,841, 188,784, 189,782, 288,839

;инфосос
PenColor 34349C
BrushColor 34349C
Polygon 164,767, 166,764, 167,765, 165,768
PenColor FF0000
BrushColor FF0000
Polygon 162,770, 164,767, 165,768, 163,771


; вестибюль Цветного бульвара

;Здания беж
PenColor DDDDDD
BrushColor FEFBF1
Polygon 273,41, 426,0, 464,144, 311,185

PenColor 000000
Line 13,200, 24,200, 24,335, 32,335, 32,218, 73,218, 73,232
Line 73,280, 73,335, 81,335, 81,200, 93,200

Stairs 73,332, 32,332, 73,315
Stairs 32,303, 73,303, 32,286

Opaque 80
PenColor FFFFFF
BrushColor FFFFFF
Polygon 71,280, 71,232, 96,232, 124,213, 124,272, 114,280
Opaque 100

PenColor 000000
Line 233,193, 239,201, 208,222, 204,217, 114,280, 73,280
Line 73,232, 96,232, 176,176, 172,170, 202,149, 206,155

BrushColor D0D0D0
Polygon 108,262, 73,262, 73,251, 104,251, 111,246, 118,255
Polygon 420,98, 411,64, 441,56, 450,90
Polygon 436,37, 426,0, 273,41, 288,98, 300,89, 329,81, 322,56, 400,35, 403,46, 410,44, 404,22, 419,18, 425,40
Polygon 454,107, 464,144, 311,185, 300,144, 325,127, 340,123, 346,145, 423,124, 421,116, 428,114, 432,129, 447,125, 443,110

; эскалатор 4 
PenColor 7F7F7F
Stairs 206,159, 229,192, 296,96
PenColor 000000
BrushColor 9B5509
Polygon 198,160, 300,89, 302,92, 200,163
Polygon 204,169, 306,98, 308,101, 206,172
Polygon 210,178, 312,107, 314,110, 212,181
Polygon 216,187, 318,116, 320,119, 218,190
Polygon 222,196, 324,125, 326,128, 224,199

; кассы
BrushColor FFFFFF
Polygon 367,44, 365,37, 395,29, 397,36
BrushColor -1
AngleTextOut 15, Arial, 10, 367, 34, кассы

; турникеты
Line 326,55, 337,60, 0.5
Polygon 374,77, 368,79, 370,85, 376,83
Line 385,130, 386,134, 0.5
PenColor 009900
Stairs 338,58, 336,62, 369,74
PenColor FF0000
Stairs 376,87, 372,88, 387,130

;инфосос
PenColor 34349C
BrushColor 34349C
Polygon 332,67, 336,66, 336,67, 332,68
PenColor FF0000
BrushColor FF0000
Polygon 328,68, 332,67, 332,68, 328,69


; вестибюль Трубной

PenColor 000000
Line 730,1076, 726,1083, 702,1069, 698,1076, 702,1079
Line 691,1146, 695,1139, 670,1125, 674,1118, 678,1120
Line 905,1197, 908,1192, 933,1206, 945,1185, 1030,1234, 1046,1206, 1030,1197, 1016,1179, 1004,1134, 974,1142
Line 881,1238, 877,1245, 903,1261, 890,1284, 1014,1355
Spline 1014,1355, 1042,1358, 1064,1338, 1084,1304, 1091,1275, 1074,1252
Line 1074,1252, 1102,1204, 1045,1171, 1040,1165, 1030,1127, 1060,1119
Line 1053,1097, 968,1120

BrushColor D0D0D0
Polygon 1013,1255, 990,1241, 962,1288, 985,1302

Stairs 961,1325, 977,1297, 971,1330
Stairs 1018,1227, 1005,1249, 1026,1232
Stairs 1045,1171, 1030,1197, 1059,1179
Stairs 1034,1142, 1008,1149, 1031,1131
Stairs 1033,1126, 1027,1104, 1060,1119
Stairs 1000,1135, 994,1113, 974,1142

; эскалатор 4
PenColor 7F7F7F
Stairs 882,1236, 904,1198, 682,1119
PenColor 000000
BrushColor 9B5509
Polygon 886,1240, 678,1120, 679,1118, 887,1238
Polygon 891,1231, 683,1111, 685,1108, 893,1228
Polygon 897,1221, 689,1101, 691,1098, 899,1218
Polygon 903,1211, 695,1091, 697,1088, 905,1208
Polygon 909,1201, 701,1081, 702,1079, 910,1199

; кассы
BrushColor -1
Spline 985,1302, 999,1304, 1010,1296, 1020,1279, 1022,1265, 1013,1255
AngleTextOut 60, Arial, 12, 992, 1290, кассы

; турникеты
Line 981,1256, 963,1246
Line 903,1261, 915,1258
Polygon 956,1247, 960,1249, 963,1245, 958,1242
Line 978,1211, 981,1206
PenColor 009900
Stairs 916,1259, 915,1256, 956,1248
PenColor FF0000
Stairs 964,1240, 961,1238, 980,1211

;инфосос
PenColor 34349C
BrushColor 34349C
Polygon 959,1196, 962,1198, 961,1199, 958,1197
PenColor FF0000
BrushColor FF0000
Polygon 956,1194, 959,1196, 958,1197, 955,1195


; Названия улиц голубым
PenColor 00AFAF
BrushColor -1
AngleTextOut 105, Arial, 15, 661, 459, Цветной бульвар
AngleTextOut 105, Arial, 15, 490, 239, << Цирк
PenColor 000000

; Стрелки
PenColor 000000
Arrow 107,784, 126,795
Arrow 97,743, 79,743
PenColor FF0000
Arrow 157,234, 180,218
Arrow 352,113, 367,109
Arrow 947,1213, 960,1221
PenColor 009900
Arrow 165,198, 142,214
Arrow 369,53, 362,68
Arrow 945,1280, 940,1263
