Size 840x720
Angle -38

; пути

BrushColor 046434
Polygon 243,298, 693,298, 693,328, 243,328
Polygon 243,408, 693,408, 693,438, 243,438

PenColor 046434
BrushColor -1
AngleTextOut 0, Arial, 20, 244, 274, << Аэропорт
AngleTextOut 0, Arial, 20, 558, 438, Белорусская >>
AngleTextOut 0, Arial, 25, 424, 353, Динамо, 1

;инфосос
PenColor 34349C
BrushColor 34349C
Polygon 319,341, 319,337, 320,337, 320,341
PenColor FF0000
BrushColor FF0000
Polygon 319,345, 319,341, 320,341, 320,345


; левый вестибюль

;Здания беж
BrushColor FEFBF1
PenColor CCCCCC
Polygon 10,302, 116,302, 116,345, 148,345, 148,391, 116,391, 116,434, 10,434

PenColor 000000
Line 243,328, 243,337, 315,337, 315,345, 240,345, 240,348
Line 128,348, 116,348, 116,302, 107,302, 107,310, 96,310, 96,313
Line 78,310, 82,310
Line 62,313, 62,310, 18,310, 18,349, 21,349
Line 18,360, 18,363
Line 18,374, 18,377
Line 21,390, 18,390, 18,426, 107,426, 107,434, 116,434, 116,388, 128,388
Line 240,388, 240,391, 315,391, 315,400, 243,400, 243,408

; эскалатор 3 гор
PenColor 7F7F7F
Stairs 242,385, 242,351, 133,385
PenColor 000000
BrushColor 9B5509
Polygon 249,351, 128,351, 128,348, 249,348
Polygon 249,359, 249,364, 128,364, 128,359
Polygon 249,372, 249,377, 128,377, 128,372
Polygon 249,385, 128,385, 128,388, 249,388

; кассы
BrushColor -1
Line 27,426, 27,399, 18,399
AngleTextOut 90, Arial, 10, 16, 425, кассы

; турникеты
BrushColor -1
Polygon 57,417, 63,417, 63,423, 57,423
Line 128,361, 68,361, 57,350, 57,310, 0.5
PenColor 009900
Stairs 58,412, 62,412, 58,353

; стрелки
PenColor FF0000
Arrow 79,332, 79,321
Arrow 297,358, 275,358
PenColor 009900
Arrow 70,378, 84,378
Arrow 275,377, 297,377

;инфосос
PenColor 34349C
BrushColor 34349C
Polygon 44,421, 40,421, 40,422, 44,422
PenColor FF0000
BrushColor FF0000
Polygon 48,421, 44,421, 44,422, 48,422


; правый вестибюль

;Здания беж
BrushColor FEFBF1
PenColor CCCCCC
Polygon 783,302, 893,302, 893,434, 783,434, 783,396, 751,396, 751,346, 783,346


PenColor 000000
Line 693,328, 693,338, 621,338, 621,347, 663,347, 663,350
Line 772,350, 791,350, 791,302, 800,302, 800,310, 885,310, 885,349, 882,349
Line 885,363, 885,360
Line 885,376, 885,373
Line 882,390, 885,390, 885,426, 840,426, 840,422
Line 825,426, 820,426
Line 804,422, 804,426, 799,426, 799,434, 791,434, 791,390, 772,390
Line 663,390, 663,393, 621,393, 621,400, 693,400, 693,408

; эскалатор 3 гор
PenColor 7F7F7F
Stairs 765,387, 765,353, 658,387
PenColor 000000
BrushColor 9B5509
Polygon 772,353, 653,353, 653,350, 772,350
Polygon 772,361, 772,366, 653,366, 653,361
Polygon 772,374, 772,379, 653,379, 653,374
Polygon 772,387, 653,387, 653,390, 772,390

; кассы
BrushColor -1
Line 876,310, 876,337, 885,337
AngleTextOut 90, Arial, 10, 874, 336, кассы

; турникеты
BrushColor -1
Polygon 846,319, 840,319, 840,313, 846,313
Line 772,375, 835,375, 846,386, 846,426, 0.5
PenColor 009900
Stairs 845,324, 841,324, 845,383

; стрелки
PenColor FF0000
Arrow 816,390, 816,402
Arrow 624,381, 639,381
PenColor 009900
Arrow 832,354, 816,354
Arrow 639,359, 624,359

;инфосос
PenColor 34349C
BrushColor 34349C
Polygon 876,344, 876,348, 877,348, 877,344
PenColor FF0000
BrushColor FF0000
Polygon 876,340, 876,344, 877,344, 877,340


; Названия улиц голубым
PenColor 00AFAF
BrushColor -1
AngleTextOut 0, Arial, 15, 348, 549, Ленинградский проспект
AngleTextOut 0, Arial, 15, 384, 214, Московская аллея
AngleTextOut 90, Arial, 15, -34, 435, Театральная аллея
AngleTextOut 0, Arial, 15, 184, 126, 'Стадион "Динамо"'
AngleTextOut 0, Arial, 15, -32, 267, << Петровский парк

; Выходы
Angle 38
PenColor FFD900
BrushColor 615F56
SpotRect 689, 688, 30, 30, ShowMessage Выход №1
SpotRect 102, 33, 30, 30
BrushColor -1
TextOut Arial, 25, 697, 689, 1
TextOut Arial, 25, 110, 34, 2
