Size 1180x800
Angle -10
;;Angle -46

; Достоевская

; пути
BrushColor 84BC54
Polygon 332,132, 302,132, 302,582, 332,582
Polygon 412,132, 442,132, 442,582, 412,582

BrushColor -1
PenColor 84BC54
AngleTextOut 90, Arial, 25, 341, 434, Достоевская, 1
AngleTextOut 90, Arial, 20, 277, 579, << Трубная
AngleTextOut 90, Arial, 20, 442, 287, Марьина Роща >>

;инфосос
PenColor 34349C
BrushColor 34349C
Polygon 373,356, 369,356, 369,357, 373,357
PenColor FF0000
BrushColor FF0000
Polygon 377,356, 373,356, 373,357, 377,357


; северный вестибюль

PenColor 000000
Line 189,376, 201,336, 249,349, 236,399, 220,422, 205,432, 240,486, 274,464
Line 286,481, 151,569
Line 139,552, 176,528, 131,460, 149,448, 128,434, 109,462, 36,413, 138,261, 156,273
Line 188,294, 211,310, 143,411, 172,431, 208,407, 222,387, 227,369, 216,366, 218,358, 211,356, 204,380
;Spline 237,437, 252,403, 253,357
;Spline 261,427, 270,400, 269,356
Line 332,132, 349,132, 349,200, 356,200, 356,87, 351,87
Line 412,132, 395,132, 395,200, 388,200, 388,50, 333,50
Line 285,151, 316,104
Line 252,131, 283,84
Spline 283,84, 305,59, 333,50
Spline 316,104, 331,91, 351,87
Stairs 152,568, 141,551, 184,547
Stairs 284,482, 273,465, 253,502
Stairs 210,358, 196,354, 204,379
Stairs 216,357, 220,341, 211,356
Stairs 388,196, 356,196, 388,150
Stairs 356,87, 356,73, 351,87
Stairs 356,65, 356,50, 351,65
Stairs 145,436, 156,420, 134,429
Line 147,438, 120,420
Line 128,434, 116,426

BrushColor D0D0D0
Polygon 349,73, 362,73, 362,65, 349,65

; эскалатор 4
PenColor 7F7F7F
Stairs 152,282, 181,301, 252,135
PenColor 000000
BrushColor 9B5509
Polygon 147,286, 252,131, 254,132, 149,287
Polygon 154,290, 259,135, 262,137, 157,292
Polygon 162,295, 267,140, 270,142, 165,297
Polygon 170,300, 275,145, 278,147, 173,302
Polygon 178,305, 283,150, 285,151, 180,306

; кассы
BrushColor -1
Line 95,378, 99,372, 124,389, 120,395, 95,378
AngleTextOut -34, Arial, 10, 103, 371, кассы

; турникеты
Line 103,314, 109,318
Polygon 135,339, 139,333, 145,337, 141,343
Line 166,355, 176,362
PenColor 009900
Stairs 109,320, 111,317, 134,336
PenColor FF0000
Stairs 145,343, 147,340, 165,357

;лифты
PenColor 000000
BrushColor D0EFFF
Polygon 217,366, 215,374, 223,376, 225,368
BrushColor -1
AngleTextOut 75, Arial, 7, 209, 391, лифт

; стрелки
PenColor FF0000
Arrow 167,328, 159,340
PenColor 009900
Arrow 112,348, 120,336

;инфосос
PenColor 34349C
BrushColor 34349C
Polygon 112,377, 109,375, 109,376, 112,378
PenColor FF0000
BrushColor FF0000
Polygon 115,379, 112,377, 112,378, 115,380

; южный вестибюль

PenColor 000000
Line 332,582, 350,582, 350,531, 395,531, 395,582, 412,582


; Названия улиц голубым
PenColor 00AFAF
BrushColor -1
AngleTextOut 33, Arial, 15, 32, 574, Селезневская улица
AngleTextOut 333, Arial, 15, 475, 266, Суворовская площадь
AngleTextOut 23, Arial, 15, 52, 164, Театр Российской армии

Opaque 20

; Суворовская площадь

; пути
PenColor 000000
BrushColor 9B5509
Polygon 920,617, 920,587, 470,587, 470,617
Polygon 920,697, 920,727, 470,727, 470,697

PenColor 543C04
BrushColor -1
AngleTextOut 0, Arial, 25, 536, 638, Суворовская площадь, 1
AngleTextOut 0, Arial, 20, 622, 669, (проект)
AngleTextOut 0, Arial, 20, 472, 563, << Новослободская
AngleTextOut 0, Arial, 20, 766, 727, Проспект Мира >>

; переход

PenColor 000000
Line 401,369, 444,369, 451,362, 444,355, 401,355
Line 401,383, 444,383, 475,376, 500,376, 536,412, 538,410
Line 401,341, 444,341, 475,347, 517,347, 559,389, 557,391
Line 598,470, 592,476, 612,496, 614,494
Line 614,494, 635,515
Line 664,557, 664,624
Line 708,624, 708,557
Line 689,515, 641,467, 643,465, 623,445, 617,451
Line 679,624, 679,573, 694,573, 694,624
Stairs 403,383, 403,369, 420,383
Stairs 403,355, 403,341, 420,355
Stairs 679,622, 664,622, 679,605
Stairs 694,622, 708,622, 694,605

; эскалатор 4 
PenColor 7F7F7F
Stairs 552,387, 534,405, 623,458
PenColor 000000
BrushColor 9B5509
Polygon 549,382, 627,460, 626,461, 548,383
Polygon 545,386, 623,464, 621,466, 543,388
Polygon 540,391, 618,469, 616,471, 538,393
Polygon 535,396, 613,474, 611,476, 533,398
Polygon 530,401, 608,479, 607,480, 529,402

; правый вестибюль

Line 920,697, 920,686, 824,686, 824,676, 981,676, 981,638, 975,638, 975,608, 985,581, 1015,592, 1017,586
Line 920,617, 920,628, 824,628, 824,638, 948,638, 948,602, 959,572, 954,570, 971,524, 1032,546, 1030,552
Line 1119,586, 1121,581, 1165,597, 1167,591, 1205,605
Line 1202,611, 1172,600, 1149,663, 1160,679
Line 1154,683, 1141,664, 1149,643, 1105,627, 1108,619
Stairs 853,676, 853,638, 899,676
Stairs 1177,602, 1179,596, 1199,610
Stairs 1152,681, 1158,677, 1145,670

BrushColor D0D0D0
Polygon 964,638, 959,638, 959,614, 964,614
Polygon 963,593, 969,576, 974,578, 968,595

; эскалатор 4 
PenColor 7F7F7F
Stairs 1028,554, 1017,584, 1120,588
PenColor 000000
BrushColor 9B5509
Polygon 1023,550, 1124,587, 1123,589, 1022,552
Polygon 1020,557, 1121,594, 1120,597, 1019,560
Polygon 1017,565, 1118,602, 1117,605, 1016,568
Polygon 1014,573, 1115,610, 1114,613, 1013,576
Polygon 1011,581, 1112,618, 1111,620, 1010,583

; левый вестибюль

Line 470,617, 470,631, 506,631, 506,683, 470,683, 470,697

; второй выход с Достоевской

Stairs 940,525, 946,509, 905,513
Stairs 403,521, 403,507, 420,521
Stairs 403,543, 403,529, 420,543
Stairs 403,565, 403,551, 420,565
Stairs 795,576, 807,583, 803,561
Line 948,510, 898,492, 876,551, 818,530, 818,519, 777,519, 777,509, 736,509, 736,514, 713,514, 713,517
Line 806,585, 818,564, 818,543, 883,567, 903,512, 942,526
Line 713,555, 713,559, 736,559, 736,564, 778,564, 778,554, 804,554, 804,560, 793,579
Line 562,517, 562,516, 449,507, 401,507
Line 401,521, 446,521, 446,529, 401,529
Line 401,543, 446,543, 446,551, 401,551
Line 401,565, 449,565, 562,557, 562,555

; эскалатор 4 гор
PenColor 7F7F7F
Stairs 562,520, 562,552, 717,520
PenColor 000000
BrushColor 9B5509
Polygon 556,517, 721,517, 721,520, 556,520
Polygon 556,525, 721,525, 721,529, 556,529
Polygon 556,534, 721,534, 721,538, 556,538
Polygon 556,543, 721,543, 721,547, 556,547
Polygon 556,552, 721,552, 721,555, 556,555

Opaque 100

; Выходы
Angle 10
PenColor FFD900
BrushColor 615F56
SpotRect 245, 252, 30, 30, ShowMessage Выход №1
SpotRect 229, 374, 30, 30
SpotRect 143, 490, 30, 30
BrushColor -1
TextOut Arial, 25, 253, 253, 1
TextOut Arial, 25, 237, 375, 2
TextOut Arial, 25, 151, 491, 3
