Size 510x850
Angle -70

;Пути
BrushColor 84BC54
Polygon -167,388, 283,388, 283,418, -167,418
Polygon -167,498, 283,498, 283,528, -167,528

BrushColor -1
PenColor 5C9F2E
AngleTextOut 0, Arial, 25, -9, 441, Дубровка, 1
AngleTextOut 0, Arial, 20, -166, 364, << Крестьянская застава
AngleTextOut 0, Arial, 20, 144, 528, Кожуховская >>

;инфосос
PenColor 34349C
BrushColor 34349C
Polygon -73,434, -69,434, -69,435, -73,435
PenColor FF0000
BrushColor FF0000
Polygon -77,434, -73,434, -73,435, -77,435


; правый вестибюль

PenColor 000000
Line 552,647, 585,647, 585,498, 539,498, 539,528, 358,528, 358,491, 322,491, 322,484
Line 552,668, 608,668, 608,329, 641,329
Line 641,309, 552,309
Line 552,328, 585,328, 585,388, 357,388, 357,426, 322,426, 322,433
Line 468,444, 468,475

Line 283,498, 283,491
Line 283,426, 283,418
Line 283,418, 283,426, 145,426, 145,439, 156,439, 156,433, 207,433
Line 283,498, 283,491, 145,491, 145,478, 156,478, 156,484, 207,484

Stairs 552,647, 552,668, 585,647
Stairs 585,503, 608,503, 585,512
Stairs 552,328, 552,309, 585,328
Stairs 641,329, 641,309, 608,329
Stairs 492,528, 492,388, 502,528

BrushColor D0D0D0
Polygon 482,495, 482,484, 468,484, 468,434, 481,434, 481,423, 455,423, 455,434, 459,434, 459,444, 465,444, 465,475, 459,475, 459,484, 455,484, 455,495
Polygon 538,457, 538,425, 585,425, 585,457

; кассы
BrushColor -1
Line 367,388, 367,416, 357,416
AngleTextOut 90, Arial, 10, 355, 414, кассы

; турникеты
Line 367,416, 376,425
Polygon 413,467, 419,467, 419,473, 413,473
Line 416,514, 416,528
PenColor 009900
Stairs 378,424, 375,427, 415,461
PenColor FF0000
Stairs 418,477, 414,477, 418,515

; эскалатор 4
PenColor 7F7F7F
Stairs 214,437, 214,480, 327,437
PenColor 000000
BrushColor 9B5509
Polygon 207,433, 332,433, 332,437, 207,437
Polygon 207,444, 332,444, 332,449, 207,449
Polygon 207,456, 332,456, 332,461, 207,461
Polygon 207,468, 332,468, 332,473, 207,473
Polygon 207,480, 332,480, 332,484, 207,484

;инфосос
PenColor 34349C
BrushColor 34349C
Polygon 373,492, 369,492, 369,493, 373,493
PenColor FF0000
BrushColor FF0000
Polygon 377,492, 373,492, 373,493, 377,493


; левый вестибюль

PenColor 000000
Line -167,418, -167,429, -97,429, -97,436, -106,436, -106,479, -97,479, -97,487, -167,487, -167,498

;Улицы голубым
PenColor 00AFAF
BrushColor -1
AngleTextOut 0, Arial, 15, 408, 346, Шарикоподшипниковская ул.

; стрелки
PenColor FF0000
Arrow 168,469, 190,469
Arrow 386,483, 405,483
PenColor 009900
Arrow 190,448, 168,448
Arrow 417,422, 404,435

