Size 650x770

Angle 25

; пути

BrushColor 34349C
Polygon 11,373, 11,343, 461,343, 461,373
Polygon 11,483, 11,453, 461,453, 461,483

PenColor 34349C
BrushColor -1
AngleTextOut 0, Arial, 20, 14, 318, << Бауманская
AngleTextOut 0, Arial, 20, 322, 482, Семёновская >>
AngleTextOut 0, Arial, 25, 131, 400, Электрозаводская, 1


; левый вестибюль

PenColor 000000
Line 11,373, 11,386, 54,386, 54,381, 106,381, 106,390, 96,390, 96,436, 106,436, 106,445, 54,445, 54,440, 11,440, 11,453


; правый вестибюль

PenColor F7F7F7
Ellipse 500,351, 624,475, 2

PenColor 000000
Line 461,373, 461,386, 385,386, 385,381, 337,381, 337,393, 379,393
Line 379,433, 337,433, 337,445, 385,445, 385,440, 461,440, 461,453
Line 499,433, 491,433, 491,452, 515,466, 517,462
Line 545,478, 543,482, 562,493, 631,453, 631,429, 626,429
Line 626,394, 631,394, 631,372, 562,332, 491,373, 491,393

; эскалатор 3 гор
PenColor 7F7F7F
Stairs 493,430, 493,396, 384,430
PenColor 000000
BrushColor 9B5509
Polygon 499,396, 379,396, 379,393, 499,393
Polygon 499,404, 499,409, 379,409, 379,404
Polygon 499,417, 499,422, 379,422, 379,417
Polygon 499,430, 379,430, 379,433, 499,433

; кассы
BrushColor -1
Line 609,359, 613,352, 589,338, 585,345
AngleTextOut -30, Arial, 10, 592, 336, кассы

; турникеты
BrushColor -1
Line 499,419, 508,419, 549,442, 562,442, 562,493, 0.5
Polygon 566,413, 566,407, 560,407, 560,413
PenColor 009900
Stairs 565,402, 561,402, 564,336
Stairs 565,441, 561,441, 565,416

; стрелки
PenColor FF0000
Arrow 525,450, 536,462, 526,480
PenColor 009900
Arrow 534,399, 518,399
Arrow 631,410, 611,410


; Названия улиц голубым
PenColor 00AFAF
BrushColor -1
AngleTextOut -35, Arial, 15, 495, 42, улица Большая Сёменовская
AngleTextOut -50, Arial, 15, 225, 584, платформа Электрозаводская
AngleTextOut -50, Arial, 15, 215, 595, Казанского направления ж/д

PenColor 040464
TextOut Arial, 15, 243, 748, 'Схема ж/д пл. "Электрозаводская"', 5
SpotRect 243, 748, 250, 15, LoadVec ElectrozavodskayaZhD.vec
