Size 500x380
Angle 25

; пути

BrushColor 2C7CAC
Polygon 20,149, 20,119, 470,119, 470,149
Polygon 20,259, 20,229, 470,229, 470,259

BrushColor -1
PenColor 2C7CAC
AngleTextOut 0, Arial, 20, 23, 97, << Пионерская
AngleTextOut 0, Arial, 25, 173, 278, Филёвский парк, 1
AngleTextOut 0, Arial, 20, 311, 259, Багратионовская >>

; торцы
PenColor 000000
Line 470,149, 470,229
Line 20,229, 20,149

; нижний ярус
Line 122,206, 67,206, 67,172, 122,172
Line 375,172, 432,172, 432,206, 375,206
Stairs 158,202, 158,176, 124,202
Stairs 343,202, 343,176, 373,202

BrushColor D0D0D0
Polygon 375,172, 375,176, 311,176, 311,172
Polygon 311,206, 311,202, 375,202, 375,206
Polygon 187,206, 187,202, 122,202, 122,206
Polygon 187,172, 187,176, 122,176, 122,172

; верхний ярус

Opaque 80
PenColor FFFFFF
BrushColor FFFFFF
Polygon 210,140, 210,115, 288,115, 288,140, 432,140, 432,239, 288,239, 288,263, 210,263, 210,239, 67,239, 67,140

PenColor 000000
Line 187,145, 187,140, 67,140, 67,239, 187,239, 187,233
Line 187,210, 187,168
Line 311,234, 311,239, 432,239, 432,140, 311,140, 311,145
Line 311,168, 311,210
Line 122,172, 130,172, 135,177, 161,177, 166,172, 170,172, 170,206, 122,206
Line 375,172, 327,172, 327,206, 331,206, 336,201, 362,201, 367,206, 375,206
Stairs 110,202, 110,176, 81,202
Stairs 387,201, 387,176, 416,201

BrushColor D0D0D0
Polygon 80,176, 80,172, 122,172, 122,206, 79,206, 79,202, 117,202, 117,176
Polygon 418,206, 418,201, 380,201, 380,176, 418,176, 418,172, 375,172, 375,206

; кассы
BrushColor -1
Line 336,201, 336,192, 362,192, 362,201
AngleTextOut 0, Arial, 10, 337, 190, кассы
Line 135,177, 135,185, 161,185, 161,177
AngleTextOut 0, Arial, 10, 136, 174, кассы

; турникеты
BrushColor -1
Polygon 370,207, 367,210, 370,213, 373,210
Polygon 128,166, 125,169, 128,172, 131,169
PenColor 009900
Stairs 370,217, 374,217, 370,239
Stairs 126,144, 130,144, 126,166
PenColor FF0000
Stairs 370,168, 374,168, 370,143
Stairs 130,210, 126,210, 130,237

;инфосос
PenColor 34349C
BrushColor 34349C
Polygon 75,236, 71,236, 71,237, 75,237
PenColor FF0000
BrushColor FF0000
Polygon 79,236, 75,236, 75,237, 79,237

;инфосос
PenColor 34349C
BrushColor 34349C
Polygon 313,189, 313,185, 314,185, 314,189
PenColor FF0000
BrushColor FF0000
Polygon 313,193, 313,189, 314,189, 314,193



; стрелки
PenColor FF0000
Arrow 320,161, 301,161
Arrow 176,225, 196,225
Arrow 96,195, 76,195
Arrow 405,183, 422,183
PenColor 009900
Arrow 195,161, 177,161
Arrow 301,226, 320,226
Arrow 77,183, 96,183
Arrow 422,195, 405,195
BrushColor FFFFFF

Opaque 100

; Улицы
Line 219,277, 219,81, 157,81
Line 279,277, 279,81, 341,81

; Названия улиц голубым
PenColor 00AFAF
BrushColor -1
;AngleTextOut 0, Arial, 15, 194, 19, Малая Филёвская улица
AngleTextOut -90, Arial, 15, 257, 130, Минская улица
AngleTextOut 0, Arial, 15, 293, 60, Сеславинская улица

PenColor 000000
TextOut Arial, 8, 73, 143, верхний ярус
TextOut Arial, 8, 21, 149, нижний ярус

PenColor 000000
BrushColor FFFFFF

