Size 650x770
Angle -55

; пути

BrushColor 2C7CAC
Polygon 552,346, 552,376, 102,376, 102,346
Polygon 552,379, 552,409, 102,409, 102,379

BrushColor -1
PenColor 000000
AngleTextOut 0, Arial, 20, 107, 345, << Багратионовская
AngleTextOut 0, Arial, 30, 292, 361, Фили, 1
AngleTextOut 0, Arial, 20, 411, 387, Кутузовская >>
PenColor FFFFFF
AngleTextOut 0, Arial, 20, 106, 344, << Багратионовская
AngleTextOut 0, Arial, 30, 290, 360, Фили, 1
AngleTextOut 0, Arial, 20, 411, 386, Кутузовская >>

;Здания беж
PenColor DFDFDF
BrushColor FEFBF1
Polygon -60,282, -60,473, -26,473, -26,427, 62,427, 62,327, -26,327, -26,282
Polygon 558,282, 723,282, 723,472, 558,472


; платформа
PenColor 000000
Line -45,282, 108,282, 137,292, 137,296, 406,296, 406,292, 435,282, 593,282
Line 593,472, 435,472, 407,462, 407,458, 138,458, 138,462, 108,473, -45,473


; левый вестибюль

PenColor 000000
Line 58,366, 62,366, 62,327, 41,327
Line 58,387, 62,387, 62,427, 41,427
Line -23,327, -26,327, -26,315, 160,315, 160,321, 102,321, 102,346
Line -25,427, -26,427, -26,438, 159,438, 159,432, 102,432, 102,409
Line -56,473, -60,473, -60,282, -56,282

Stairs -23,282, -23,315, 23,282
Stairs -23,473, -23,438, 23,473

; кассы
PenColor D0D0D0
BrushColor D0D0D0
Polygon -9,405, 25,405, 32,398, 40,396, 49,399, 55,408, 54,417, 49,424, 41,427, -25,427, -33,424, -38,417, -38,407, -32,398, -23,396, -15,398
Polygon -8,349, 26,349, 33,356, 41,358, 50,355, 56,346, 55,336, 50,330, 41,327, -23,327, -32,330, -37,338, -37,347, -32,355, -23,358, -14,356

PenColor 000000
Line -9,405, 25,405
Spline 25,405, 32,398, 40,396, 49,399, 55,408, 54,417, 49,424, 41,427
Line 41,427, -25,427
Spline -25,427, -33,424, -38,417, -38,407, -32,398, -23,396, -15,398, -9,405

Line -8,349, 26,349
Spline 26,349, 33,356, 41,358, 50,355, 56,346, 55,336, 50,330, 41,327
Line 41,327, -23,327
Spline -23,327, -32,330, -37,338, -37,347, -32,355, -23,358, -14,356, -8,349

BrushColor FFFFFF
Polygon -8,349, -8,341, 26,341, 26,349
BrushColor -1
AngleTextOut 0, Arial, 10, -3, 339, кассы

; турникеты
BrushColor -1
Polygon -27,393, -20,393, -20,386, -27,386
PenColor 009900
Stairs -21,382, -26,382, -21,361
PenColor FF0000
Stairs -55,304, -58,301, -37,286
Stairs -55,451, -58,454, -37,470

; стрелки
PenColor FF0000
Arrow 90,292, 69,292
Arrow -43,296, -51,288, -51,274
Arrow 90,463, 69,463
Arrow -39,460, -51,472, -51,484
PenColor 009900
Arrow 69,305, 90,305
Arrow -48,348, -48,330
Arrow -48,407, -48,423
Arrow 69,449, 90,449
Arrow 55,377, 40,377

PenColor 000000
AngleTextOut 90, Arial, 10, 61, 387, вход

;инфосос
PenColor 34349C
BrushColor 34349C
Polygon -57,323, -57,319, -56,319, -56,323
PenColor FF0000
BrushColor FF0000
Polygon -57,327, -57,323, -56,323, -56,327


; правый вестибюль

PenColor 000000
Line 611,282, 723,282, 723,289
Line 723,306, 723,366
Line 723,387, 723,448
Line 723,466, 723,472, 611,472
Line 704,408, 723,408
Line 702,346, 723,346
Line 708,408, 708,387
Line 708,366, 708,346
Stairs 504,315, 504,282, 550,315
Stairs 504,472, 504,438, 550,472

BrushColor d0d0d0
Polygon 552,346, 552,321, 440,321, 440,315, 558,315, 558,438, 440,438, 440,433, 552,433, 552,409

; кассы
PenColor D0D0D0
BrushColor D0D0D0
Polygon 641,405, 674,405, 679,399, 688,396, 698,399, 704,408, 703,417, 698,424, 691,427, 626,427, 617,424, 612,417, 611,408, 616,400, 626,396, 635,398
Polygon 640,350, 674,350, 681,356, 689,357, 697,354, 702,346, 702,337, 697,329, 688,326, 627,326, 617,330, 612,339, 613,348, 619,355, 627,357, 635,355

PenColor 000000
Line 641,405, 674,405
Spline 674,405, 679,399, 688,396, 698,399, 704,408, 703,417, 698,424, 691,427
Line 691,427, 626,427
Spline 626,427, 617,424, 612,417, 611,408, 616,400, 626,396, 635,398, 641,405

Line 640,350, 674,350
Spline 674,350, 681,356, 689,357, 697,354, 702,346, 702,337, 697,329, 688,326
Line 688,326, 627,326
Spline 627,326, 617,330, 612,339, 613,348, 619,355, 627,357, 635,355, 640,350

BrushColor FFFFFF
Polygon 640,350, 640,342, 674,342, 674,350
BrushColor -1
AngleTextOut 0, Arial, 10, 645, 340, кассы

; турникеты
BrushColor -1
Polygon 624,360, 630,360, 630,366, 624,366
PenColor 009900
Stairs 629,370, 625,370, 629,395
PenColor FF0000
Stairs 618,431, 615,428, 577,472
Stairs 618,323, 615,326, 577,282

; стрелки
PenColor FF0000
Arrow 433,292, 450,292
Arrow 433,463, 450,463
Arrow 584,451, 602,469, 602,489
Arrow 589,304, 601,292, 601,269
Arrow 712,297, 735,297
Arrow 712,456, 735,456
PenColor 009900
Arrow 450,307, 433,307
Arrow 450,447, 434,447
Arrow 598,402, 573,427
Arrow 598,353, 573,328
Arrow 733,377, 695,377

;инфосос
PenColor 34349C
BrushColor 34349C
Polygon 714,342, 710,342, 710,343, 714,343
PenColor FF0000
BrushColor FF0000
Polygon 718,342, 714,342, 714,343, 718,343


; Названия улиц голубым
PenColor 00AFAF
BrushColor -1
AngleTextOut 90, Arial, 15, 134, 631, Багратионовский проезд
AngleTextOut 0, Arial, 15, 530, 214, улица 1812 года
AngleTextOut 0, Arial, 15, -5, 234, Новозаводская улица
AngleTextOut 90, Arial, 15, 558, 653, '<< ж/д платформа "Фили"'

Angle 55
PenColor 040464
TextOut Arial, 15, 89, 750, 'Схема перехода к ж/д платформе "Фили"', 5
SpotRect 89, 750, 250, 15, LoadVec FiliZ.vec
PenColor 000000
BrushColor 0

