Size 980x1040

Angle -45

;Пути
BrushColor 84BC54
Polygon 256,431, 706,431, 706,461, 256,461
Polygon 256,541, 706,541, 706,571, 256,571

BrushColor -1
PenColor 5C9F2E
AngleTextOut 0, Arial, 25, 402, 468, Фонвизинская, 1
AngleTextOut 0, Arial, 20, 257, 407, << Петровско-Разумовская
AngleTextOut 0, Arial, 20, 591, 571, Бутырская >>

;инфосос
PenColor 34349C
BrushColor 34349C
Polygon 486,503, 486,499, 487,499, 487,503
PenColor FF0000
BrushColor FF0000
Polygon 486,507, 486,503, 487,503, 487,507

; правый вестибюль

BrushColor D0D0D0
PenColor D0D0D0
Polygon 922,465, 928,465, 939,468, 948,474, 957,482, 963,490, 968,499, 970,507, 971,515, 970,523, 967,530, 963,534, 954,536, 945,535, 937,532, 927,526, 920,519, 913,511, 907,500, 905,491, 905,480, 909,470, 916,466
Polygon 990,431, 1032,431, 1032,570, 990,570, 996,561, 1001,552, 1005,541, 1008,530, 1010,519, 1010,517, 1011,495, 1010,483, 1009,474, 1006,463, 1003,453, 999,445, 996,438

BrushColor FFFFFF
PenColor FFFFFF
Polygon 1025,478, 1025,517, 1010,518, 1011,507, 1011,495, 1010,485, 1009,478

PenColor 000000
Spline 957,482, 971,510, 963,534, 932,530, 907,500, 909,470, 934,466, 957,482
Spline 990,431, 1008,471, 1009,525, 990,570

PenColor 000000
Line 864,605, 962,605, 962,571, 781,571, 781,534, 745,534, 745,521
Line 864,632, 990,632, 990,570, 1032,570, 1032,431, 990,431, 990,372, 734,372
Line 734,398, 962,398, 962,431, 780,431, 780,469, 745,469, 745,481
Line 959,431, 958,436
Line 950,469, 949,474
Line 937,533, 936,537
Line 929,566, 928,571

Line 706,461, 706,469, 568,469, 568,482, 579,482, 579,476, 630,476, 630,482
Line 706,541, 706,534, 568,534, 568,521, 579,521, 579,527, 630,527, 630,521

Stairs 867,605, 867,632, 920,605
Stairs 951,632, 951,605, 962,632
Stairs 737,398, 737,372, 796,398
Stairs 863,372, 863,398, 872,372

; кассы
BrushColor -1
Line 1010,478, 1025,478, 1025,518, 1010,518
AngleTextOut 90, Arial, 10, 1012, 510, кассы

; турникеты
Polygon 868,472, 874,472, 874,478, 868,478
Line 862,548, 873,567, 0.5
Line 905,469, 878,469, 0.5
PenColor 009900
Stairs 866,482, 861,482, 866,542
PenColor FF0000
Stairs 884,434, 879,434, 884,467

; эскалаторы 3
PenColor 7F7F7F
Stairs 637,486, 637,517, 750,486
PenColor 000000
BrushColor 9B5509

Polygon 630,482, 755,482, 755,486, 630,486
Polygon 630,493, 755,493, 755,498, 630,498
Polygon 630,505, 755,505, 755,510, 630,510
Polygon 630,517, 755,517, 755,521, 630,521

; лифт
PenColor 000000
BrushColor D0EFFF
Polygon 990,590, 1005,590, 1005,605, 990,605
BrushColor -1
AngleTextOut 0, Arial, 6, 991, 594, лифт

; стрелки
PenColor FF0000
Arrow 853,451, 866,451
PenColor 009900
Arrow 904,533, 889,528

; левый вестибюль

BrushColor D0D0D0
PenColor D0D0D0
;Polygon 8,516, 14,516, 25,519, 34,525, 43,533, 49,541, 54,550, 56,558, 57,566, 56,574, 53,581, 49,585, 40,587, 31,586, 23,583, 13,577, 6,570, -1,562, -6,553, -9,542, -9,531, -5,521, 2,517
Polygon 37,468, 44,469, 49,472, 52,475, 54,481, 55,487, 55,493, 54,499, 52,506, 49,511, 46,515, 42,520, 37,525, 32,530, 26,534, 20,536, 13,538, 5,538, -1,537, -5,535, -9,530, -11,523, -11,516, -10,508, -8,502, -3,494, 0,490, 7,482, 12,477, 16,474, 22,471, 30,468
Polygon -32,431, -89,431, -90,571, -32,571, -40,560, -44,551, -47,541, -49,531, -51,521, -53,513, -52,495, -52,483, -50,472, -48,460, -45,452, -42,445, -38,438

BrushColor FFFFFF
PenColor FFFFFF
Polygon -67,476, -67,515, -51,516, -52,505, -52,494, -52,485, -51,476

PenColor 000000
Spline 3,486, -11,513, -3,537, 28,533, 53,503, 51,473, 26,469, 3,486
Spline -32,431, -50,472, -49,531, -32,571

PenColor 000000
Line 98,605, -2,605, -2,571, 181,571, 181,534, 217,534, 217,527
Line 98,632, -32,632, -32,571, -90,571, -89,431, -32,431, -32,372, 229,372
Line 229,398, -2,398, -2,431, 180,431, 180,469, 217,469, 217,476
Line 4,431, 5,436
Line 13,470, 14,475
Line 26,534, 27,539
Line 34,571, 33,566

Line 256,461, 256,469, 394,469, 394,482, 383,482, 383,476, 332,476
Line 256,541, 256,534, 394,534, 394,521, 383,521, 383,527, 332,527

Stairs 44,605, 44,632, 97,605
Stairs 0,632, 0,605, 11,632
Stairs 170,398, 170,372, 229,398
Stairs 85,372, 85,398, 94,372

; кассы
BrushColor -1
Line -51,476, -67,476, -67,516, -51,516
AngleTextOut 90, Arial, 10, -65, 508, кассы

; турникеты
Polygon 84,472, 90,472, 90,478, 84,478
Line 92,550, 78,568, 0.5
Line 54,470, 81,470, 0.5
PenColor 009900
Stairs 98,483, 93,483, 98,548
PenColor FF0000
Stairs 79,435, 74,435, 79,468

; эскалатор 4
PenColor 7F7F7F
Stairs 214,480, 214,523, 327,480
PenColor 000000
BrushColor 9B5509
Polygon 207,476, 332,476, 332,480, 207,480
Polygon 207,487, 332,487, 332,492, 207,492
Polygon 207,499, 332,499, 332,504, 207,504
Polygon 207,511, 332,511, 332,516, 207,516
Polygon 207,523, 332,523, 332,527, 207,527

; стрелки
PenColor FF0000
Arrow 109,455, 94,455
PenColor 009900
Arrow 61,539, 77,534

;Улицы голубым
PenColor 00AFAF
BrushColor -1
AngleTextOut 0, Arial, 15, 1037, 486, ул. Милашенкова
AngleTextOut 0, Arial, 15, -210, 490, ул. Милашенкова
AngleTextOut 60, Arial, 15, 1075, 634, ул. Фонвизина

AngleTextOut 0, Arial, 15, 740, 347, 'к станции монорельса "Улица Милашенкова"'
Arrow 740,343, 823,343
