Size 910x440

; пути

BrushColor 34349C
Polygon 270,235, 270,205, 720,205, 720,235
Polygon 270,345, 270,315, 720,315, 720,345

PenColor 34349C
BrushColor -1
AngleTextOut 0, Arial, 20, 277, 185, << Партизанская
AngleTextOut 0, Arial, 20, 576, 345, Первомайская >>
AngleTextOut 0, Arial, 25, 401, 261, Измайловская, 1

; левый вестибюль

PenColor 000000
Line 210,330, 145,330, 145,321, 141,321, 141,356, 173,356
Line 173,372, 85,372
Line 85,356, 118,356, 118,321, 112,321, 112,227, 118,227, 118,194, 86,194
Line 86,178, 174,178
Line 174,194, 141,194, 141,227, 145,227, 145,219, 210,219
Line 210,330, 210,296, 270,296, 270,315
Line 270,235, 270,254, 210,254, 210,219
Stairs 88,178, 88,194, 117,178
Stairs 172,178, 172,194, 142,178
Stairs 88,372, 88,356, 117,372
Stairs 170,372, 170,356, 141,372
Stairs 236,254, 236,296, 215,254
Stairs 244,254, 244,296, 266,254

BrushColor D0D0D0
Polygon 141,261, 158,261, 158,289, 141,289

; кассы
BrushColor -1
Line 210,246, 200,246, 200,219
AngleTextOut 90, Arial, 10, 198, 245, кассы

; турникеты
BrushColor -1
Polygon 192,248, 198,248, 198,254, 192,254
Line 160,251, 158,251, 158,261, 0.5
PenColor 009900
Stairs 188,249, 188,253, 159,249
PenColor FF0000
Stairs 158,294, 153,294, 158,328

; стрелки
PenColor FF0000
Arrow 182,308, 167,308
PenColor 009900
Arrow 174,229, 174,241


; правый вестибюль

PenColor 000000
Line 875,167, 875,387, 899,387
Line 899,403, 821,403
Line 720,235, 720,245, 646,245, 646,255, 742,255, 742,216, 843,216, 843,167
Line 720,315, 720,305, 646,305, 646,295, 742,295, 742,332, 843,332, 843,387, 821,387

Stairs 666,255, 666,295, 687,255
Stairs 696,255, 696,295, 717,255
Stairs 843,201, 875,201, 843,167
Stairs 843,350, 875,350, 843,387
Stairs 843,387, 843,403, 821,387
Stairs 877,387, 877,403, 899,387

BrushColor D0D0D0
Polygon 817,251, 843,251, 843,299, 817,299, 817,289, 825,289, 825,261, 817,261

; кассы
BrushColor FFFFFF
Spline 817,289, 812,275, 817,261
BrushColor -1
AngleTextOut 90, Arial, 10, 814, 287, кассы

; турникеты
BrushColor -1
Line 782,292, 817,292, 0.5
Polygon 748,252, 744,256, 748,260, 752,256
Line 784,326, 784,332, 0.5
PenColor 009900
Stairs 755,260, 752,263, 784,289
PenColor FF0000
Stairs 786,294, 782,294, 786,327

; стрелки
PenColor FF0000
Arrow 799,312, 814,312
PenColor 009900
Arrow 791,256, 781,266


; Названия улиц голубым
PenColor 00AFAF
BrushColor -1
AngleTextOut 0, Arial, 15, 456, 145, Измайловский проспект
AngleTextOut -80, Arial, 15, 32, 7, 1-я Парковая улица
AngleTextOut -80, Arial, 15, 461, 10, 2-я Парковая улица
AngleTextOut -80, Arial, 15, 887, 7, 3-я Парковая улица
AngleTextOut 0, Arial, 15, 474, 421, Измайловский парк
