Size 960x920

; Севастопольская

; пути
BrushColor 9CA4A4
Polygon 395,137, 425,137, 425,587, 395,587
Polygon 504,137, 534,137, 534,587, 504,587

BrushColor -1
PenColor 4C4C4C
AngleTextOut 90, Arial, 20, 533, 584, Нахимовский проспект >>
AngleTextOut 90, Arial, 20, 372, 586, << Чертановская
AngleTextOut 90, Arial, 25, 466, 578, Севастопольская, 1

;инфосос
PenColor 34349C
BrushColor 34349C
Polygon 455,387, 455,383, 454,383, 454,387
PenColor FF0000
BrushColor FF0000
Polygon 455,391, 455,387, 454,387, 454,391


; северный торец

PenColor 000000
Line 504,137, 482,137, 482,195, 476,195, 476,190, 451,190, 451,195, 445,195, 445,137, 425,137

; южный вестибюль

PenColor 000000
Line 504,587, 504,596, 481,596
Line 425,587, 425,596, 446,596
Line 446,660, 406,660, 406,743, 380,743, 380,701
Line 357,701, 357,812
Line 380,812, 380,770, 407,770, 407,778, 469,778, 469,871, 522,871, 522,913
Line 543,913, 543,800
Line 522,800, 522,842, 498,842, 498,778, 521,778, 521,660, 481,660
Stairs 380,703, 357,703, 380,741
Stairs 380,810, 357,810, 380,772
Stairs 381,743, 381,770, 390,743
Stairs 522,802, 543,802, 522,840
Stairs 522,911, 543,911, 522,873

BrushColor D0D0D0
Polygon 438,725, 489,725, 489,739, 438,739

; эскалатор 3 верт
PenColor 7F7F7F
Stairs 449,658, 478,658, 449,595
PenColor 000000
BrushColor 9B5509
Polygon 446,665, 446,589, 449,589, 449,665
Polygon 456,665, 456,589, 460,589, 460,665
Polygon 467,665, 467,589, 471,589, 471,665
Polygon 478,665, 478,589, 481,589, 481,665

; кассы
BrushColor -1
Line 494,660, 494,669, 521,669
AngleTextOut 0, Arial, 10, 495, 658, кассы

; турникеты
BrushColor -1
Line 494,669, 494,675
Polygon 470,703, 467,700, 464,703, 467,706
Line 417,704, 406,704
Line 467,706, 467,725
PenColor 009900
Stairs 495,676, 493,674, 471,701
PenColor FF0000
Stairs 461,706, 461,703, 416,706

;инфосос
PenColor 34349C
BrushColor 34349C
Polygon 499,696, 499,692, 498,692, 498,696
PenColor FF0000
BrushColor FF0000
Polygon 499,700, 499,696, 498,696, 498,700


; переход

PenColor 000000
Line 472,294, 472,232
Line 454,294, 454,232
Line 454,312, 454,374
Line 472,312, 472,374
Line 456,313, 470,294
Spline 463,313, 465,307, 471,303
Spline 455,306, 461,301, 463,294
Stairs 454,373, 472,373, 454,312
Stairs 454,233, 472,233, 454,294

Arrow 463,294, 463,225
Arrow 463,379, 463,317

Opaque 90

PenColor FFFFFF
BrushColor FFFFFF
Polygon 393,282, 536,244, 536,327, 393,365

; Каховская

; пути
PenColor 000000
BrushColor 34649C
Polygon 662,179, 670,208, 235,324, 227,295
Polygon 691,285, 699,314, 264,431, 256,402

Opaque 100

PenColor 34649C
BrushColor -1
AngleTextOut 15, Arial, 20, 571, 348, Варшавская >>
AngleTextOut 15, Arial, 20, 220, 272, << тупик
AngleTextOut 15, Arial, 25, 540, 266, Каховская, 1

;инфосос
PenColor 34349C
BrushColor 34349C
Polygon 464,304, 465,308, 464,308, 463,304
PenColor FF0000
BrushColor FF0000
Polygon 463,300, 464,304, 463,304, 462,300


; правый вестибюль

PenColor 000000
Line 670,208, 676,229, 720,217, 711,182, 774,165, 774,87, 732,87
Line 732,64, 841,64
Line 841,87, 799,87, 799,159, 806,157, 855,339, 897,339
Line 784,362, 897,362
Line 691,285, 685,263, 730,251, 739,285, 807,267, 826,339, 784,339
Stairs 676,229, 685,263, 720,217
Stairs 786,339, 786,362, 824,339
Stairs 734,87, 734,64, 772,87
Stairs 839,87, 839,64, 801,87
Stairs 895,339, 895,362, 857,339

BrushColor D0D0D0
Polygon 772,197, 783,194, 795,238, 784,241

; кассы
BrushColor -1
Line 731,255, 739,253, 747,283
AngleTextOut -75, Arial, 10, 742, 256, кассы

; турникеты
BrushColor -1
Line 739,253, 743,252
Polygon 764,222, 759,219, 762,214, 767,217
Line 753,183, 750,171
Line 767,217, 777,214
PenColor 009900
Stairs 745,253, 741,251, 762,223
PenColor FF0000
Stairs 763,211, 759,212, 755,182

;инфосос
PenColor 34349C
BrushColor 34349C
Polygon 778,226, 779,230, 778,230, 777,226
PenColor FF0000
BrushColor FF0000
Polygon 777,222, 778,226, 777,226, 776,222


; левый вестибюль

PenColor 000000
Line 205,461, 165,476, 153,443, 215,426, 206,391, 250,379, 256,402
Line 212,481, 110,519
Line 103,499, 143,484, 130,450, 102,348, 68,255, 28,270
Line 21,252, 127,213
Line 134,232, 93,247, 125,339, 187,322, 197,358, 241,346, 235,324

Stairs 241,346, 250,379, 197,358
Stairs 203,462, 210,482, 167,475
Stairs 132,233, 125,214, 95,246
Stairs 105,498, 112,518, 141,485
Stairs 30,269, 23,251, 66,256

BrushColor D0D0D0
Polygon 133,369, 143,366, 155,411, 145,414

; кассы
BrushColor -1
Line 207,428, 200,400, 208,398
AngleTextOut -75, Arial, 10, 211, 400, кассы

; турникеты
BrushColor -1
Line 200,400, 196,401
Polygon 166,388, 169,383, 164,380, 161,385
Line 155,344, 152,332
Line 161,385, 149,388
PenColor 009900
Stairs 195,403, 197,399, 170,389
PenColor FF0000
Stairs 162,378, 166,377, 153,344

;инфосос
PenColor 34349C
BrushColor 34349C
Polygon 162,430, 166,429, 166,428, 162,429
PenColor FF0000
BrushColor FF0000
Polygon 158,431, 162,430, 162,429, 158,430


; переход

PenColor 000000
Line 393,313, 452,297, 457,315, 398,331
Line 528,277, 469,293, 474,311, 533,295
Stairs 530,296, 525,278, 474,311
Stairs 396,312, 401,330, 452,297

; Названия улиц голубым
PenColor 00AFAF
BrushColor -1
AngleTextOut 90, Arial, 15, 441, 913, Азовская улица
AngleTextOut 90, Arial, 15, 454, 114, Азовская улица
AngleTextOut 20, Arial, 15, 0, 413, улица Каховка
AngleTextOut 0, Arial, 15, 847, 202, Чонгарский бульвар
PenColor 000000

; стрелки
PenColor 000000
Arrow 473,302, 532,286
Arrow 392,323, 447,308
PenColor FF0000
Arrow 423,721, 423,734
Arrow 765,184, 779,180
Arrow 144,349, 130,353
PenColor 009900
Arrow 494,713, 485,704
Arrow 780,253, 765,246
Arrow 156,423, 165,411

