Size 730x800
Angle 50

; ЗЛ

; пути

BrushColor 047C54
Polygon 590,431, 140,431, 140,401, 590,401
Polygon 590,368, 590,398, 140,398, 140,368

; КЛ

; пути

BrushColor 34649C
Polygon 590,511, 590,541, 140,541, 140,511
Polygon 590,288, 590,258, 140,258, 140,288

PenColor 047C54
BrushColor -1
AngleTextOut 0, Arial, 20, 188, 444, Каширская, 1
PenColor 047C54
AngleTextOut 0, Arial, 15, 174, 351, << Кантемировская
AngleTextOut 0, Arial, 15, 452, 431, Коломенская >>
PenColor 34649C
AngleTextOut 0, Arial, 20, 185, 311, Каширская, 1
AngleTextOut 0, Arial, 15, 141, 241, << Варшавская
AngleTextOut 0, Arial, 15, 538, 541, тупик >>

; переход

Opaque 80
PenColor FFFFFF
BrushColor FFFFFF
Polygon 343,367, 386,367, 386,432, 343,432
Opaque 100

PenColor 000000
Line 431,343, 386,343, 386,456, 431,456
Line 431,480, 298,480
Line 298,456, 343,456, 343,343, 298,343
Line 298,319, 431,319
Stairs 431,343, 431,319, 386,343
Stairs 431,456, 431,480, 386,456
Stairs 298,343, 298,319, 343,343
Stairs 298,456, 298,480, 343,456
Stairs 386,443, 343,443, 386,456
Stairs 386,356, 343,356, 386,343

;инфосос
PenColor 34349C
BrushColor 34349C
Polygon 225,468, 225,464, 226,464, 226,468
PenColor FF0000
BrushColor FF0000
Polygon 225,472, 225,468, 226,468, 226,472

;инфосос
PenColor 34349C
BrushColor 34349C
Polygon 504,330, 504,334, 505,334, 505,330
PenColor FF0000
BrushColor FF0000
Polygon 504,326, 504,330, 505,330, 505,326


; Правый вестибюль

;Здания беж
PenColor DFDFDF
BrushColor FEFBF1
Polygon 663,297, 663,503, 789,503, 789,297

PenColor 000000
BrushColor D0D0D0
Polygon 789,297, 779,297, 779,303, 777,312, 772,322, 765,329, 759,334, 763,339, 766,337, 770,344, 773,352, 768,356, 773,369, 776,383, 776,416, 773,431, 768,445, 773,447, 770,456, 766,464, 763,462, 759,467, 766,472, 772,478, 777,488, 779,497, 779,503, 789,503
Polygon 663,297, 752,297, 741,308, 738,305, 663,305
Polygon 663,503, 663,495, 738,495, 741,492, 752,503
Polygon 663,350, 693,350, 693,368, 663,368
Polygon 663,430, 693,430, 693,449, 663,449
Polygon 590,368, 590,359, 561,359, 561,350, 626,350, 626,449, 561,449, 561,440, 590,440, 590,431

Line 590,288, 590,298, 561,298, 561,308, 576,308
Line 590,511, 590,502, 561,502, 561,492, 576,492
Line 663,423, 663,430, 693,430, 693,449, 646,449, 646,350, 693,350, 693,368, 663,368, 663,376

Stairs 686,320, 686,350, 647,320
Stairs 578,350, 578,320, 623,350
Stairs 578,449, 578,480, 623,449
Stairs 686,449, 686,480, 647,449


; эскалатор 1 гор
PenColor 7F7F7F
Stairs 582,483, 582,492, 683,483
PenColor 000000
BrushColor 9B5509
Polygon 576,480, 688,480, 688,483, 576,483
Polygon 576,492, 688,492, 688,495, 576,495

; эскалатор 1 гор
PenColor 7F7F7F
Stairs 582,308, 582,317, 683,308
PenColor 000000
BrushColor 9B5509
Polygon 576,305, 688,305, 688,308, 576,308
Polygon 576,317, 688,317, 688,320, 576,320

; кассы
BrushColor FFFFFF
Polygon 776,383, 787,383, 787,416, 776,416
BrushColor -1
AngleTextOut -90, Arial, 10, 788, 386, Кассы
AngleTextOut -90, Arial, 10, 671, 391, вход

; турникеты
BrushColor -1
Line 771,364, 754,364, 0.5
Polygon 735,431, 735,437, 729,437, 729,431
PenColor 009900
Stairs 753,366, 753,362, 695,366
Stairs 767,432, 767,436, 738,432
Stairs 725,432, 725,436, 695,432
PenColor FF0000
Stairs 759,329, 762,326, 741,311
Stairs 759,471, 762,474, 741,489

; стрелки
PenColor FF0000
Arrow 748,480, 757,489
Arrow 748,320, 757,311
PenColor 009900
Arrow 676,399, 692,399
Arrow 715,370, 715,351
Arrow 715,428, 715,445

;инфосос
PenColor 34349C
BrushColor 34349C
Polygon 682,426, 678,426, 678,427, 682,427
PenColor FF0000
BrushColor FF0000
Polygon 686,426, 682,426, 682,427, 686,427


; Левый вестибюль

;Здания беж
PenColor DFDFDF
BrushColor FEFBF1
Polygon 67,297, 67,503, -59,503, -59,297

PenColor 000000
BrushColor D0D0D0
Polygon -59,297, -49,297, -49,303, -47,312, -42,322, -35,329, -29,334, -33,339, -36,337, -40,344, -43,352, -38,356, -43,369, -46,383, -46,416, -43,431, -38,445, -43,447, -40,456, -36,464, -33,462, -29,467, -36,472, -42,478, -47,488, -49,497, -49,503, -59,503
Polygon 67,297, -22,297, -11,308, -8,305, 67,305
Polygon 67,503, -22,503, -11,492, -8,495, 67,495
Polygon 67,351, 37,351, 37,368, 67,368
Polygon 67,448, 37,448, 37,430, 67,430
Polygon 140,360, 169,360, 169,351, 104,351, 104,448, 169,448, 169,439, 140,439


Line 140,288, 140,298, 169,298, 169,308, 154,308
Line 140,511, 140,502, 169,502, 169,492, 154,492
Line 67,423, 67,430, 37,430, 37,448, 84,448, 84,351, 37,351, 37,368, 67,368, 67,376

Stairs 44,320, 44,351, 83,320
Stairs 152,351, 152,320, 107,351
Stairs 152,448, 152,480, 107,448
Stairs 44,448, 44,480, 83,448


; эскалатор 1 гор
PenColor 7F7F7F
Stairs 148,483, 148,492, 47,483
PenColor 000000
BrushColor 9B5509
Polygon 154,480, 42,480, 42,483, 154,483
Polygon 154,492, 42,492, 42,495, 154,495

; эскалатор 1 гор
PenColor 7F7F7F
Stairs 148,308, 148,317, 47,308
PenColor 000000
BrushColor 9B5509
Polygon 154,305, 42,305, 42,308, 154,308
Polygon 154,317, 42,317, 42,320, 154,320

; кассы
BrushColor FFFFFF
Polygon -46,383, -57,383, -57,416, -46,416
BrushColor -1
AngleTextOut -90, Arial, 10, -45, 386, Кассы
AngleTextOut -90, Arial, 10, 71, 390, вход

; турникеты
BrushColor -1
Line -41,364, -24,364, 0.5
Polygon -5,431, -5,437, 1,437, 1,431
PenColor 009900
Stairs -23,366, -23,362, 35,366
Stairs -37,432, -37,436, -8,432
Stairs 5,432, 5,436, 35,432
PenColor FF0000
Stairs -29,329, -32,326, -11,311
Stairs -29,471, -32,474, -11,489

; стрелки
PenColor FF0000
Arrow -18,480, -27,489
Arrow -18,320, -27,311
PenColor 009900
Arrow 53,399, 37,399
Arrow 15,370, 15,351
Arrow 15,428, 15,445

;инфосос
PenColor 34349C
BrushColor 34349C
Polygon 45,371, 49,371, 49,372, 45,372
PenColor FF0000
BrushColor FF0000
Polygon 41,371, 45,371, 45,372, 41,372


; Названия улиц голубым
PenColor 00AFAF
BrushColor -1
AngleTextOut -90, Arial, 15, 370, 91, Каширское шоссе
AngleTextOut -90, Arial, 15, 376, 570, Каширское шоссе

; Выходы
Angle -50
PenColor FFD900
BrushColor 615F56
SpotRect 700, 164, 30, 30, ShowMessage Выход №1
SpotRect 0, 608, 30, 30
SpotRect 193, 769, 30, 30
SpotRect 496, 1, 30, 30
SpotRect 523, 174, 30, 30
SpotRect 182, 610, 30, 30
BrushColor -1
TextOut Arial, 25, 708, 165, 1
TextOut Arial, 25, 8, 609, 2
TextOut Arial, 25, 201, 770, 3
TextOut Arial, 25, 504, 2, 4
TextOut Arial, 25, 531, 175, 5
TextOut Arial, 25, 190, 611, 6
