Size 1070x1390

Angle 25

;Здания беж
BrushColor FEFBF1
PenColor CCCCCC
Polygon 445,1006, 445,917, 817,917, 817,1314, 445,1314, 445,1225, 680,1225, 680,1006

PenColor 000000
AngleTextOut -90, Arial, 15, 759, 1057, Киевский вокзал


; переход центр - круг

; эскалатор 4 55
PenColor 7F7F7F
Stairs 348,901, 396,914, 406,686
PenColor 000000
BrushColor 9B5509
Polygon 342,908, 403,678, 407,679, 346,909
Polygon 353,911, 415,681, 420,683, 358,912
Polygon 366,915, 428,685, 434,687, 371,916
Polygon 380,919, 442,689, 447,691, 385,920
Polygon 393,922, 455,693, 458,694, 397,923

Arrow 415,666, 413,674
Arrow 453,686, 455,679

Opaque 85
PenColor FFFFFF
BrushColor FFFFFF
Polygon 384,741, 448,741, 426,822, 363,822
Opaque 100

; ФЛ

PenColor 000000
BrushColor 2C7CAC
Polygon 190,712, 640,712, 640,742, 190,742
Polygon 190,822, 640,822, 640,852, 190,852

PenColor 2C7CAC
BrushColor -1
AngleTextOut 0, Arial, 20, 192, 689, << Студенческая
AngleTextOut 0, Arial, 20, 192, 672, << Выставочная
AngleTextOut 0, Arial, 20, 509, 852, Смоленская >>
AngleTextOut 0, Arial, 25, 363, 763, Киевская, 1

;инфосос
PenColor 34349C
BrushColor 34349C
Polygon 255,800, 255,804, 256,804, 256,800
PenColor FF0000
BrushColor FF0000
Polygon 255,796, 255,800, 256,800, 256,796

;инфосос
PenColor 34349C
BrushColor 34349C
Polygon 620,758, 620,754, 621,754, 621,758
PenColor FF0000
BrushColor FF0000
Polygon 620,762, 620,758, 621,758, 621,762


; КЛ

PenColor 000000
BrushColor 9B5509
Polygon 432,411, 548,-23, 577,-15, 461,419
Polygon 538,440, 654,6, 683,14, 567,448

PenColor 9B5509
BrushColor -1
AngleTextOut -105, Arial, 20, 707, 24, << Краснопресненская
AngleTextOut -105, Arial, 20, 461, 302, Парк Культуры >>
AngleTextOut -105, Arial, 25, 595, 145, Киевская, 1

PenColor 000000
Line 577,-15, 595,-10, 588,16, 592,17, 593,14, 626,23, 625,26, 629,27, 636,1, 654,6

;инфосос
PenColor 34349C
BrushColor 34349C
Polygon 531,413, 530,417, 531,417, 532,413
PenColor FF0000
BrushColor FF0000
Polygon 532,409, 531,413, 532,413, 533,409


; переход от КЛ до центра

PenColor 000000
Line 461,419, 480,424
Line 538,440, 520,435

; эскалатор 3 55
PenColor 7F7F7F
Stairs 517,433, 483,424, 462,639
PenColor 000000
BrushColor 9B5509
Polygon 485,418, 427,633, 424,632, 482,417
Polygon 493,420, 498,421, 440,636, 435,635
Polygon 506,424, 511,425, 453,640, 448,639
Polygon 519,427, 461,642, 464,643, 522,428

; АПЛ

Opaque 85
PenColor FFFFFF
BrushColor FFFFFF
Polygon 459,492, 506,492, 485,572, 439,572
Opaque 100

PenColor 000000
BrushColor 34349C
Polygon 263,462, 713,462, 713,492, 263,492
Polygon 263,572, 713,572, 713,602, 263,602

PenColor 34349C
BrushColor -1
AngleTextOut 0, Arial, 20, 266, 437, << Парк Победы
AngleTextOut 0, Arial, 20, 553, 602, Смоленская >>
AngleTextOut 0, Arial, 25, 460, 515, Киевская, 1



; переход АПЛ - КЛ

Opaque 80
PenColor FFFFFF
BrushColor FFFFFF
Polygon 615,274, 583,266, 580,277, 612,285
Polygon 607,305, 575,297, 572,308, 604,316
Opaque 100

PenColor 000000
Line 713,492, 713,507, 687,507, 687,512
Line 713,572, 713,560, 687,560, 687,555
Line 737,555, 737,561, 798,561, 798,281, 642,281, 579,264
Line 737,512, 737,507, 755,507, 755,320, 618,320, 568,307
Line 576,276, 617,287, 621,294, 619,302, 612,306, 571,295

Stairs 602,304, 599,315, 573,296
Stairs 610,273, 607,284, 581,265

BrushColor D0D0D0
Polygon 774,476, 774,504, 779,504, 779,476

; эскалатор 3 гор
PenColor 7F7F7F
Stairs 739,552, 739,515, 692,552
PenColor 000000
BrushColor 9B5509
Polygon 746,515, 687,515, 687,512, 746,512
Polygon 746,524, 746,529, 687,529, 687,524
Polygon 746,538, 746,543, 687,543, 687,538
Polygon 746,552, 687,552, 687,555, 746,555

Arrow 766,420, 766,440
Arrow 785,440, 785,420


; переход КЛ ФЛ + восточный вестибюль

;белые участки
Opaque 80
PenColor FFFFFF
BrushColor FFFFFF
Polygon 530,174, 532,164, 497,154, 496,165
Polygon 523,200, 525,190, 491,181, 489,191

Polygon 588,462, 634,424, 734,543, 733,620, 683,620, 682,574
Polygon 474,248, 586,381, 573,430, 461,296
Opaque 100

PenColor 000000
Line 533,164, 497,154
Spline 497,154, 467,155, 439,171
Line 439,171, 385,216, 409,245, 413,242
Line 523,201, 486,191
Spline 486,191, 473,193, 458,201
Line 458,201, 446,211
Line 526,190, 489,180
Spline 493,165, 482,166, 468,172, 450,185
Spline 450,185, 465,179, 477,178, 489,180
Line 493,165, 530,175
Stairs 527,174, 530,163, 500,167
Stairs 520,200, 523,189, 493,193

Line 594,457, 588,462, 682,574, 682,753, 677,758, 640,758, 640,742
Line 628,429, 634,424, 734,543, 734,579, 838,579, 838,630, 824,630, 824,635, 844,635, 844,603
Line 862,603, 862,717, 858,717, 858,933
Line 840,933, 840,899, 834,893, 791,893
Line 791,875, 823,875, 823,812, 819,812, 819,782, 823,782, 823,717, 791,717
Line 791,699, 819,699, 819,671, 763,671, 763,635, 773,635, 773,630, 734,630, 734,753, 739,758, 739,807, 734,812, 682,812, 677,807, 640,807, 640,822
Stairs 844,606, 862,606, 844,633
Stairs 840,930, 858,930, 840,904
Stairs 794,875, 794,893, 820,875
Stairs 794,699, 794,717, 816,699
Stairs 682,689, 734,689, 682,718
Stairs 642,758, 642,807, 676,758

BrushColor D0D0D0
Polygon 789,630, 789,635, 807,635, 807,630

; эскалатор 3
PenColor 7F7F7F
Stairs 598,456, 627,432, 414,237
PenColor 000000
BrushColor 9B5509
Polygon 630,436, 441,211, 444,209, 633,434
Polygon 623,442, 619,445, 430,220, 434,217
Polygon 612,451, 608,454, 419,229, 423,226
Polygon 601,460, 412,235, 409,237, 598,462

; кассы
BrushColor -1
Line 808,579, 808,571, 838,571, 838,579
AngleTextOut 0, Arial, 10, 811, 568, кассы

; турникеты
BrushColor -1
Polygon 747,582, 753,582, 753,588, 747,588
Line 750,608, 750,614
Line 750,611, 788,611, 798,621, 798,630, 0.5
Line 612,451, 710,568, 710,584, 0.5
PenColor 009900
Stairs 752,592, 748,592, 752,609
PenColor FF0000
Stairs 752,614, 748,614, 752,629

; стрелки
PenColor FF0000
Arrow 760,620, 774,620
Arrow 403,216, 411,226
PenColor 009900
Arrow 777,598, 763,598
Arrow 641,457, 631,445

;инфосос
PenColor 34349C
BrushColor 34349C
Polygon 738,626, 734,626, 734,627, 738,627
PenColor FF0000
BrushColor FF0000
Polygon 742,626, 738,626, 738,627, 742,627


; переход АПЛ - центр (слева)

Opaque 80
PenColor FFFFFF
BrushColor FFFFFF
Polygon 309,571, 309,603, 357,603, 348,591, 347,571, 337,571, 336,582, 328,591, 320,582, 319,571
Polygon 308,493, 320,493, 320,463, 308,463
Polygon 336,493, 348,493, 348,463, 336,463
Opaque 100

PenColor 000000
Line 263,492, 263,500, 308,500
Line 348,500, 348,465
Line 320,500, 336,500
Line 336,465, 336,507, 320,507, 320,465
Line 308,465, 308,603, 358,662, 400,673, 396,688, 400,689
Line 263,572, 263,558, 308,558
Line 320,558, 336,558
Line 348,558, 348,591, 375,623, 412,633, 416,618, 427,621
Stairs 383,507, 383,551, 361,507
Stairs 336,502, 348,502, 336,468
Stairs 308,502, 320,502, 308,468
Stairs 308,553, 320,553, 308,582
Stairs 336,553, 348,553, 336,582

BrushColor D0D0D0
Line 320,551, 336,551, 336,582, 328,590, 320,582, 320,551
Polygon 404,660, 407,649, 399,647, 392,651, 396,658
Polygon 348,507, 348,500, 386,500, 386,507
Polygon 348,558, 348,551, 386,551, 386,558

Arrow 366,643, 381,647

BrushColor -1
Line 308,519, 300,519, 300,548, 308,548
AngleTextOut -90, Arial, 10, 311, 521, панно

;инфосос
PenColor 34349C
BrushColor 34349C
Polygon 354,547, 350,547, 350,548, 354,548
PenColor FF0000
BrushColor FF0000
Polygon 358,547, 354,547, 354,548, 358,548


; переход АПЛ - центр (в центре)

Opaque 80
PenColor FFFFFF
BrushColor FFFFFF
Polygon 501,565, 513,565, 512,603, 502,603
Polygon 532,565, 544,565, 543,603, 533,603
Opaque 100

PenColor 000000
Line 501,562, 501,649, 499,657, 474,650, 478,635, 467,632
Line 513,562, 513,605, 518,613, 527,613, 532,605, 532,562
Line 544,562, 544,655, 530,709, 464,691, 460,705, 456,704
Stairs 501,564, 513,564, 501,585
Stairs 532,564, 544,564, 532,585

BrushColor D0D0D0
Polygon 467,677, 470,666, 478,668, 482,675, 475,679

Arrow 515,673, 519,658


; южный вестибюль

Line 190,742, 190,762, 205,762, 205,769, 180,769
Line 191,769, 178,756, 158,756, 144,770, 144,792, 157,805, 157,887, 104,887, 104,867, 97,867
Line 35,867, 28,867, 28,887, -7,887
Line -7,905, 28,905, 28,952, -7,952
Line -7,970, 28,970, 28,1020, 38,1020, 38,1042, 54,1042, 54,1050, 77,1050, 77,1074, 69,1074, 69,1077, 41,1077
Line 41,1095, 69,1095, 69,1109, 41,1109
Line 41,1127, 69,1127, 69,1130, 77,1130, 77,1162, 69,1162, 69,1166, 41,1166
Line 41,1184, 69,1184, 69,1196, 41,1196
Line 41,1214, 69,1214, 69,1217, 103,1217, 103,1214, 132,1214
Line 132,1196, 103,1196, 103,1162, 95,1162, 95,1130, 103,1130, 103,1127, 132,1127
Line 132,1109, 103,1109, 103,1095, 132,1095
Line 132,1077, 103,1077, 103,1074, 94,1074, 94,1050, 104,1050, 104,1026, 54,1026, 54,1020, 104,1020, 104,993, 104,982, 111,982, 111,994, 151,994, 151,988, 246,988, 246,977, 274,977, 274,988, 305,988
Line 190,822, 190,800, 205,800, 205,793, 180,793
Line 192,793, 179,806, 179,887, 189,887, 189,936, 217,936, 217,929, 208,929, 208,867, 215,867, 215,868
Line 222,868, 222,867, 228,867, 228,868
Line 235,868, 235,867, 242,867, 242,929, 233,929, 233,936, 246,936, 246,946, 274,946, 274,937, 285,937
Spline 285,937, 285,930, 286,922, 288,915
Line 288,915, 267,894
Line 279,882, 301,904, 301,883, 295,883, 295,867, 299,867, 299,868
Line 326,868, 326,867, 330,867, 330,883, 324,883, 324,919
Spline 324,919, 329,910, 336,903, 345,897
Spline 400,912, 408,933, 403,955, 389,972
Line 416,950, 441,957
Spline 416,950, 408,967, 394,980
Line 394,980, 389,972
Line 233,962, 318,962, 0.5
Line 79,867, 75,867
Line 57,867, 53,867
Line 306,868, 306,867, 309,867, 309,868
Line 316,868, 316,867, 319,867, 319,868
Spline 441,957, 407,1003, 352,1014, 305,988
Stairs 248,946, 248,977, 273,946
Stairs 77,1052, 94,1052, 77,1074
Stairs 130,1077, 130,1095, 103,1077
Stairs 130,1109, 130,1127, 103,1109
Stairs 43,1077, 43,1095, 69,1077
Stairs 43,1127, 43,1109, 69,1127
Stairs 77,1130, 95,1130, 77,1160
Stairs 43,1166, 43,1184, 69,1166
Stairs 43,1214, 43,1196, 69,1214
Stairs 130,1214, 130,1196, 103,1214
Stairs 195,769, 195,793, 180,769
Stairs 157,846, 179,846, 157,875
Stairs 208,879, 242,879, 208,889
Stairs 286,913, 298,901, 268,895
Stairs 28,875, 104,875, 28,884
Stairs -5,887, -5,905, 25,887
Stairs -5,970, -5,952, 25,970


;PenColor 0000FF
;BrushColor -1
;Ellipse 281,898, 369,986
;Ellipse 271,888, 379,996
;Ellipse 245,862, 405,1022
;PenColor 000000

BrushColor D0D0D0
Polygon 104,915, 147,915, 147,961, 104,961

PenColor D0D0D0
Polygon 320,942, 326,958, 337,970, 354,979, 352,988, 337,982, 324,971, 316,958, 311,942
PenColor 000000
Spline 321,942, 327,958, 338,970, 354,978
Line 354,978, 352,988
Spline 352,988, 337,982, 324,971, 316,958, 311,942
Line 311,942, 321,942

PenColor 000000
BrushColor -1
AngleTextOut 0, Arial, 15, 147, 1097, Выходы к поездам
AngleTextOut 0, Arial, 15, 146, 1112, дальнего следования
AngleTextOut 0, Arial, 15, -94, 902, Выходы к
AngleTextOut 0, Arial, 15, -94, 917, пригородным
AngleTextOut 0, Arial, 15, -94, 932, поездам

; кассы
BrushColor -1
Line 242,890, 250,890, 250,916, 242,916
AngleTextOut -90, Arial, 10, 253, 891, кассы
Line 104,915, 96,915, 96,961, 104,961
AngleTextOut -90, Arial, 10, 107, 927, кассы
Line 104,993, 96,993, 96,1020
AngleTextOut -90, Arial, 10, 107, 994, кассы
Line 151,988, 125,988, 125,994
AngleTextOut 0, Arial, 6, 127, 987, полиция

; турникеты
BrushColor -1
Polygon 165,981, 170,981, 170,986, 165,986
Polygon 211,914, 211,920, 217,920, 217,914
PenColor 009900
Stairs 221,915, 221,919, 238,915
Stairs 161,979, 164,976, 145,963
PenColor FF0000
Stairs 120,911, 124,911, 120,890
Stairs 320,889, 320,885, 303,889

; стрелки
PenColor FF0000
Arrow 125,901, 112,901
Arrow 314,892, 314,876
PenColor 009900
Arrow 155,976, 167,964
Arrow 227,913, 227,927
PenColor 000000

;инфосос
PenColor 34349C
BrushColor 34349C
Polygon 223,983, 219,983, 219,984, 223,984
PenColor FF0000
BrushColor FF0000
Polygon 227,983, 223,983, 223,984, 227,984


; Названия улиц голубым
PenColor 00AFAF
BrushColor -1
AngleTextOut 0, Arial, 15, -98, 843, Киевская улица
AngleTextOut 0, Arial, 15, 456, 873, площадь Киевского вокзала
AngleTextOut -90, Arial, 15, 863, 459, 'ТРЦ "Европейский"'


Opaque 70
; "закрыто"
PenColor FFD0D0
BrushColor FFD0D0
Polygon 306,461, 350,461, 350,509, 306,509
Polygon 265,894, 279,880, 300,901, 286,915
PenColor FF4040
Opaque 100

PenColor FF4040
BrushColor -1
AngleTextOut 0, Arial, 15, 304, 475, Закрыто
Dashed 306,461, 350,461, 350,509, 306,509, 306,461
Dashed 265,894, 279,880, 300,901, 286,915, 265,894
BrushColor 000000
