Size 1470x1300
Angle -60

; пути

BrushColor FC9C54
Polygon 518,550, 518,520, 968,520, 968,550
Polygon 518,398, 518,368, 968,368, 968,398

BrushColor AC1CAC
Polygon 968,508, 518,508, 518,478, 968,478
Polygon 968,660, 518,660, 518,630, 968,630

PenColor AC24AC
BrushColor -1
AngleTextOut 0, Arial, 20, 856, 661, Таганская >>
AngleTextOut 0, Arial, 25, 690, 289, Китай-город, 1
PenColor F7782E
AngleTextOut 0, Arial, 20, 524, 342, << Тургеневская
AngleTextOut 0, Arial, 25, 688, 287, Китай-город, 1
PenColor 000000
AngleTextOut 0, Arial, 20, 525, 486, << Кузнецкий мост
AngleTextOut 0, Arial, 20, 817, 522, Третьяковская >>
PenColor FFFFFF
AngleTextOut 0, Arial, 20, 523, 485, << Кузнецкий мост
AngleTextOut 0, Arial, 20, 815, 521, Третьяковская >>

;инфосос
PenColor 34349C
BrushColor 34349C
Polygon 806,592, 806,588, 807,588, 807,592
PenColor FF0000
BrushColor FF0000
Polygon 806,596, 806,592, 807,592, 807,596

;инфосос
PenColor 34349C
BrushColor 34349C
Polygon 809,438, 809,434, 810,434, 810,438
PenColor FF0000
BrushColor FF0000
Polygon 809,442, 809,438, 810,438, 810,442


; левый вестибюль

PenColor 000000
Line 518,630, 518,619, 464,619, 464,697, 411,750, 407,746
Line 518,550, 518,561, 466,561, 466,467, 518,467, 518,478
Line 518,398, 518,407, 406,407, 406,681, 374,713, 378,717
Spline 380,773, 391,794, 392,818, 383,841, 363,859, 336,866
Line 336,866, 265,866, 265,839, 293,839, 293,827, 209,827, 209,984, 219,994, 272,994
Line 272,1016, 108,1016
Line 108,994, 160,994, 170,984, 170,699, 120,699, 120,731
Line 99,731, 99,678, 170,678, 170,563, 113,563, 101,551, 101,517
Line 122,517, 122,544, 183,544, 243,484, 243,414, 221,414
Line 221,391, 267,391, 267,501, 373,501, 373,529
Line 349,529, 349,522, 249,522, 211,560, 211,612, 249,612, 249,680, 265,680, 265,648
Line 282,648, 282,740
Line 265,740, 265,708, 249,708, 249,791, 293,791, 293,779, 265,779, 265,752, 343,752
Stairs 514,619, 514,561, 468,619
Stairs 514,467, 514,407, 468,467
Stairs 110,994, 110,1016, 148,994
Stairs 269,994, 269,1016, 231,994
Stairs 99,729, 120,729, 99,711
Stairs 146,699, 146,678, 164,699
Stairs 122,519, 101,519, 122,537
Stairs 142,544, 142,563, 163,544
Stairs 267,421, 243,421, 267,458
Stairs 301,501, 301,522, 331,501
Stairs 282,650, 265,650, 282,668
Stairs 282,738, 265,738, 282,720
Stairs 261,708, 261,680, 252,708
Stairs 281,827, 281,791, 251,827
Stairs 227,414, 227,391, 237,414

; эскалатор 4 45
PenColor 7F7F7F
Stairs 336,763, 361,788, 377,722
PenColor 000000
BrushColor 9B5509
Polygon 330,765, 378,717, 380,719, 332,767
Polygon 336,771, 384,723, 387,726, 339,774
Polygon 343,778, 391,730, 394,733, 346,781
Polygon 350,785, 398,737, 401,740, 353,788
Polygon 357,792, 405,744, 407,746, 359,794


; кассы
BrushColor -1
Line 276,839, 276,866
AngleTextOut 90, Arial, 10, 263, 865, кассы

; турникеты
Line 344,780, 322,802
Polygon 325,802, 321,806, 325,810, 329,806
PenColor 009900
Stairs 328,812, 331,809, 369,853

; стрелки
PenColor FF0000
Arrow 402,701, 389,714
PenColor 009900
Arrow 410,735, 423,722

;инфосос
PenColor 34349C
BrushColor 34349C
Polygon 305,755, 309,755, 309,756, 305,756
PenColor FF0000
BrushColor FF0000
Polygon 301,755, 305,755, 305,756, 301,756


; правый вестибюль

PenColor 000000
Line 968,630, 968,619, 918,619, 918,609, 986,609, 986,602
Line 986,573, 986,567, 918,567, 918,557, 968,557, 968,550
Line 968,478, 968,469, 916,469, 916,459, 986,459, 986,453
Line 986,424, 986,417, 918,417, 918,407, 968,407, 968,398
Line 1364,291, 1390,291, 1390,297, 1342,297, 1293,346, 1204,346
Line 1204,369, 1256,369, 1212,413, 1042,413, 1042,424
Line 1042,453, 1042,573
Line 1042,602, 1042,612, 1191,612, 1298,702, 1243,768
Line 1256,779, 1282,748, 1313,774
Line 1324,761, 1293,735, 1353,663, 1384,689
Line 1395,676, 1320,613
Line 1309,626, 1340,652, 1319,677, 1203,579, 1190,579, 1190,526, 1232,526, 1246,512, 1246,459
Line 1224,459, 1224,505, 1190,505, 1190,453, 1230,453, 1361,322, 1411,322, 1411,267, 1364,267
Stairs 1368,267, 1368,291, 1386,267
Stairs 1368,322, 1368,297, 1386,322
Stairs 1242,369, 1242,346, 1204,369
Stairs 1224,461, 1246,461, 1224,499
Stairs 1216,505, 1216,526, 1206,505
Stairs 1321,614, 1310,627, 1350,638
Stairs 1394,675, 1383,688, 1365,651
Stairs 1323,760, 1312,773, 1294,736
Stairs 1280,750, 1267,739, 1256,779

BrushColor D0D0D0
Polygon 1133,459, 1145,459, 1145,496, 1133,496
Polygon 1133,536, 1145,536, 1145,573, 1133,573

; эскалатор 3 гор
PenColor 7F7F7F
Stairs 1044,450, 1044,427, 985,450
PenColor 000000
BrushColor 9B5509
Polygon 1051,427, 980,427, 980,424, 1051,424
Polygon 1051,432, 1051,436, 980,436, 980,432
Polygon 1051,441, 1051,445, 980,445, 980,441
Polygon 1051,450, 980,450, 980,453, 1051,453

; эскалатор 3 гор
PenColor 7F7F7F
Stairs 1044,599, 1044,576, 985,599
PenColor 000000
BrushColor 9B5509
Polygon 1051,576, 980,576, 980,573, 1051,573
Polygon 1051,581, 1051,585, 980,585, 980,581
Polygon 1051,590, 1051,594, 980,594, 980,590
Polygon 1051,599, 980,599, 980,602, 1051,602


; кассы
BrushColor -1
Line 1042,473, 1028,473, 1028,551, 1042,551
AngleTextOut 90, Arial, 10, 1028, 521, кассы

; турникеты
BrushColor -1
Line 1051,434, 1101,434, 0.5
Line 1042,463, 1073,463, 0.5
Line 1042,563, 1073,563, 0.5
Line 1051,592, 1101,592, 0.5
Polygon 1072,460, 1076,464, 1080,460, 1076,456
Polygon 1072,566, 1076,562, 1080,566, 1076,570
PenColor 009900
Stairs 1082,457, 1079,454, 1103,436
Stairs 1082,569, 1079,572, 1103,590

; стрелки
PenColor FF0000
Arrow 1133,435, 1170,435
Arrow 1133,593, 1170,593
PenColor 009900
Arrow 1156,516, 1119,516


; Названия улиц голубым
PenColor 00AFAF
BrushColor -1
AngleTextOut 0, Arial, 15, 36, 610, Лубянский проезд
AngleTextOut 0, Arial, 15, 556, 840, Старая площадь
AngleTextOut 0, Arial, 15, -46, 842, Новая площадь
AngleTextOut 90, Arial, 15, 167, 462, улица Маросейка
AngleTextOut 90, Arial, 15, 1266, 555, Славянская площадь
AngleTextOut 0, Arial, 15, 1334, 220, Солянский тупик
AngleTextOut 80, Arial, 15, 1190, 833, улица Варварка
AngleTextOut 140, Arial, 15, 1397, 785, Китайгородский
AngleTextOut 140, Arial, 15, 1404, 773, проезд


-------------------------------
PenColor 00AFAF
BrushColor -1
AngleTextOut 90, Arial, 15, 172, 1152, улица Ильинка
PenColor 000000


; переход
Opaque 80
PenColor FFFFFF
BrushColor FFFFFF
Polygon 726,477, 762,477, 762,551, 726,551
PenColor 000000
Line 762,571, 762,456
Line 726,571, 726,456
Stairs 762,459, 726,459, 762,485
Stairs 762,545, 726,545, 762,571
Opaque 100


; Выходы
Angle 60
PenColor FFD900
BrushColor 615F56
SpotRect 135, 407, 30, 30, ShowMessage Выход №1
SpotRect 79, 304, 30, 30
SpotRect 334, 92, 30, 30
SpotRect 489, 4, 30, 30
SpotRect 717, 63, 30, 30
SpotRect 685, 224, 30, 30
SpotRect 1390, 1061, 30, 30
SpotRect 1251, 891, 30, 30
SpotRect 1148, 1024, 30, 30
SpotRect 1070, 1139, 30, 30
SpotRect 1057, 1199, 30, 30
SpotRect 914, 1229, 30, 30
SpotRect 450, 302, 30, 30
SpotRect 841, 1152, 30, 30
SpotRect 511, 265, 30, 30
BrushColor -1
TextOut Arial, 25, 143, 408, 1
TextOut Arial, 25, 87, 305, 2
TextOut Arial, 25, 342, 93, 3
TextOut Arial, 25, 497, 5, 5
TextOut Arial, 25, 725, 64, 6
TextOut Arial, 25, 693, 225, 7
TextOut Arial, 25, 1398, 1062, 8
TextOut Arial, 25, 1259, 892, 9
TextOut Arial, 25, 1150, 1025, 10
TextOut Arial, 25, 1072, 1140, 11
TextOut Arial, 25, 1059, 1200, 12
TextOut Arial, 25, 916, 1230, 13
TextOut Arial, 25, 843, 1153, 14
TextOut Arial, 25, 452, 303, 4.1
TextOut Arial, 25, 513, 266, 4.2
