Size 680x1220

Angle -90

; пути

BrushColor 046434
Polygon 85,543, 535,543, 535,573, 85,573
Polygon 85,652, 535,652, 535,682, 85,682

PenColor 046434
BrushColor -1
AngleTextOut 0, Arial, 20, 85, 519, << Автозаводская
AngleTextOut 0, Arial, 20, 417, 682, Каширская >>
AngleTextOut 0, Arial, 25, 241, 604, Коломенская, 1

;инфосос
PenColor 34349C
BrushColor 34349C
Polygon 312,606, 312,602, 313,602, 313,606
PenColor FF0000
BrushColor FF0000
Polygon 312,610, 312,606, 313,606, 313,610


; левый вестибюль

PenColor 000000
Line 85,573, 85,584, 33,584, 33,554, -59,554, -59,557, -70,557, -70,554, -80,554, -80,436, -35,436
Line -35,414, -171,414
Line -171,437, -119,437, -119,752, -170,752
Line -170,774, -35,774
Line -35,752, -80,752, -80,670, -70,670, -70,667, -59,667, -59,670, 33,670, 33,641, 85,641, 85,652
Stairs 82,641, 82,584, 36,641
Stairs -37,436, -37,414, -75,436
Stairs -169,437, -169,414, -131,437
Stairs -168,774, -168,752, -130,774
Stairs -37,774, -37,752, -76,774

BrushColor d0d0d0
Polygon -70,579, -59,579, -59,645, -70,645

; кассы
BrushColor -1
Line 24,554, 24,582, 33,582
AngleTextOut 90, Arial, 10, 22, 580, кассы

; турникеты
BrushColor -1
Line 24,582, 3,582, 0.5
Stairs -4,590, 0,592, -31,644
Polygon 0,581, 5,584, 2,589, -3,586
Line -29,645, -59,645, 0.5
PenColor 009900
Stairs -4,590, 0,592, -31,644

; стрелки
PenColor FF0000
Arrow -50,658, -72,658
PenColor 009900
Arrow -31,588, -16,596

;инфосос
PenColor 34349C
BrushColor 34349C
Polygon -56,590, -56,586, -55,586, -55,590
PenColor FF0000
BrushColor FF0000
Polygon -56,594, -56,590, -55,590, -55,594

;инфосос
PenColor 34349C
BrushColor 34349C
Polygon -56,590, -56,586, -55,586, -55,590
PenColor FF0000
BrushColor FF0000
Polygon -56,594, -56,590, -55,590, -55,594


; правый вестибюль

PenColor 000000
Line 535,573, 535,584, 586,584, 586,552, 678,552, 678,555, 687,555, 687,551, 698,551, 698,462, 655,462
Line 655,440, 794,440
Line 794,440, 794,416, 897,416, 897,463, 859,463
Line 880,440, 811,440
Line 859,443, 880,443, 880,440, 811,440, 811,463, 736,463, 736,752, 933,752
Line 933,776, 656,776
Line 656,752, 698,752, 698,672, 687,672, 687,669, 678,669, 678,673, 586,673, 586,641, 535,641, 535,652
Stairs 861,463, 861,443, 879,463
Stairs 774,440, 774,463, 792,440
Stairs 657,462, 657,440, 695,462
Stairs 931,776, 931,752, 893,776
Stairs 658,776, 658,752, 696,776
Stairs 583,641, 583,584, 537,641

BrushColor d0d0d0
Polygon 678,582, 687,582, 687,643, 678,643

; кассы
BrushColor -1
Line 595,552, 595,580, 586,580
AngleTextOut 90, Arial, 10, 584, 578, кассы

; турникеты
BrushColor -1
Line 595,580, 616,580, 0.5
Polygon 619,579, 614,582, 617,587, 622,584
Line 648,643, 678,643, 0.5
PenColor 009900
Stairs 623,588, 619,590, 650,642

; стрелки
PenColor FF0000
Arrow 673,656, 693,656
PenColor 009900
Arrow 638,609, 621,619

;инфосос
PenColor 34349C
BrushColor 34349C
Polygon 674,618, 674,622, 675,622, 675,618
PenColor FF0000
BrushColor FF0000
Polygon 674,614, 674,618, 675,618, 675,614


; Названия улиц голубым
PenColor 00AFAF
BrushColor -1
AngleTextOut 90, Arial, 15, 767, 373, улица Новинки
AngleTextOut 90, Arial, 15, 767, 936, улица Нагатинская
AngleTextOut 0, Arial, 15, 790, 603, проспект Андропова
AngleTextOut 0, Arial, 15, -257, 603, проспект Андропова
