Size 1060x1240
Angle 15

; Сокольническая

;Здания беж
PenColor FEFBF1
BrushColor FEFBF1
Polygon 633,6, 633,420, 420,420, 420,-51
Polygon 1121,137, 1121,420, 908,420, 908,80
Polygon 165,1164, 165,1126, 749,1126, 749,1321

PenColor BBBBBB
Line 633,6, 633,420, 420,420, 420,-51
Line 1121,137, 1121,420, 908,420, 908,80
Line 165,1164, 165,1126, 749,1126, 749,1321

; Названия зданий 
PenColor 000000
BrushColor -1
AngleTextOut -90, Arial, 15, 1027, 186, Ярославский вокзал
AngleTextOut -90, Arial, 15, 534, 128, Ленинградский вокзал
AngleTextOut 0, Arial, 15, 423, 1198, Казанский вокзал
AngleTextOut -90, Arial, 15, 163, 83, 'платформа "Каланчёвская"'

; пути

PenColor 000000
BrushColor E41C0C
Polygon 461,867, 451,839, 871,685, 882,714
Polygon 499,970, 489,942, 910,789, 920,817

PenColor E41C0C
BrushColor -1
AngleTextOut 20, Arial, 20, 446, 816, << Красные ворота
AngleTextOut 20, Arial, 20, 766, 870, Красносельская >>
AngleTextOut 20, Arial, 25, 663, 705, Комсомольская, 1


; Кольцевая

; пути

PenColor 000000
BrushColor 9B5509
Polygon 321,1159, 351,1159, 351,709, 321,709
Polygon 211,1159, 241,1159, 241,709, 211,709

PenColor 543C04
BrushColor -1
AngleTextOut -90, Arial, 20, 375, 817, << Проспект Мира
AngleTextOut -90, Arial, 20, 210, 1067, Курская >>
AngleTextOut -90, Arial, 25, 193, 960, Комсомольская, 1

; южный торец
PenColor 000000
Line 241,1159, 321,1159


; северный вестибюль

;Здания беж
PenColor DFDFDF
BrushColor FEFBF1
Polygon 729,231, 847,231, 847,363, 729,363

PenColor 000000
Line 846,248, 846,104, 851,104
Line 851,82, 846,82, 846,77, 801,77, 801,72
Line 826,248, 826,166, 750,166, 750,248
Line 777,234, 777,231, 768,231, 768,245, 777,245, 777,254, 766,254, 761,259, 750,248
Line 735,261, 747,273, 741,279, 741,320, 747,326
Line 799,234, 799,231, 808,231, 808,245, 799,245, 799,254, 810,254, 815,259, 826,248
Line 841,261, 829,273, 835,279, 835,319
Line 773,338, 777,338, 777,350, 768,350, 768,363, 777,363, 777,360
Line 803,338, 799,338, 799,350, 808,350, 808,363, 799,363, 799,360
Spline 735,261, 731,255, 730,248
Spline 841,261, 845,255, 846,248
Stairs 730,248, 750,248, 730,235
Stairs 745,271, 759,257, 736,262
Stairs 831,271, 817,257, 840,262
Stairs 826,248, 846,248, 826,235

; кассы
BrushColor -1
Line 687,125, 695,125, 695,85, 730,85, 730,77
AngleTextOut 0, Arial, 10, 699, 74, кассы
AngleTextOut -90, Arial, 10, 698, 91, кассы

; турникеты
BrushColor -1
Line 705,166, 705,151, 0.5
Polygon 738,126, 738,132, 744,132, 744,126
Polygon 812,126, 812,132, 818,132, 818,126
PenColor 009900
Stairs 822,127, 822,131, 844,127
Stairs 748,127, 748,131, 809,127
Stairs 704,149, 706,152, 734,128

; стрелки
PenColor FF0000
Arrow 788,254, 788,232
Arrow 788,339, 788,360
PenColor 009900
Line 740,223, 740,230
Arrow 753,265, 762,274
Line 836,223, 836,230
Arrow 823,265, 814,274

Arrow 778,125, 778,136
Arrow 832,125, 832,136
Arrow 717,136, 724,146

PenColor AADDAA
Line 740,232, 740,252, 753,265
Line 836,232, 836,252, 823,265


; центральные лестницы и эстакада на сокольнической

Opaque 80
PenColor FFFFFF
BrushColor FFFFFF
Polygon 664,794, 658,778, 674,773, 680,788
Polygon 691,867, 697,882, 713,877, 707,861
Polygon 449,838, 454,853, 877,699, 871,684
Polygon 499,971, 493,957, 916,803, 922,818
Opaque 100

PenColor 000000
Line 925,834, 506,987
Line 866,669, 446,822
Line 455,853, 658,779, 673,819, 632,834
Line 641,859, 682,844, 696,882, 494,956
Line 915,803, 713,876, 699,838, 740,823
Line 731,798, 690,813, 675,773, 876,700
Stairs 635,833, 644,858, 671,820
Stairs 737,824, 728,799, 702,837


; выход с кольцевой вверх в вестибюль

PenColor 000000
Line 679,442, 658,478
Spline 658,478, 654,483, 648,487
Line 648,487, 376,614
Spline 376,614, 367,617, 358,618
Line 358,618, 249,618, 249,649, 261,649, 261,709, 240,709
Line 704,456, 683,492
Spline 683,492, 674,504, 661,513
Line 661,513, 388,640
Spline 358,649, 372,647, 388,640
Line 358,649, 303,649, 303,709, 321,709
Stairs 303,658, 261,658, 303,705

; эскалатор 3 60
PenColor 7F7F7F
Stairs 751,327, 769,337, 684,442
PenColor 000000
BrushColor 9B5509
Polygon 750,321, 680,442, 683,444, 753,323
Polygon 757,325, 687,446, 690,448, 760,327
Polygon 764,329, 694,450, 697,452, 767,331
Polygon 771,333, 701,454, 704,456, 774,335

; стрелки
PenColor FF0000
Arrow 292,739, 292,715
Arrow 679,483, 690,464
PenColor 009900
Arrow 273,715, 273,739
Arrow 681,459, 670,478

; выход с сокольнической вправо-вверх в вестибюль

;BrushColor FF0F00
;SpotCircle 29, 911, 693

PenColor 000000
Line 925,762, 903,770, 910,789
Line 911,725, 889,733, 882,714
Stairs 909,726, 923,763, 889,733
Line 855,355, 886,409, 905,633
Spline 905,633, 914,639, 920,649
Line 920,649, 980,814
Spline 980,814, 979,837, 963,852, 941,851, 925,834
Line 824,373, 854,425, 871,640
Spline 871,640, 864,653, 866,669

BrushColor D0D0D0
Polygon 862,406, 865,404, 871,414, 867,415

; эскалатор 4 -60
PenColor 7F7F7F
Stairs 832,323, 807,337, 851,355
PenColor 000000
BrushColor 9B5509
Polygon 833,317, 855,355, 852,357, 830,319
Polygon 826,321, 848,359, 845,361, 823,323
Polygon 819,325, 841,363, 838,365, 816,327
Polygon 812,329, 834,367, 831,369, 809,331
Polygon 805,333, 827,371, 824,373, 802,335

; стрелки
PenColor FF0000
Arrow 869,461, 867,436
PenColor 009900
Arrow 880,434, 882,459

; полиция
PenColor 000000
BrushColor -1
Line 259,618, 259,649
AngleTextOut -90, Arial, 8, 260, 619, полиция


; переход с кольцевой в сторону сокольнической

Opaque 80
PenColor FFFFFF
BrushColor FFFFFF
Polygon 208,774, 241,768, 242,805, 208,811
Polygon 320,755, 341,750, 352,734, 352,790, 346,786, 320,790
Opaque 100

PenColor D0D0D0
Line 241,941, 251,941, 251,944, 268,944, 268,948
Line 292,948, 292,898
Line 268,898, 268,904, 251,904, 251,907, 241,907
BrushColor E0E0E0
Polygon 256,915, 256,912, 268,912, 268,915
Polygon 256,936, 256,933, 268,933, 268,936

PenColor 000000
Spline 205,941, 181,933, 157,912, 143,877
Spline 206,907, 193,901, 179,885, 163,823
Line 143,877, 126,785, 184,775, 184,777
Line 191,816, 191,818, 163,823
Line 206,907, 210,907
Line 205,941, 210,941

; эскалатор 2 верт
PenColor 7F7F7F
Stairs 289,957, 271,957, 289,990
PenColor 000000
BrushColor 9B5509
Polygon 271,950, 271,995, 268,995, 268,950
Polygon 278,950, 282,950, 282,995, 278,995
Polygon 289,950, 289,995, 292,995, 292,950

; эскалатор 2 верт
PenColor 7F7F7F
Stairs 289,858, 271,858, 289,891
PenColor 000000
BrushColor 9B5509
Polygon 271,851, 271,896, 268,896, 268,851
Polygon 278,851, 282,851, 282,896, 278,896
Polygon 289,851, 289,896, 292,896, 292,851

; эскалатор 4 -10
PenColor 7F7F7F
Stairs 183,780, 189,813, 338,752
PenColor 000000
BrushColor 9B5509
Polygon 177,778, 341,749, 342,752, 178,781
Polygon 178,786, 342,757, 343,761, 179,790
Polygon 180,796, 344,767, 345,771, 181,800
Polygon 181,805, 345,776, 346,780, 182,809
Polygon 183,814, 347,785, 348,788, 184,817


; стрелки
PenColor FF0000
Arrow 274,840, 274,855
Arrow 154,815, 176,811
PenColor 009900
Arrow 274,998, 274,1015
Arrow 172,785, 149,789


; выход с сокольнической к казанскому вокзалу

;BrushColor FF0F00
;SpotCircle 29, 444, 899


PenColor EEEEEE
Line 425,789, 417,800, 388,806
PenColor 000000
; 8-угольник
;Line 373,855, 366,816, 388,785, 425,779, 456,800, 462,837, 442,867, 403,875, 373,855

Line 508,1089, 508,1118, 500,1118, 500,1126, 508,1126, 508,1139, 557,1139, 557,1126, 560,1126
Line 572,1126, 575,1126, 575,1139, 578,1139, 578,1161, 557,1161, 557,1157, 508,1157, 508,1167, 502,1167
Line 461,867, 468,886, 444,895
Line 489,942, 482,923, 458,932
Stairs 461,931, 447,894, 482,923
Stairs 551,1139, 551,1157, 513,1139
Spline 506,987, 506,1006, 493,1021
Line 493,1021, 493,1021, 493,1064
Spline 493,1064, 504,1074, 508,1089

Spline 446,822, 440,812, 431,806
Line 431,806, 425,789, 437,770, 431,733, 400,712, 363,718, 341,749
Spline 393,819, 390,830, 392,842
Line 393,819, 388,806, 378,808, 348,788
Line 392,842, 452,1006
Spline 452,1006, 457,1015, 465,1021
Line 465,1021, 465,1064
Spline 465,1064, 454,1074, 450,1089
Line 450,1089, 450,1118, 458,1118, 458,1126, 450,1126, 450,1167, 455,1167
Line 476,1167, 481,1167

; кассы
BrushColor -1
Line 493,1025, 501,1025, 501,1053, 493,1053
AngleTextOut 90, Arial, 10, 490, 1052, кассы

; турникеты
BrushColor -1
Polygon 488,997, 486,992, 481,994, 483,999
PenColor 009900
Stairs 485,1002, 488,1001, 488,1011
Stairs 503,991, 502,988, 490,996
PenColor FF0000
Stairs 487,1015, 486,1012, 468,1022

; стрелки
PenColor FF0000
Arrow 467,1003, 470,1012
PenColor 009900
Arrow 491,1002, 480,1006
Arrow 498,995, 495,986


; длинный подземный переход

Opaque 80
PenColor FFFFFF
BrushColor FFFFFF
Polygon 687,427, 687,488, 705,458, 705,396
Polygon 623,755, 641,748, 703,917, 685,924
Opaque 100

PenColor 000000
Line 775,72, 775,77, 687,77, 687,530
Line 730,248, 730,166, 705,166, 705,530
Spline 687,530, 683,541, 672,545
Spline 705,530, 696,554, 672,563
Line 672,545, 619,545, 619,566, 582,566
Line 672,563, 637,563, 637,566, 674,566
Line 582,578, 619,578, 619,692, 577,692
Line 674,578, 637,578, 637,666, 674,666
Line 577,705, 619,705, 619,742, 703,971, 663,986
Line 674,678, 637,678, 637,739, 720,965, 759,951
Line 764,965, 668,1000
Stairs 584,578, 584,566, 617,578
Stairs 672,578, 672,566, 639,578
Stairs 579,705, 579,692, 617,705
Stairs 672,678, 672,666, 639,678
Stairs 670,999, 665,985, 706,986
Stairs 762,966, 757,952, 727,978

; Названия улиц голубым
PenColor 00AFAF
BrushColor -1
AngleTextOut 10, Arial, 15, 459, 750, Комсомольская площадь
AngleTextOut 20, Arial, 15, 943, 631, Краснопрудная улица

PenColor 000000
AngleTextOut 0, Arial, 8, 780, 68, вход
AngleTextOut -90, Arial, 8, 855, 85, вход
AngleTextOut 0, Arial, 8, 776, 220, выход
AngleTextOut 0, Arial, 8, 778, 364, выход
AngleTextOut -15, Arial, 8, 732, 424, По рабочим дням с 18.15 до 19.15\nи по пятницам с 17.15 до 18.15 эти\nэскалаторы работают только на подъём.
Arrow 825,445, 732,420, 748,392
BrushColor 000000
