Size 670x1050
Angle 68

;Пути
BrushColor FC9C54
Polygon 68,559, 68,529, 518,529, 518,559
Polygon 518,449, 518,419, 68,419, 68,449

BrushColor -1
PenColor F7782E
AngleTextOut 0, Arial, 25, 227, 462, Коньково, 1
AngleTextOut 0, Arial, 20, 71, 396, << Тёплый стан
AngleTextOut 0, Arial, 20, 417, 559, Беляево >>

; левый вестибюль
PenColor 000000
Line -45,401, -81,401, -81,427, 18,427, 18,459, 68,459, 68,449
Line -46,697, -81,697, -81,550, 18,550, 18,519, 68,519, 68,529
Line -45,377, -146,377
Line -46,721, -146,721
Line -146,697, -110,697, -110,401, -146,401
Stairs 21,459, 21,519, 66,459
Stairs -79,377, -79,401, -45,377
Stairs -144,377, -144,401, -110,377
Stairs -80,697, -80,721, -46,697
Stairs -144,697, -144,721, -111,697

BrushColor D0D0D0
Polygon -71,460, -79,460, -79,517, -71,517

; кассы
BrushColor -1
Line 18,521, 31,521, 31,548, 18,548
AngleTextOut -90, Arial, 10, 31, 522, кассы

; турникеты
Polygon -29,473, -33,477, -37,473, -33,469
PenColor 009900
Stairs -27,476, -30,479, 16,519
PenColor FF0000
Stairs -33,431, -37,431, -33,468


; правый вестибюль
PenColor 000000
Line 630,401, 667,401, 667,427, 568,427, 568,459, 518,459, 518,449
Line 693,340, 693,377, 782,377, 782,340
Line 629,585, 667,585, 667,550, 568,550, 568,519, 518,519, 518,529
Line 808,438, 808,340
Line 630,377, 667,377, 667,340
Line 630,721, 696,721, 696,401, 782,401, 782,438
Line 630,697, 667,697, 667,607, 629,607
Stairs 667,343, 693,343, 667,376
Stairs 632,377, 632,401, 665,377
Stairs 782,403, 808,403, 782,437
Stairs 808,343, 782,343, 808,377
Stairs 633,721, 633,697, 667,721
Stairs 632,585, 632,607, 665,585
Stairs 565,459, 565,519, 520,459
BrushColor D0D0D0
Polygon 667,460, 659,460, 659,517, 667,517


; турникеты
BrushColor -1
Polygon 626,468, 622,472, 618,468, 622,464
PenColor 009900
Stairs 615,471, 618,474, 570,519
PenColor FF0000
Stairs 625,431, 620,431, 625,464

; кассы
PenColor 000000
BrushColor -1
Line 568,521, 555,521, 555,548, 568,548
AngleTextOut -90, Arial, 10, 568, 523, кассы


;стрелки
PenColor FF0000
Arrow 645,443, 659,443
Arrow -56,443, -68,443
PenColor 009900
Arrow 647,532, 638,523
Arrow -50,527, -41,518


;инфососы
PenColor 34349C
BrushColor 34349C
Polygon 592,461, 597,461, 597,459, 592,459
Polygon 278,501, 278,491, 276,491, 276,501
Polygon -68,470, -68,465, -66,465, -66,470
PenColor FF0000
BrushColor FF0000
Polygon 587,461, 592,461, 592,459, 587,459
Polygon 278,496, 278,501, 276,501, 276,496
Polygon -68,475, -68,470, -66,470, -66,475

;названия улиц синим
PenColor 00AFAF
BrushColor -1
AngleTextOut 0, Arial, 20, 474, 644, Профсоюзная улица
AngleTextOut 0, Arial, 20, -58, 644, Профсоюзная улица
AngleTextOut -90, Arial, 20, 749, 170, улица Островитянова
