Size 780x1120
Angle -40

; перекресток
PenColor F5F5F5
Line -222,455, 1341,455, 80

; пути
PenColor 000000
BrushColor AC24AC
Polygon 834,640, 384,640, 384,670, 834,670
Polygon 834,750, 384,750, 384,780, 834,780

BrushColor -1
PenColor AC24AC
AngleTextOut 0, Arial, 20, 707, 780, посадки нет >>
AngleTextOut 0, Arial, 20, 384, 615, << Жулебино
AngleTextOut 0, Arial, 25, 545, 691, Котельники, 1

; левый вестибюль

PenColor 000000
Line 384,670, 384,687, 370,687, 370,690
Line 330,672, 347,672, 347,640, 210,640, 119,510, 119,417, 53,323, 61,317, 91,360
Line 330,687, 330,690
Line 105,350, 65,292, 36,312, -14,241, -14,190
Line -32,190, -32,247, 93,426, 93,518, 164,620, 70,620, 70,697
Line 88,697, 88,640, 176,640, 176,675, 166,675, 166,781, 182,781, 182,813, 132,813
Line 132,831, 261,831
Line 261,813, 210,813, 210,781, 347,781, 347,746, 316,746, 316,734, 330,734, 330,731
Line 370,731, 370,734, 384,734, 384,750
Stairs -14,192, -32,192, -14,238
Stairs 88,695, 70,695, 88,649
Stairs 134,813, 134,831, 179,813
Stairs 259,813, 259,831, 213,813

Stairs 89,357, 103,347, 63,320

BrushColor D0D0D0
Polygon 234,746, 234,675, 210,675, 210,746

; эскалатор 3 гор
PenColor 7F7F7F
Stairs 372,728, 372,693, 326,728
PenColor 000000
BrushColor 9B5509
Polygon 379,693, 321,693, 321,690, 379,690
Polygon 379,701, 379,706, 321,706, 321,701
Polygon 379,715, 379,720, 321,720, 321,715
Polygon 379,728, 321,728, 321,731, 379,731

;лифты
PenColor 000000
BrushColor D0EFFF
Polygon 315,687, 315,672, 330,672, 330,687
Polygon 72,620, 72,605, 87,605, 87,620
Polygon 41,289, 54,280, 63,293, 50,302
Polygon -38,266, -25,257, -16,270, -29,279
BrushColor -1
AngleTextOut 90, Arial, 6, 318, 686, лифт
AngleTextOut 90, Arial, 6, 75, 619, лифт
AngleTextOut 90, Arial, 6, 48, 297, лифт
AngleTextOut 90, Arial, 6, -31, 274, лифт

; стрелки
PenColor FF0000
Arrow 234,763, 210,763
PenColor 009900
Arrow 210,657, 234,657


; правый вестибюль

PenColor 000000
Line 834,670, 834,682, 846,682, 846,684
Line 846,737, 846,739, 834,739, 834,750
Line 890,682, 890,684
Line 890,739, 890,737

; эскалатор 4 гор
PenColor 7F7F7F
Stairs 892,734, 892,687, 842,734
PenColor 000000
BrushColor 9B5509
Polygon 899,687, 837,687, 837,684, 899,684
Polygon 899,695, 899,700, 837,700, 837,695
Polygon 899,708, 899,713, 837,713, 837,708
Polygon 899,721, 899,726, 837,726, 837,721
Polygon 899,734, 837,734, 837,737, 899,737

Opaque 80
PenColor FFFFFF
BrushColor FFFFFF
Polygon 873,680, 849,680, 849,741, 873,741
Opaque 100

Line 798,813, 849,813, 849,640, 943,640, 943,771, 928,771, 928,781, 873,781, 873,813, 924,813
Line 798,831, 924,831
Stairs 922,813, 922,831, 876,813
Stairs 800,813, 800,831, 846,813

BrushColor D0D0D0
Polygon 901,747, 901,739, 884,739, 884,682, 901,682, 901,674, 873,674, 873,747

; полиция
BrushColor D0D0D0
Polygon 928,742, 928,771, 943,771, 943,742
BrushColor -1
AngleTextOut 90, Arial, 6, 932, 767, полиция



; Названия улиц голубым
PenColor 00AFAF
BrushColor -1
AngleTextOut 0, Arial, 15, 283, 454, Новорязанское шоссе
