Size 450x920
Angle -70

;Пути
BrushColor 84BC54
Polygon -229,385, 221,385, 221,415, -229,415
Polygon -229,495, 221,495, 221,525, -229,525

BrushColor -1
PenColor 7CBC54
AngleTextOut 0, Arial, 20, -227, 361, << Дубровка
AngleTextOut 0, Arial, 20, 104, 525, Печатники >>
AngleTextOut 0, Arial, 25, -63, 429, Кожуховская, 1

;инфосос
PenColor 34349C
BrushColor 34349C
Polygon -5,461, -5,457, -4,457, -4,461
PenColor FF0000
BrushColor FF0000
Polygon -5,465, -5,461, -4,461, -4,465


; правый вестибюль

;Здания беж
BrushColor FEFBF1
PenColor BBBBBB
Polygon 659,599, 659,549, 634,549, 634,541, 560,541, 560,583, 601,583, 601,599

PenColor 000000
Line 221,415, 221,427, 271,427
Line 221,495, 221,483, 271,483
Line 253,427, 253,370, 335,370, 335,341, 374,341, 374,371, 379,371, 379,495, 494,495
Line 253,483, 253,541, 335,541, 335,583, 421,583, 421,575, 454,575, 454,583, 484,583, 484,578
Line 560,578, 560,583, 601,583, 601,599, 608,599
Line 494,517, 421,517, 421,548, 454,548, 454,541, 484,541, 484,546
Line 560,546, 560,541, 634,541, 634,549, 659,549, 659,599, 651,599
Line 627,599, 633,599
Stairs 492,495, 492,517, 454,495
Stairs 269,427, 269,483, 223,427

BrushColor D0D0D0
Polygon 331,494, 331,502, 314,502, 314,486, 322,486, 322,494, 331,494
Line 331,494, 335,494, 335,416, 331,416
Polygon 331,416, 321,416, 321,424, 314,424, 314,408, 331,408, 331,416

; эскалатор 3
PenColor 7F7F7F
Stairs 562,575, 562,549, 481,575
PenColor 000000
BrushColor 9B5509
Polygon 569,549, 476,549, 476,546, 569,546
Polygon 569,555, 569,559, 476,559, 476,555
Polygon 569,565, 569,569, 476,569, 476,565
Polygon 569,575, 476,575, 476,578, 569,578

; кассы
BrushColor -1
Line 262,370, 262,397, 253,397
AngleTextOut 90, Arial, 10, 251, 396, кассы

; турникеты
Line 253,412, 265,412
Polygon 305,415, 305,409, 311,409, 311,415
Line 314,496, 308,496
Line 272,496, 253,496
PenColor 009900
Stairs 265,410, 265,414, 302,410
PenColor FF0000
Stairs 308,498, 308,494, 271,498

;инфосос
PenColor 34349C
BrushColor 34349C
Polygon 331,454, 331,458, 332,458, 332,454
PenColor FF0000
BrushColor FF0000
Polygon 331,450, 331,454, 332,454, 332,450


; левый вестибюль

PenColor 000000
Line -229,415, -229,426
Line -229,495, -229,483
Line -238,426, -202,426
Line -238,483, -202,483
Stairs -236,426, -236,483, -202,426

;Улицы голубым
PenColor 00AFAF
BrushColor -1
AngleTextOut 0, Arial, 15, 381, 320, Южнопортовая ул.

; стрелки
PenColor FF0000
Arrow 422,567, 447,567
Arrow 617,593, 617,610
Arrow 307,516, 340,516
Arrow 213,472, 246,472
PenColor 009900
Arrow 446,556, 422,556
Arrow 642,604, 642,589
Arrow 340,394, 306,394
Arrow 246,438, 213,438

; закрыто
PenColor FF0000
Line -198,426, -194,483
Line -194,426, -198,483

; Выходы
Angle 70
PenColor FFD900
BrushColor 615F56
SpotRect 287, 684, 30, 30, ShowMessage Выход №1
SpotRect 184, 887, 30, 30
BrushColor -1
TextOut Arial, 25, 295, 685, 1
TextOut Arial, 25, 192, 888, 2
