Size 900x970

;BrushColor 007700
;SpotCircle 50, 730, 577

Angle 40

; пути

BrushColor E41C0C
Polygon 548,565, 548,535, 98,535, 98,565
Polygon 548,455, 548,425, 98,425, 98,455

PenColor E41C0C
BrushColor -1
AngleTextOut 0, Arial, 20, 98, 401, << Чистые пруды
AngleTextOut 0, Arial, 20, 386, 565, Комсомольская >>
AngleTextOut 0, Arial, 25, 230, 490, Красные ворота, 1

;инфосос
PenColor 34349C
BrushColor 34349C
Polygon 320,494, 320,490, 321,490, 321,494
PenColor FF0000
BrushColor FF0000
Polygon 320,498, 320,494, 321,494, 321,498


; левый вестибюль

;Здания беж
BrushColor FEFBF1
PenColor BBBBBB
Polygon 18,629, 127,629, 157,619, 157,629, 127,639, 127,708, 157,718, 157,728, 127,718, 18,718
Polygon 811,382, 962,295, 997,356, 846,443

PenColor 000000
BrushColor D0D0D0
Polygon 913,404, 903,387, 929,372, 939,389
Polygon 886,359, 877,344, 903,329, 912,344
Polygon 955,380, 945,363, 950,360, 960,377
Polygon 976,368, 966,351, 971,348, 981,365

PenColor FFAAAA
Line 46,706, 95,706, 95,683, 89,683

PenColor AADDAA
Line 89,665, 95,665, 95,643, 44,643

; кассы
PenColor D0D0D0
BrushColor -1
Line 127,659, 118,659, 118,632, 127,632
Line 127,639, 127,629
AngleTextOut -90, Arial, 10, 129, 633, кассы


PenColor 000000
Line 98,535, 98,520, 171,520, 171,509, 128,509
Line 23,509, 23,512, 9,512, 9,534, -28,534, -28,634
Spline -7,655, -22,650, -28,634
Line -7,655, 18,655, 18,629, 127,629, 157,619, 157,629, 127,639, 127,660, 124,660
Line 124,688, 127,688, 127,708, 157,718, 157,728, 127,718, 18,718, 18,692, -7,692
Spline -7,692, -50,678, -65,634
Line -65,634, -65,534, -90,534, -90,455, 9,455, 9,476, 23,476, 23,479
Line 128,479, 171,479, 171,469, 98,469, 98,455
Line 88,660, 88,688
Stairs 57,629, 57,718, 88,629

BrushColor D0D0D0
Polygon 54,655, 54,660, 88,660, 88,655
Polygon 54,693, 54,688, 88,688, 88,693

; эскалатор 3 гор
PenColor 7F7F7F
Stairs 121,507, 121,481, 19,507
PenColor 000000
BrushColor 9B5509
Polygon 128,481, 14,481, 14,479, 128,479
Polygon 128,487, 128,491, 14,491, 14,487
Polygon 128,497, 128,501, 14,501, 14,497
Polygon 128,507, 14,507, 14,509, 128,509

; турникеты
PenColor 000000
BrushColor -1
Line 14,489, -23,489, 0.5
Polygon -29,486, -23,486, -23,492, -29,492
Line -26,528, -26,534, 0.5
PenColor 009900
Stairs -28,496, -24,496, -28,529

; стрелки
PenColor FF0000
Line 22,688, 40,706, 46,706
Arrow 87,683, 47,683, 47,700, 104,700, 119,685
Arrow -16,472, -30,472
PenColor 009900
Line 119,664, 104,649, 47,649, 47,665, 87,665
Arrow 44,643, 40,643, 22,661
Arrow -45,510, -34,510

;инфосос
PenColor 9997C6
BrushColor 9997C6
Polygon 124,666, 124,670, 125,670, 125,666
PenColor FE7D78
BrushColor FE7D78
Polygon 124,662, 124,666, 125,666, 125,662


; правый вестибюль

PenColor 000000
Line 881,420, 882,422, 894,415, 893,413
Line 905,406, 906,408, 941,388, 940,385
Line 951,380, 952,382, 955,380, 945,363, 950,360, 960,377, 963,375, 962,373
Line 972,368, 973,370, 976,368, 966,351, 971,348, 981,365, 984,363, 983,361
Line 835,424, 846,443, 870,429, 869,427
Line 993,356, 994,358, 997,356, 962,295, 811,382, 819,396
Stairs 936,384, 952,375, 931,375
Stairs 957,372, 973,363, 952,363
Stairs 994,351, 978,360, 989,342

Line 514,480, 463,480, 463,468, 548,468, 548,455
Line 514,510, 463,510, 463,522, 548,522, 548,535
Spline 633,480, 647,458, 671,446, 695,447, 715,458
Spline 633,510, 647,532, 671,544, 695,543, 715,531, 728,511, 730,484

; эскалатор 3 гор
PenColor 7F7F7F
Stairs 642,508, 642,482, 519,508
PenColor 000000
BrushColor 9B5509
Polygon 649,482, 514,482, 514,480, 649,480
Polygon 649,488, 649,492, 514,492, 514,488
Polygon 649,498, 649,502, 514,502, 514,498
Polygon 649,508, 514,508, 514,510, 649,510

; эскалатор 3 30
PenColor 7F7F7F
Stairs 835,421, 821,397, 722,486
PenColor 000000
BrushColor 9B5509
Polygon 827,395, 704,466, 703,464, 826,393
Polygon 830,400, 832,404, 709,475, 707,471
Polygon 835,409, 837,413, 714,484, 712,480
Polygon 840,418, 717,489, 718,491, 841,420


; кассы
BrushColor -1
Line 908,336, 932,322, 928,315
AngleTextOut 30, Arial, 10, 903, 326, кассы

; турникеты
BrushColor -1
Line 836,411, 878,387, 903,387, 0.5
Polygon 886,361, 892,358, 895,364, 889,367
PenColor 009900
Stairs 896,368, 892,370, 904,384

; стрелки
PenColor FF0000
Arrow 877,427, 884,439
Arrow 901,413, 908,425
Arrow 673,503, 691,498
PenColor 009900
Arrow 920,363, 906,370
Arrow 997,374, 990,362
Arrow 976,386, 969,374
Arrow 955,398, 948,386
Arrow 686,477, 669,482

;инфосос
PenColor 34349C
BrushColor 34349C
Polygon 852,362, 856,360, 857,361, 853,363
PenColor FF0000
BrushColor FF0000
Polygon 848,364, 852,362, 853,363, 849,365


; Названия улиц голубым
PenColor 00AFAF
BrushColor -1
AngleTextOut -65, Arial, 15, 251, 202, Садовая-Спасская улица
AngleTextOut -90, Arial, 15, 353, 646, Садовая-Черногрязская улица
AngleTextOut 30, Arial, 15, 884, 523, площадь Красные Ворота


Opaque 70
; "закрыто"
PenColor FFD0D0
BrushColor FFD0D0
Polygon 460,465, 615,465, 960,266, 1020,370, 649,584, 615,525, 460,525
PenColor FF4040

Opaque 100
BrushColor -1
PenColor 000000
AngleTextOut 30, Arial, 20, 676, 457, Вестибюль закрыт на ремонт, 1
AngleTextOut 30, Arial, 20, 715, 459, до июля 2017 года, 1
PenColor FF4040
AngleTextOut 30, Arial, 20, 675, 456, Вестибюль закрыт на ремонт, 1
AngleTextOut 30, Arial, 20, 714, 458, до июля 2017 года, 1
Dashed 460,465, 615,465, 960,266, 1020,370, 649,584, 615,525, 460,525, 460,465
BrushColor 000000

