Size 930x550


Angle 40

;Line 269,-140, 128,157, 408,-47
;BrushColor 0000FF
;SpotCircle 275, 128, 157
;BrushColor FFFFFF
;SpotCircle 179, 128, 157


; пути

BrushColor E41C0C
Polygon 314,260, 764,260, 764,290, 314,290
Polygon 314,400, 764,400, 764,370, 314,370

PenColor E41C0C
BrushColor -1
AngleTextOut 0, Arial, 20, 638, 400, Сокольники >>
AngleTextOut 0, Arial, 20, 315, 236, << Комсомольская
AngleTextOut 0, Arial, 25, 443, 327, Красносельская, 1

;инфосос
PenColor 34349C
BrushColor 34349C
Polygon 540,332, 540,336, 541,336, 541,332
PenColor FF0000
BrushColor FF0000
Polygon 540,328, 540,332, 541,332, 541,328


; левые лестницы

PenColor E0E0E0
Spline 247,316, 236,323, 236,337, 247,344

PenColor 000000
Line 247,298, 314,298, 314,290
Line 314,370, 314,363, 247,363
Line 297,316, 247,316, 247,200
Line 199,317, 204,317, 204,344, 199,344
Line 297,344, 247,344, 247,376, 204,376, 204,363, 161,363, 150,352, 150,309, 161,298, 204,298, 204,222

Stairs 295,344, 295,316, 249,344
Stairs 199,363, 199,344, 170,363
Stairs 197,341, 197,320, 172,341
Stairs 199,298, 199,317, 170,298

BrushColor D0D0D0
Polygon 168,317, 199,317, 199,320, 168,320
Polygon 199,344, 199,341, 168,341, 168,344
Polygon 222,248, 228,248, 228,265, 222,265

; стрелки
PenColor FF0000
Arrow 321,329, 304,329
PenColor 009900
Arrow 205,306, 189,306
Arrow 205,354, 189,354
Arrow 248,306, 267,306
Arrow 248,354, 267,354
Line 188,330, 203,330
PenColor BBEEBB
Line 205,330, 209,330
Spline 209,330, 220,325, 230,311, 241,306
Line 241,306, 246,306
Spline 209,330, 220,334, 230,348, 241,354
Line 241,354, 246,354

PenColor 000000
Polygon 224,317, 226,317, 226,344, 224,344


; нижний вестибюль

PenColor 000000
Spline 247,200, 243,187, 233,175
Line 233,175, 201,148
Spline 201,148, 195,141, 196,132, 203,125
Line 203,125, 227,107, 214,96, 220,89
Spline 204,222, 201,212, 193,203
Line 193,203, 142,160
Spline 142,160, 137,153, 135,144, 136,134
Line 136,134, 170,60, 183,71, 189,64

; кассы

BrushColor -1
Line 166,67, 157,63, 145,89, 154,93
AngleTextOut -115, Arial, 10, 168, 70, кассы

Line 242,376, 242,363, 209,363, 209,376
AngleTextOut 0, Arial, 8, 211, 365, полиция

; турникеты
BrushColor -1
Polygon 149,162, 154,160, 156,165, 151,167
Line 175,146, 180,161, 213,189, 0.5
Spline 213,189, 222,200, 225,212, 0.5
Line 225,212, 225,248, 0.5
Line 225,265, 225,317, 0.5
Line 226,344, 247,344, 0.5
PenColor 009900
Stairs 158,160, 159,163, 174,154

; стрелки
PenColor FF0000
Arrow 236,234, 236,222
PenColor 009900
Arrow 156,138, 161,152

;инфосос
PenColor 34349C
BrushColor 34349C
Polygon 139,142, 139,138, 140,138, 140,142
PenColor FF0000
BrushColor FF0000
Polygon 139,146, 139,142, 140,142, 140,146


; наземный вестибюль

;Здания беж
PenColor FEFBF1
BrushColor FEFBF1
Polygon 126,29, 151,36, 175,46, 173,49, 184,55, 230,93, 237,102, 240,100, 255,123, 264,145, 296,132, 284,105, 288,103, 275,81, 258,59, 265,52, 278,66, 292,58, 269,32, 238,6, 208,-12, 202,3, 219,14, 213,22, 187,8, 162,-1, 161,3, 133,-4

PenColor DDDDDD
Stairs 264,36, 234,11, 247,57
Line 238,6, 189,64
Line 269,32, 220,89

PenColor 000000
Line 196,59, 194,61
Spline 194,61, 184,55, 173,49
Line 173,49, 175,46
Spline 175,46, 151,36, 126,29
Line 126,29, 133,-4, 161,3, 162,-1
Spline 162,-1, 187,8, 213,22
Line 213,22, 219,14
Spline 219,14, 185,-4, 147,-16
Line 147,-16, 143,-22, 151,-54, 160,-61
Spline 347,94, 272,-5, 160,-61
Line 347,94, 343,105, 313,118, 305,115
Spline 305,115, 288,82, 265,52
Line 265,52, 258,59
Spline 258,59, 275,81, 288,103
Line 288,103, 284,105, 296,132, 264,145
Spline 264,145, 255,123, 240,100
Line 240,100, 237,102
Spline 237,102, 230,93, 222,84
Line 222,84, 224,82
Line 238,6, 269,32
Line 217,75, 215,77, 203,67, 205,65
Stairs 292,58, 278,66, 315,96
Stairs 208,-12, 202,3, 169,-28
Stairs 339,77, 319,90, 321,49
Stairs 312,36, 294,51, 297,19
Stairs 178,-55, 170,-33, 213,-42
Stairs 225,-36, 214,-15, 244,-25

PenColor 000000
BrushColor D0D0D0
Polygon 210,66, 215,70, 227,56, 222,52

PenColor D0D0D0
Polygon 272,28, 287,44, 300,61, 310,76, 320,93, 315,96, 307,81, 298,67, 285,49, 269,32
Polygon 238,6, 241,2, 223,-10, 205,-19, 189,-26, 167,-34, 166,-29, 185,-22, 202,-15, 221,-5

PenColor 000000
Line 269,32, 272,28
Spline 272,28, 287,44, 300,61, 310,76, 320,93
Line 320,93, 315,96
Spline 315,96, 307,81, 298,67, 285,49, 269,32
Line 238,6, 241,2
Spline 241,2, 223,-10, 205,-19, 189,-26, 167,-34
Line 167,-34, 166,-29
Spline 166,-29, 185,-22, 202,-15, 221,-5, 238,6

; стрелки
PenColor FF0000
Arrow 275,51, 265,41
Arrow 308,48, 320,68
Arrow 225,75, 219,82
Line 202,88, 212,76
Arrow 259,21, 269,9, 283,21
PenColor FFBBBB
Line 214,74, 257,23
PenColor 009900
Arrow 197,64, 203,57
Arrow 227,10, 215,3
Arrow 192,-38, 217,-27
Line 249,-7, 261,3, 251,15
Arrow 204,70, 194,82
PenColor AADDAA
Line 249,17, 206,68


; правый торец

PenColor 000000
Line 764,290, 764,370

; кассы
BrushColor -1
;Line 164,442, 154,442, 154,471
;AngleTextOut 90, Arial, 10, 153, 469, кассы

; турникеты
BrushColor -1
;Line 154,442, 144,442

; Названия улиц голубым
PenColor 00AFAF
BrushColor -1
AngleTextOut -90, Arial, 15, 91, 34, Верхняя Красносельская улица
AngleTextOut -90, Arial, 15, 809, 233, улица Гаврикова
AngleTextOut 0, Arial, 15, 276, 418, Краснопрудная улица
AngleTextOut 0, Arial, 15, 837, 407, Русаковская
AngleTextOut 0, Arial, 15, 837, 421, улица

PenColor 000000
AngleTextOut -40, Arial, 8, 192, 41, вход
AngleTextOut -40, Arial, 8, 231, 75, выход

; Выходы
Angle -40
PenColor FFD900
BrushColor 615F56
SpotRect 178, 296, 30, 30, ShowMessage Выход №1
BrushColor -1
TextOut Arial, 25, 186, 297, 1
