Size 1230x1150
; Красногвардейская
Angle 5

;BrushColor F0DDFF
;SpotCircle 2940, -2175, 435
;BrushColor 90DDFF
;SpotCircle 2910, -2175, 435
;
;BrushColor 40DDFF
;SpotCircle 2830, -2175, 435
;BrushColor 000DDD
;SpotCircle 2800, -2175, 435


; пути

PenColor 000000
BrushColor 046434
Polygon 405,168, 854,168, 854,198, 405,198
Polygon 405,278, 854,278, 854,308, 405,308

PenColor 046434
BrushColor -1
AngleTextOut 0, Arial, 20, 404, 145, << Домодедовская
AngleTextOut 0, Arial, 20, 700, 308, Алма-Атинская >>
AngleTextOut 0, Arial, 25, 510, 195, Красногвардейская, 1

;инфосос
PenColor 34349C
BrushColor 34349C
Polygon 850,348, 850,352, 851,352, 851,348
PenColor FF0000
BrushColor FF0000
Polygon 850,344, 850,348, 851,348, 851,344


; левый вестибюль

PenColor 000000
Line 405,278, 405,258, 354,258, 354,296, 267,296, 267,293, 258,293, 258,296, 250,296, 250,320, 292,320
Line 292,341, 181,341
Line 181,320, 223,320, 223,296, 217,296, 217,180, 223,180, 223,70, 181,70
Line 181,48, 292,48
Line 292,70, 250,70, 250,180, 258,180, 258,182, 268,182, 268,180, 354,180, 354,218, 405,218, 405,198
Stairs 183,70, 183,48, 221,70
Stairs 290,70, 290,48, 252,70
Stairs 183,320, 183,341, 221,320
Stairs 290,320, 290,341, 252,320
Stairs 402,218, 402,258, 356,218

BrushColor D0D0D0
Polygon 258,207, 268,207, 268,268, 258,268

; кассы
BrushColor -1
Line 345,180, 345,208, 354,208
AngleTextOut 90, Arial, 10, 343, 205, кассы

; турникеты
BrushColor -1
Line 345,208, 324,208, 0.5
Polygon 293,235, 297,239, 293,243, 289,239
Line 293,285, 293,296, 0.5
PenColor 009900
Stairs 322,207, 325,210, 296,233
PenColor FF0000
Stairs 291,245, 295,245, 291,286

; стрелки
PenColor FF0000
Arrow 318,275, 302,275
PenColor 009900
Arrow 290,206, 302,218

;инфосос
PenColor 34349C
BrushColor 34349C
Polygon 325,288, 321,288, 321,289, 325,289
PenColor FF0000
BrushColor FF0000
Polygon 329,288, 325,288, 325,289, 329,289


; правый вестибюль

PenColor 000000
Line 854,198, 854,218, 931,218, 931,180, 1020,180, 1020,183, 1029,183, 1029,180, 1036,180, 1036,86, 994,86
Line 994,66, 1106,66
Line 1106,87, 1064,87, 1064,180, 1070,180, 1070,296, 1064,296, 1064,320, 1106,320
Line 1106,340, 994,340
Line 994,320, 1036,320, 1036,296, 1028,296, 1028,293, 1020,293, 1020,296, 931,296, 931,258, 854,258, 854,278
Stairs 996,86, 996,66, 1034,86
Stairs 1104,87, 1104,66, 1066,87
Stairs 996,320, 996,340, 1034,320
Stairs 1104,320, 1104,340, 1066,320
Stairs 908,218, 908,235, 862,218

BrushColor D0D0D0
Polygon 1020,208, 1029,208, 1029,268, 1020,268

; эскалатор 2 гор
PenColor 7F7F7F
Stairs 910,255, 910,238, 860,255
PenColor 000000
BrushColor 9B5509
Polygon 917,238, 855,238, 855,235, 917,235
Polygon 917,244, 917,248, 855,248, 855,244
Polygon 917,255, 855,255, 855,258, 917,258

; кассы
BrushColor -1
Line 940,180, 940,208, 931,208
AngleTextOut 90, Arial, 10, 929, 206, кассы

; турникеты
BrushColor -1
Line 940,208, 961,208, 0.5
Polygon 992,235, 988,239, 992,243, 996,239
Line 992,285, 992,296, 0.5
PenColor 009900
Stairs 963,207, 960,210, 989,233
PenColor FF0000
Stairs 994,245, 990,245, 994,286

; стрелки
PenColor FF0000
Arrow 955,271, 971,271
PenColor 009900
Arrow 999,207, 988,218
Arrow 934,226, 916,226

;инфосос
PenColor 34349C
BrushColor 34349C
Polygon 1016,239, 1016,243, 1017,243, 1017,239
PenColor FF0000
BrushColor FF0000
Polygon 1016,235, 1016,239, 1017,239, 1017,235


; Названия улиц голубым
PenColor 00AFAF
BrushColor -1
AngleTextOut 90, Arial, 15, 628, 639, улица Ясеневая
AngleTextOut 90, Arial, 15, 621, 156, улица Мусы Джалиля
AngleTextOut 0, Arial, 15, 41, 197, улица Ореховый бульвар
AngleTextOut 0, Arial, 15, 1096, 197, улица Ореховый бульвар
AngleTextOut -8, Arial, 15, 684, 1127, Воронежская улица


; Зябликово

; пути

PenColor 000000
BrushColor 7CBC54
;Polygon 765,435, 765,885, 735,885, 735,435
;Polygon 625,435, 625,885, 655,885, 655,435

PenColor 7CBC54
BrushColor 7CBC54
Polygon 708,496, 707,549, 706,600, 703,660, 699,721, 695,768, 689,824, 682,879, 673,941, 643,937, 653,874, 659,821, 665,766, 669,718, 673,656, 676,600, 678,549, 678,496
Polygon 818,496, 818,541, 817,598, 815,650, 811,714, 805,772, 800,818, 793,878, 782,955, 752,951, 763,875, 771,815, 775,770, 780,714, 785,646, 787,596, 788,543, 788,496
PenColor 000000
Spline 678,496, 669,718, 643,937
Spline 708,496, 699,721, 673,941
Spline 788,496, 780,714, 752,951
Spline 818,496, 811,714, 782,955
Line 673,941, 643,937
Line 782,955, 752,951
Line 818,496, 788,496
Line 708,496, 678,496

PenColor 5C9F2E
BrushColor -1
AngleTextOut 85, Arial, 25, 705, 927, Зябликово, 1
AngleTextOut 87, Arial, 20, 850, 645, Шипиловская >>
AngleTextOut 82, Arial, 20, 617, 928, << тупик

BrushColor 707DFD
;SpotCircle 2910, -2175, 435

; северный вестибюль

; эскалатор 3 верт
PenColor 7F7F7F
Stairs 736,493, 759,493, 736,407
PenColor 000000
BrushColor 9B5509
Polygon 733,499, 733,403, 736,403, 736,499
Polygon 741,499, 741,403, 745,403, 745,499
Polygon 750,499, 750,403, 754,403, 754,499
Polygon 759,499, 759,403, 762,403, 762,499

; эскалатор 2 верт
PenColor 7F7F7F
Stairs 655,451, 669,451, 655,417
PenColor 000000
BrushColor 9B5509
Polygon 652,457, 652,413, 655,413, 655,457
Polygon 660,457, 660,413, 664,413, 664,457
Polygon 669,457, 669,413, 672,413, 672,457

; эскалатор 2 верт
PenColor 7F7F7F
Stairs 828,451, 842,451, 828,417
PenColor 000000
BrushColor 9B5509
Polygon 825,457, 825,413, 828,413, 828,457
Polygon 833,457, 833,413, 837,413, 837,457
Polygon 842,457, 842,413, 845,413, 845,457

Opaque 80
PenColor FFFFFF
BrushColor FFFFFF
Polygon 732,428, 742,435, 753,435, 763,428, 763,466, 732,466
Polygon 824,431, 828,432, 835,433, 842,432, 846,431, 845,450, 825,450
Polygon 651,431, 655,432, 662,433, 669,432, 673,431, 673,450, 651,450
Opaque 100

PenColor 000000
Line 585,439, 591,439, 602,450, 681,450, 698,467, 715,467, 715,482
Line 729,482, 729,467, 802,467, 819,450, 895,450, 902,443, 908,443
Line 922,443, 922,378
Line 901,378, 901,420, 887,434, 854,434, 854,427
Spline 810,421, 831,432, 854,427
Line 810,421, 825,421
Line 672,421, 689,421
Spline 643,427, 666,432, 689,421
Line 643,427, 643,434, 607,434, 592,419, 592,377
Line 689,421, 689,385, 704,370, 0.5
Line 723,359, 784,359, 810,385, 810,421, 0.5
Line 571,377, 571,439
Line 708,496, 733,496
Line 788,496, 762,496
Spline 733,428, 742,434, 753,434, 762,428
Stairs 901,380, 922,380, 901,418
Stairs 592,379, 571,379, 592,417

BrushColor D0D0D0
Polygon 715,351, 700,366, 715,381, 730,366
BrushColor -1
AngleTextOut 0, Arial, 6, 704, 363, полиция


; кассы
BrushColor FFFFFF
Polygon 767,467, 767,475, 794,475, 794,467
BrushColor -1
AngleTextOut 0, Arial, 10, 768, 465, кассы

; турникеты
BrushColor -1
Line 762,389, 762,403, 0.5
Line 743,403, 743,390, 0.5
Polygon 732,369, 734,365, 738,367, 736,371
Stairs 726,469, 726,474, 717,469
PenColor 009900
Stairs 740,373, 742,369, 762,386
PenColor FF0000
Stairs 730,418, 730,421, 692,418

; стрелки
PenColor FF0000
;Arrow 663,941, 660,952
PenColor 009900
;Arrow 694,955, 697,944


; южный вестибюль

PenColor 000000
Line 673,941, 690,943, 682,994, 675,993, 671,1019, 665,1030, 628,1025, 619,1086
Line 640,1089, 646,1047, 663,1050, 658,1088, 729,1098
Spline 729,1098, 725,1077, 709,1060
Line 709,1060, 727,1026, 731,1001, 725,1000, 732,949, 752,951
Stairs 683,991, 725,997, 690,945
Stairs 640,1087, 620,1084, 645,1051

BrushColor D0D0D0
Polygon 686,1040, 693,1045, 691,1048, 684,1043

; кассы
BrushColor -1
Line 718,1068, 730,1063
Spline 730,1063, 737,1074, 741,1091
Line 741,1091, 729,1095
AngleTextOut -70, Arial, 10, 734, 1064, кассы

; турникеты
BrushColor -1
Polygon 698,1004, 705,1006, 703,1013, 696,1011
;Line 154,442, 144,442
PenColor 009900
Stairs 709,1008, 708,1012, 727,1013
PenColor FF0000
Stairs 693,1005, 692,1009, 675,1001

; стрелки
PenColor FF0000
Arrow 685,1011, 682,1023
PenColor 009900
Arrow 710,1028, 713,1016



; переход

Opaque 80
PenColor FFFFFF
BrushColor FFFFFF
Polygon 607,277, 627,277, 627,309, 607,309
Polygon 677,679, 680,612, 674,612, 676,583, 707,583, 706,611, 702,612, 698,670, 695,732, 699,733, 696,760, 670,759
Polygon 786,583, 819,584, 819,611, 811,612, 807,681, 800,771, 773,768, 777,740, 781,740, 784,708, 787,677, 788,644, 789,612, 785,612
Opaque 100

PenColor 000000
Line 653,250, 627,250, 627,337, 854,337, 854,421, 845,421
Line 672,454, 675,454, 675,583, 736,583, 736,560
Line 653,229, 581,229
Line 653,233, 627,233
Line 607,233, 581,233
Line 581,250, 607,250, 607,363, 643,363, 643,421, 652,421
Line 652,454, 649,454, 649,617, 675,617, 675,612, 680,612
Spline 680,612, 676,679, 670,759
Line 670,759, 729,764, 727,788
Line 734,713, 732,735, 695,732
Spline 695,732, 699,670, 702,612
Line 702,612, 736,612, 736,635
Line 757,635, 757,612, 789,612
Spline 781,740, 786,677, 789,612
Line 781,740, 753,737, 755,715
Line 751,715, 749,737
Line 748,790, 750,766, 800,771
Line 732,789, 734,765
Spline 800,771, 808,679, 811,612
Line 811,612, 822,612, 822,617, 848,617, 848,454, 845,454
Line 757,560, 757,583, 822,583, 822,454, 825,454
Line 722,739, 701,737
Line 755,762, 774,764
Stairs 650,250, 650,233, 631,250
Stairs 584,250, 584,233, 602,250
Stairs 736,633, 757,633, 736,614
Stairs 736,562, 757,562, 736,581
Stairs 734,715, 751,717, 732,733
Stairs 748,788, 732,787, 750,769
Stairs 716,583, 716,612, 730,583
Stairs 777,583, 777,612, 763,583
Stairs 706,738, 704,762, 719,739
Stairs 772,739, 770,763, 759,738

Arrow 836,533, 836,563
Arrow 663,563, 663,533

; стрелки
PenColor FF0000
Arrow 712,399, 712,412
PenColor 009900
Arrow 784,424, 784,411

;лифты
PenColor 000000
BrushColor D0EFFF
Polygon 908,443, 922,443, 922,457, 908,457
BrushColor -1
AngleTextOut 0, Arial, 6, 909, 447, лифт

BrushColor D0EFFF
Polygon 571,439, 585,439, 585,453, 571,453
BrushColor -1
AngleTextOut 0, Arial, 6, 572, 443, лифт

BrushColor D0EFFF
Polygon 715,482, 729,482, 729,496, 715,496
BrushColor -1
AngleTextOut 0, Arial, 6, 716, 486, лифт

BrushColor D0D0D0
Polygon 610,216, 624,216, 624,230, 610,230
BrushColor -1
AngleTextOut 0, Arial, 6, 611, 220, лифт

;инфососы
PenColor 34349C
BrushColor 34349C
Polygon 714,1045, 713,1044, 715,1041, 716,1042
PenColor FF0000
BrushColor FF0000
Polygon 716,1042, 715,1041, 717,1038, 718,1039

;инфососы
PenColor 34349C
BrushColor 34349C
Polygon 717,501, 717,499, 714,499, 714,501
PenColor FF0000
BrushColor FF0000
Polygon 714,501, 714,499, 711,499, 711,501

;инфососы
PenColor 34349C
BrushColor 34349C
Polygon 680,939, 680,937, 683,937, 683,939
PenColor FF0000
BrushColor FF0000
Polygon 683,939, 683,937, 686,937, 686,939
