Size 1070x860
Angle 45

; пути

BrushColor E41C0C
Polygon 313,526, 313,496, 763,496, 763,526
Polygon 763,606, 763,636, 313,636, 313,606

PenColor E41C0C
BrushColor -1
AngleTextOut 0, Arial, 20, 319, 471, << Парк Культуры
AngleTextOut 0, Arial, 20, 537, 636, Библиотека им.Ленина >>
AngleTextOut 0, Arial, 25, 451, 563, Кропоткинская, 1

;инфосос
PenColor 34349C
BrushColor 34349C
Polygon 537,567, 537,571, 538,571, 538,567
PenColor FF0000
BrushColor FF0000
Polygon 537,563, 537,567, 538,567, 538,563


; левый вестибюль

PenColor 000000
Line 313,606, 313,597, 330,597, 330,589, 280,589, 280,617, 212,617, 212,516, 219,516, 219,465

Line 313,526, 313,536, 330,536, 330,545, 280,545, 280,516, 253,516, 253,456

Spline 219,465, 218,460, 215,456
Spline 253,456, 251,447, 245,439
Line 215,456, 106,347
Line 141,335, 245,439
Spline 106,347, 101,340, 100,332
Spline 141,335, 138,329, 137,322
Line 100,332, 100,294
Line 137,294, 137,322
Spline 100,294, 83,286, 77,268
Spline 161,268, 154,286, 137,294
Line 77,268, 77,217, 100,217, 100,196, 95,196, 95,179
Line 142,179, 142,196, 137,196, 137,217, 161,217, 161,268
Line 142,165, 142,162, 95,162, 95,165
Line 67,210, 65,211, 65,197
Line 77,205, 79,204, 79,198
Line 160,205, 158,204, 158,198
Line 170,209, 172,210, 172,197
Railway 14, 13, 4, 65,197, 68,180, 79,168, 95,165
Railway 14, 13, 5, 142,165, 158,168, 169,180, 172,197
Stairs 100,199, 137,199, 100,216
Stairs 282,589, 282,545, 328,589

; кассы
BrushColor -1
Line 77,223, 69,223, 69,250, 77,250
AngleTextOut -90, Arial, 10, 80, 224, кассы

; турникеты
BrushColor -1
Polygon 221,513, 221,508, 226,508, 226,513
PenColor 009900
Stairs 229,509, 229,512, 239,509
PenColor FF0000
Stairs 241,509, 241,512, 251,509

; стрелки
PenColor FF0000
Arrow 243,501, 243,487
Arrow 166,205, 163,211
PenColor 009900
Arrow 231,487, 231,501
Arrow 74,211, 71,205

;инфосос
PenColor 34349C
BrushColor 34349C
Polygon 119,273, 115,273, 115,274, 119,274
PenColor FF0000
BrushColor FF0000
Polygon 123,273, 119,273, 119,274, 123,274


; правый вестибюль

PenColor 000000
Line 763,606, 763,597, 745,597, 745,589, 795,589, 795,617, 858,617, 858,814
Line 935,744, 893,744, 893,814
Line 763,526, 763,536, 745,536, 745,545, 795,545, 795,516, 858,516, 858,505, 893,505, 893,717, 935,717
Stairs 933,744, 933,717, 895,744
Stairs 858,812, 893,812, 858,794
Stairs 793,589, 793,545, 747,589

; кассы
BrushColor -1
Line 858,513, 893,513
AngleTextOut 0, Arial, 10, 863, 502, кассы

; турникеты
BrushColor -1
Polygon 821,523, 826,518, 831,523, 826,528
Line 857,554, 857,588, 0.5
;Line 154,442, 144,442
PenColor 009900
Stairs 833,527, 830,530, 859,553
PenColor FF0000
Stairs 858,590, 855,587, 832,616

; стрелки
PenColor FF0000
Arrow 819,583, 830,594
PenColor 009900
Arrow 872,537, 857,537

;инфосос
PenColor 34349C
BrushColor 34349C
Polygon 889,569, 889,573, 890,573, 890,569
PenColor FF0000
BrushColor FF0000
Polygon 889,565, 889,569, 890,569, 890,565


; Названия улиц голубым
PenColor 00AFAF
BrushColor -1
AngleTextOut 0, Arial, 15, 69, 550, улица Волхонка
AngleTextOut 0, Arial, 15, 967, 566, улица Волхонка
AngleTextOut -45, Arial, 15, 581, 885, Храм Христа Спасителя
AngleTextOut -90, Arial, 15, 998, 289, Музей Пушкина
AngleTextOut -90, Arial, 15, 48, 179, Гоголевский бульвар
AngleTextOut -90, Arial, 15, 199, 179, Гоголевский бульвар

; Выходы
Angle -45
PenColor FFD900
BrushColor 615F56
SpotRect 20, 502, 30, 30, ShowMessage Выход №1
SpotRect 980, 325, 30, 30
SpotRect 991, 467, 30, 30
BrushColor -1
TextOut Arial, 25, 28, 503, 1
TextOut Arial, 25, 988, 326, 2
TextOut Arial, 25, 999, 468, 3
