Size 500x1240

Angle -85

; пути

BrushColor 34349C
Polygon 27,612, 27,582, 477,582, 477,612
Polygon 27,692, 477,692, 477,722, 27,722

PenColor 34349C
BrushColor -1
AngleTextOut 0, Arial, 25, 171, 634, Крылатское, 1
AngleTextOut 0, Arial, 20, 339, 722, Молодёжная >>
AngleTextOut 0, Arial, 20, 32, 558, << Строгино


; левый вестибюль

PenColor 000000
Line 27,692, 27,678, 16,678
Line -52,678, -62,678, -62,721, -154,721, -154,778, -28,778
Line -28,800, -218,800
Line -218,778, -176,778, -176,720, -187,720, -187,582, -183,582, -267,472, -318,472
Line -318,450, -178,450
Line -178,472, -238,472, -154,582, -63,582, -63,626, 27,626, 27,612
Stairs -316,472, -316,450, -282,472
Stairs -180,472, -180,450, -198,472
Stairs -207,472, -207,450, -225,472
Stairs -216,800, -216,778, -182,800
Stairs -30,800, -30,778, -48,800
Stairs -60,800, -60,778, -78,800
Stairs 8,626, 8,651, -46,626

BrushColor D0D0D0
Polygon -154,622, -144,622, -144,681, -154,681

; эскалатор 2 гор
PenColor 7F7F7F
Stairs 10,675, 10,654, -47,675
PenColor 000000
BrushColor 9B5509
Polygon 16,654, -52,654, -52,651, 16,651
Polygon 16,662, 16,667, -52,667, -52,662
Polygon 16,675, -52,675, -52,678, 16,678

; кассы
BrushColor -1
Line -63,609, -71,609, -71,582
AngleTextOut 90, Arial, 10, -74, 608, кассы

; турникеты
BrushColor -1
Line -73,610, -98,610, 0.5
Polygon -101,668, -95,668, -95,674, -101,674
Line -101,671, -144,671, 0.5
PenColor 009900
Stairs -100,612, -96,612, -100,665
PenColor FF0000
Stairs -100,678, -96,678, -100,721

; стрелки
PenColor FF0000
Arrow -109,700, -126,700
Arrow 40,663, 24,663
PenColor 009900
Arrow -126,634, -111,634
Arrow 24,640, 40,640


; правый вестибюль

PenColor 000000
Line 477,612, 477,626, 566,626, 566,582, 665,582, 665,469, 573,469
Line 573,447, 687,447, 687,551, 747,551
Line 747,574, 687,574, 687,582, 691,582, 691,721, 687,721, 687,778, 746,778
Line 746,800, 578,800
Line 578,778, 665,778, 665,721, 565,721, 565,678, 555,678
Line 487,678, 477,678, 477,692
Stairs 580,800, 580,778, 598,800
Stairs 744,800, 744,778, 710,800
Stairs 610,800, 610,778, 628,800
Stairs 745,574, 745,551, 711,574
Stairs 575,469, 575,447, 593,469
Stairs 606,469, 606,447, 624,469
Stairs 494,626, 494,651, 548,626

BrushColor D0D0D0
Polygon 656,622, 665,622, 665,681, 656,681

; эскалатор 2 гор
PenColor 7F7F7F
Stairs 548,675, 548,654, 491,675
PenColor 000000
BrushColor 9B5509
Polygon 555,654, 487,654, 487,651, 555,651
Polygon 555,662, 555,667, 487,667, 487,662
Polygon 555,675, 487,675, 487,678, 555,678

; кассы
BrushColor -1
Line 566,609, 574,609, 574,582
AngleTextOut 90, Arial, 10, 563, 608, кассы

; турникеты
BrushColor -1
Line 576,610, 601,610, 0.5
Polygon 604,668, 598,668, 598,674, 604,674
Line 604,671, 656,671, 0.5
PenColor 009900
Stairs 603,612, 599,612, 603,665
PenColor FF0000
Stairs 603,678, 599,678, 603,721

; стрелки
PenColor FF0000
Arrow 621,700, 636,700
Arrow 463,663, 479,663
PenColor 009900
Arrow 636,633, 621,633
Arrow 479,640, 463,640


; Названия улиц голубым
PenColor 00AFAF
BrushColor -1
AngleTextOut 0, Arial, 15, -355, 643, Осенний бульвар
AngleTextOut 0, Arial, 15, 747, 641, Осенний бульвар
