Size 720x500
Angle 15

; АПЛ

; пути
BrushColor 34349C
Polygon 136,248, 136,278, 586,278, 586,248
Polygon 136,281, 136,311, 586,311, 586,281

PenColor 34349C
BrushColor -1
AngleTextOut 0, Arial, 20, 22, 223, << Молодёжная
AngleTextOut 0, Arial, 20, 444, 395, Славянский бульвар >>
AngleTextOut 0, Arial, 25, -16, 327, Кунцевская, 1

; КЛ

; пути
PenColor 000000
BrushColor 2C7CAC
Polygon 136,177, 136,147, 586,147, 586,177

PenColor 2C7CAC
BrushColor -1
AngleTextOut 0, Arial, 20, 453, 123, Пионерская >>
AngleTextOut 0, Arial, 25, 165, 72, Кунцевская, 1

PenColor FFFFFF
Line 531,168, 513,168
Spline 513,168, 507,165, 507,159, 513,156
Arrow 513,156, 531,156

; правый переход
PenColor 000000
Line 586,177, 586,199, 655,199, 655,358, 586,358, 586,367
Line 586,248, 586,225, 625,225, 625,333, 586,333, 586,311
BrushColor FFFFFF
Stairs 588,225, 588,199, 625,225
Stairs 588,333, 588,358, 625,333
Arrow 635,271, 635,290
Arrow 645,290, 645,271

; северная платформа

Line 136,248, 136,177
Line 235,229, 170,229, 170,194, 235,194
Line 491,196, 555,196, 555,231, 491,231

Stairs 261,226, 261,197, 235,226
Stairs 462,228, 462,199, 491,228


; южная платформа

PenColor 000000
Line 586,358, 586,367, 136,367, 136,311
Line 223,332, 173,332, 173,367, 223,367
Line 491,332, 531,332, 531,367, 491,367
Line 561,337, 561,367

Stairs 252,335, 252,364, 223,335
Stairs 462,335, 462,364, 491,335

PenColor 000000
BrushColor D0D0D0
Polygon 491,196, 491,199, 439,199, 439,196
Polygon 439,231, 439,228, 491,228, 491,231
Polygon 290,229, 290,226, 235,226, 235,229
Polygon 290,194, 290,197, 235,197, 235,194

Polygon 223,364, 223,367, 280,367, 280,364
Polygon 223,335, 280,335, 280,332, 223,332
Polygon 439,332, 491,332, 491,335, 439,335
Polygon 439,364, 491,364, 491,367, 439,367

;инфосос
PenColor 34349C
BrushColor 34349C
Polygon 360,363, 356,363, 356,364, 360,364
PenColor FF0000
BrushColor FF0000
Polygon 364,363, 360,363, 360,364, 364,364


; верхний ярус

Opaque 80
PenColor FFFFFF
BrushColor FFFFFF
Polygon 149,306, 318,306, 318,260, 170,260, 170,164, 318,164, 318,143, 404,143, 404,164, 555,164, 555,260, 404,260, 404,306, 578,306, 578,395, 149,395

PenColor D0D0D0
Line 405,122, 405,163, 556,163, 556,261, 405,261, 405,305, 579,305, 579,396, 404,396, 404,418
Line 317,122, 317,163, 169,163, 169,261, 317,261, 317,305, 148,305, 148,342, 137,342, 137,355, 148,355, 148,386, 261,386, 261,396, 319,396, 319,418

; северная платформа

PenColor 000000
Line 308,170, 308,164, 170,164, 170,260, 308,260, 308,255
Line 308,238, 308,187
Line 420,254, 420,260, 555,260, 555,164, 420,164, 420,170
Line 420,187, 420,238
Line 238,194, 249,194, 253,198, 279,198, 283,194, 290,194, 290,229, 238,229
Line 488,196, 439,196, 439,231, 444,231, 448,227, 474,227, 478,231, 488,231

Stairs 226,226, 226,197, 195,226
Stairs 501,228, 501,199, 532,228

BrushColor D0D0D0
Polygon 193,197, 193,194, 238,194, 238,229, 193,229, 193,226, 235,226, 235,197
Polygon 534,231, 534,228, 491,228, 491,199, 534,199, 534,196, 488,196, 488,231

; кассы
BrushColor -1
Line 448,227, 448,219, 474,219, 474,227
AngleTextOut 0, Arial, 10, 449, 217, кассы
Line 253,198, 253,206, 279,206, 279,198
AngleTextOut 0, Arial, 10, 254, 195, кассы

; турникеты
BrushColor -1
Polygon 477,232, 474,235, 477,238, 480,235
Polygon 247,192, 250,189, 247,186, 244,189
PenColor 009900
Stairs 249,183, 245,183, 249,166
Stairs 477,242, 481,242, 477,259
PenColor FF0000
Stairs 245,233, 249,233, 245,258
Stairs 481,192, 476,192, 481,167

; стрелки
PenColor FF0000
Arrow 429,178, 410,178
Arrow 294,247, 314,247
Arrow 208,217, 190,217
Arrow 518,208, 538,208
PenColor 009900
Arrow 314,179, 294,179
Arrow 410,247, 429,247
Arrow 192,206, 208,206
Arrow 538,218, 517,218

;инфосос
PenColor 34349C
BrushColor 34349C
Polygon 306,210, 306,214, 305,214, 305,210
PenColor FF0000
BrushColor FF0000
Polygon 306,206, 306,210, 305,210, 305,206

;инфосос
PenColor 34349C
BrushColor 34349C
Polygon 423,212, 423,208, 424,208, 424,212
PenColor FF0000
BrushColor FF0000
Polygon 423,216, 423,212, 424,212, 424,216


; южная платформа

PenColor 000000
BrushColor D0D0D0
Line 280,315, 280,306, 149,306, 149,385, 280,385, 280,360
Line 280,329, 280,338
Line 280,364, 286,364, 286,369, 296,379, 302,379, 302,395, 262,395, 262,385
Stairs 220,335, 220,364, 183,335
Polygon 177,332, 226,332, 226,367, 177,367, 177,364, 223,364, 223,335, 177,335

Line 434,313, 434,306, 578,306, 578,395, 434,395, 434,388
Line 434,366, 454,366
Line 434,333, 454,333
Line 445,333, 445,340, 459,354, 466,354
Line 561,306, 561,395
Spline 434,333, 423,338, 418,349, 423,361, 434,366
Spline 454,333, 464,338, 468,349, 464,361, 454,366
Stairs 527,364, 527,335, 496,364
Polygon 531,332, 488,332, 488,367, 531,367, 531,364, 491,364, 491,335, 531,335

; кассы
BrushColor -1
AngleTextOut -45, Arial, 10, 287, 367, кассы
AngleTextOut -45, Arial, 10, 452, 330, кассы

; турникеты
BrushColor -1
Polygon 251,385, 257,385, 257,379, 251,379
Line 226,332, 259,332
Line 531,332, 539,332
Polygon 539,329, 539,335, 545,335, 545,329
PenColor 009900
Stairs 256,376, 252,376, 257,336
Stairs 544,339, 540,339, 544,394
PenColor FF0000
Stairs 207,329, 203,329, 207,306
Stairs 508,371, 513,371, 508,395

; лифты
PenColor 000000
BrushColor D0EFFF
Polygon 561,346, 572,346, 572,357, 561,357
BrushColor -1
AngleTextOut 0, Arial, 6, 562, 349, лифт

BrushColor D0EFFF
Polygon 138,343, 149,343, 149,354, 138,354
BrushColor -1
AngleTextOut 0, Arial, 6, 139, 345, лифт

;инфосос
PenColor 34349C
BrushColor 34349C
Polygon 151,378, 151,374, 152,374, 152,378
PenColor FF0000
BrushColor FF0000
Polygon 151,382, 151,378, 152,378, 152,382

;инфосос
PenColor 34349C
BrushColor 34349C
Polygon 558,387, 558,391, 559,391, 559,387
PenColor FF0000
BrushColor FF0000
Polygon 558,383, 558,387, 559,387, 559,383


; шоссе
PenColor 000000
Line 394,122, 394,418
Line 328,122, 328,418

; стрелки
PenColor FF0000
Arrow 517,358, 533,358
Arrow 447,377, 419,377
Arrow 198,343, 179,343
Arrow 270,321, 291,321
PenColor 009900
Arrow 292,350, 265,350, 265,370, 245,370
Arrow 179,355, 198,355
Arrow 422,323, 451,323
Arrow 533,341, 517,341

BrushColor 000000

Opaque 100

; Названия улиц голубым
PenColor 00AFAF
BrushColor -1
AngleTextOut 270, Arial, 15, 370, 211, Рублёвское шоссе
AngleTextOut 0, Arial, 15, 598, 106, Малая Филёвская улица
AngleTextOut 0, Arial, 15, 43, 110, Молдавская улица
AngleTextOut 0, Arial, 15, 451, 450, Кастанаевская улица

PenColor 040464
TextOut Arial, 10, 303, 465, 'Схема перехода к ж/д платформе "Кунцево"', 5
SpotRect 303, 465, 180, 15, LoadVec Kunz.vec

PenColor 000000
TextOut Arial, 8, 176, 163, верхний ярус
TextOut Arial, 8, 503, 177, верхний ярус
TextOut Arial, 8, 154, 306, верхний ярус
TextOut Arial, 8, 509, 306, верхний ярус
TextOut Arial, 8, 83, 181, нижний ярус
TextOut Arial, 8, 592, 164, нижний ярус
TextOut Arial, 8, 86, 358, нижний ярус
TextOut Arial, 8, 589, 359, нижний ярус


; Выходы
Angle -15
PenColor FFD900
BrushColor 615F56
SpotRect 304, 204, 32, 30, ShowMessage Выход №1
SpotRect 370, 189, 32, 30
SpotRect 321, 331, 32, 30
SpotRect 402, 312, 32, 30
BrushColor -1
TextOut Arial, 25, 305, 205, 1.1
TextOut Arial, 25, 371, 190, 1.2
TextOut Arial, 25, 322, 332, 2.1
TextOut Arial, 25, 403, 313, 2.2
