Size 1330x1380
Angle 45

; перекресток
PenColor F5F5F5
BrushColor F5F5F5
Line 767,235, 1001,469, 687,1144, 49,846, 40
Polygon 870,-80, 597,198, 339,432, -160,840, -55,945, 431,550, 705,302, 973,23
Polygon 782,219

; Курская АПЛ

;Пути
PenColor 000000
BrushColor 34349C
Polygon 363,357, 363,387, 813,387, 813,357
Polygon 363,467, 363,497, 813,497, 813,467
PenColor 5D5DB0
BrushColor 5D5DB0
Polygon 570,496, 570,468, 599,468, 599,496

BrushColor -1
PenColor 34349C
AngleTextOut 0, Arial, 20, 365, 332, << Площадь Революции
AngleTextOut 0, Arial, 20, 685, 497, Бауманская >>
AngleTextOut 0, Arial, 25, 540, 388, Курская, 1

;инфосос
PenColor 34349C
BrushColor 34349C
Polygon 585,431, 585,427, 586,427, 586,431
PenColor FF0000
BrushColor FF0000
Polygon 585,435, 585,431, 586,431, 586,435


; Курская КЛ

;Пути
PenColor 000000
BrushColor 9B5509
Polygon 425,835, 440,861, 830,636, 815,610
Polygon 480,930, 870,705, 885,731, 495,956

BrushColor -1
PenColor 9B5509
AngleTextOut 30, Arial, 20, 418, 812, << Таганская
AngleTextOut 30, Arial, 20, 741, 814, Комсомольская >>
AngleTextOut 30, Arial, 25, 601, 793, Курская, 1

;инфосос
PenColor 34349C
BrushColor 34349C
Polygon 595,817, 593,814, 592,815, 594,818
PenColor FF0000
BrushColor FF0000
Polygon 597,820, 595,817, 594,818, 596,821


; Чкаловская

;Пути
PenColor 000000
BrushColor 7CBC54
Polygon 69,374, 99,374, 99,824, 69,824
Polygon 179,374, 209,374, 209,824, 179,824

BrushColor -1
PenColor 5C9F2E
AngleTextOut -90, Arial, 20, 235, 458, << Сретенский бульвар
AngleTextOut -90, Arial, 20, 70, 719, Римская >>
AngleTextOut -90, Arial, 25, 145, 530, Чкаловская, 1

;инфосос
PenColor 34349C
BrushColor 34349C
Polygon 140,599, 136,599, 136,600, 140,600
PenColor FF0000
BrushColor FF0000
Polygon 144,599, 140,599, 140,600, 144,600


; переход АПЛ Чкаловская

; эскалатор 4
PenColor 7F7F7F
Stairs 245,408, 245,444, 316,408
PenColor 000000
BrushColor 9B5509
Polygon 238,406, 321,406, 321,408, 238,408
Polygon 238,414, 321,414, 321,418, 238,418
Polygon 238,424, 321,424, 321,428, 238,428
Polygon 238,434, 321,434, 321,438, 238,438
Polygon 238,444, 321,444, 321,446, 238,446

; вестибюль АПЛ КЛ
; эскалатор 3
PenColor 7F7F7F
Stairs 807,414, 807,440, 984,414
PenColor 000000
BrushColor 9B5509
Polygon 800,412, 989,412, 989,414, 800,414
Polygon 800,420, 989,420, 989,424, 800,424
Polygon 800,430, 989,430, 989,434, 800,434
Polygon 800,440, 989,440, 989,442, 800,442

; эскалатор 3
PenColor 7F7F7F
Stairs 929,610, 942,633, 1055,539
PenColor 000000
BrushColor 9B5509
Polygon 922,612, 1059,534, 1060,536, 923,614
Polygon 926,619, 1063,541, 1065,545, 928,622
Polygon 931,628, 1068,550, 1070,554, 933,631
Polygon 936,636, 1073,559, 1074,561, 937,638

; эскалатор 3
PenColor 7F7F7F
Stairs 1021,315, 1003,333, 1037,331
PenColor 000000
BrushColor 9B5509
Polygon 1018,308, 1044,334, 1042,336, 1016,310
Polygon 1012,314, 1038,340, 1035,343, 1009,317
Polygon 1005,321, 1031,347, 1028,350, 1002,324
Polygon 998,328, 1024,354, 1022,356, 996,330

; вестибюль Чкаловская КЛ
; эскалатор 4 верт
PenColor 7F7F7F
Stairs 119,996, 155,996, 119,799
PenColor 000000
BrushColor 9B5509
Polygon 117,1003, 117,794, 119,794, 119,1003
Polygon 125,1003, 125,794, 129,794, 129,1003
Polygon 135,1003, 135,794, 139,794, 139,1003
Polygon 145,1003, 145,794, 149,794, 149,1003
Polygon 155,1003, 155,794, 157,794, 157,1003

; эскалатор 4
PenColor 7F7F7F
Stairs 205,1022, 223,1053, 458,876
PenColor 000000
BrushColor 9B5509
Polygon 198,1023, 461,872, 462,874, 199,1025
Polygon 202,1030, 465,879, 467,882, 204,1034
Polygon 207,1039, 470,888, 472,891, 209,1042
Polygon 212,1048, 475,896, 477,900, 214,1051
Polygon 217,1056, 480,905, 481,907, 218,1058



;Здания беж
BrushColor FEFBF1
PenColor CCCCCC
Polygon 1209,686, 1036,605, 770,1176, 943,1257

PenColor 000000
AngleTextOut -115, Arial, 15, 1015, 909, Курский вокзал


;Улицы голубым
PenColor 00AFAF
BrushColor -1
AngleTextOut -95, Arial, 15, 852, 1327, электропоезда
AngleTextOut -95, Arial, 15, 837, 1325, Горьковского
AngleTextOut -95, Arial, 15, 821, 1323, направления
AngleTextOut -115, Arial, 15, 1274, 661, электропоезда Курского направления
AngleTextOut 45, Arial, 15, 616, 258, улица Земляной Вал
AngleTextOut 45, Arial, 15, 628, 272, (Садовое Кольцо)
AngleTextOut 20, Arial, 15, 1360, 501, Нижний
AngleTextOut 20, Arial, 15, 1364, 513, Сусальный
AngleTextOut 20, Arial, 15, 1368, 524, переулок

Opaque 80

PenColor FFFFFF
BrushColor FFFFFF
Polygon 206,1018, 239,998, 286,1020, 228,1054, 230,1049, 233,1045, 235,1037, 231,1027, 224,1020, 215,1016, 210,1016
Polygon 115,941, 158,961, 157,988, 151,979, 137,975, 124,978, 117,988
Polygon 995,568, 1015,596, 993,609, 973,581

Opaque 100

; вестибюль АПЛ КЛ
PenColor 000000
Line 930,608, 928,605, 784,689, 779,680, 836,647, 830,636
Line 870,705, 864,695, 806,729, 801,720, 946,637, 944,634
Line 1044,676, 1010,660, 1017,645, 941,536, 1031,470
Spline 1031,470, 1038,458, 1050,446
Line 1050,446, 1050,442, 989,442
Line 989,412, 1043,412, 1043,391
Line 1033,367, 1022,356
Line 996,330, 983,317, 975,325, 985,335, 963,357
Line 923,317, 945,295, 956,306, 964,298, 958,292, 980,270, 1018,308
Line 1044,334, 1048,338
Line 1075,396, 1075,412, 1083,412, 1083,442, 1076,442, 1076,454
Line 813,467, 813,456, 712,456, 712,445, 809,445, 809,442
Line 809,412, 809,409, 712,409, 712,399, 813,399, 813,387
Line 953,346, 958,341
Line 943,336, 948,331
Line 933,326, 938,321
Spline 1048,338, 1068,365, 1075,396
Spline 1033,367, 1040,378, 1043,391
Stairs 971,514, 992,543, 989,501
Spline 1076,454, 1100,451, 1124,460, 1141,480, 1146,502
Spline 1092,553, 1110,551, 1126,544
Line 1126,544, 1186,572, 1206,530, 1146,502

Stairs 1161,560, 1166,550, 1174,567
Stairs 1176,529, 1181,519, 1189,535
Line 1200,543, 1290,585, 1318,525, 1357,511
Line 1191,563, 1237,584, 1222,615
Line 1240,624, 1255,592, 1318,621, 1303,654
Line 1321,662, 1345,612, 1312,596, 1339,539, 1364,530
Line 1300,578, 1307,563, 1319,568, 1312,584
Stairs 1222,615, 1240,624, 1233,592
Stairs 1303,654, 1321,662, 1315,627
Stairs 1185,540, 1179,553, 1172,534
Stairs 1307,563, 1319,568, 1301,575
Line 1092,553, 1068,567, 1067,565
Line 1054,534, 1050,536, 1051,538
Line 1043,506, 983,550, 1030,617, 1064,633
Spline 1054,534, 1046,521, 1043,506

;инфосос
PenColor 34349C
BrushColor 34349C
Polygon 1049,514, 1049,510, 1048,510, 1048,514
PenColor FF0000
BrushColor FF0000
Polygon 1049,518, 1049,514, 1048,514, 1048,518


PenColor 000000
BrushColor D0D0D0
Polygon 1062,450, 1067,459, 1058,466, 1052,474, 1047,483, 1038,479, 1043,469, 1051,459
Polygon 1157,546, 1158,543, 1182,554, 1181,557

; кассы
BrushColor FFFFFF
Polygon 1168,525, 1191,536, 1188,542, 1165,531
BrushColor -1
AngleTextOut -25, Arial, 8, 1173, 526, кассы
Line 1221,553, 1224,546, 1248,557, 1245,564
AngleTextOut -25, Arial, 8, 1228, 546, кассы

; турникеты
BrushColor -1
Polygon 1144,526, 1150,529, 1147,535, 1141,532
PenColor 009900
Stairs 1153,509, 1157,511, 1146,524
PenColor FF0000
Stairs 1141,535, 1145,537, 1136,546

; переход АПЛ КЛ

Opaque 80
PenColor FFFFFF
BrushColor FFFFFF
Polygon 597,735, 624,718, 640,746, 613,763
Opaque 100

PenColor 000000
Line 521,422, 569,422, 569,439, 521,439
Line 648,422, 600,422, 600,439, 648,439
Stairs 646,439, 646,422, 601,439
Stairs 523,439, 523,422, 568,439
Stairs 621,777, 649,761, 606,751
Line 622,779, 569,687, 569,497
Line 650,763, 600,676, 600,497
PenColor E3E3E3
Line 600,466, 600,440
Line 569,466, 569,440
Line 599,422, 570,422

; кассы
PenColor 000000
BrushColor -1
Line 980,270, 971,261, 949,283, 958,292
AngleTextOut 45, Arial, 10, 951, 280, кассы
Line 1010,634, 1004,638, 988,615, 994,611
AngleTextOut -55, Arial, 10, 998, 612, кассы

; турникеты
BrushColor -1
Polygon 1073,402, 1073,408, 1067,408, 1067,402
Line 1047,405, 1043,405
Stairs 984,557, 986,560, 979,560
Polygon 978,561, 980,564, 977,566, 975,563
Stairs 972,565, 974,568, 968,568
;Stairs 1063,403, 1063,407, 1045,403
PenColor 009900
Stairs 1063,403, 1063,407, 1057,403
PenColor FF0000
Stairs 1055,403, 1055,407, 1046,403

; переход АПЛ Чкаловская

Opaque 80
PenColor FFFFFF
BrushColor FFFFFF
Polygon 178,399, 210,399, 210,413, 178,413
Polygon 178,418, 210,418, 210,434, 178,434
Polygon 178,439, 210,439, 210,453, 178,453
Opaque 100

PenColor 000000
Line 169,453, 169,476, 159,476, 159,453, 223,453, 230,449, 247,449, 247,446
Line 311,446, 311,449, 453,449, 453,458, 363,458, 363,467
Line 99,374, 109,374, 109,476, 119,476, 119,392, 159,392, 159,399, 179,399
Line 179,374, 169,374, 169,399
Line 179,399, 223,399, 230,403, 247,403, 247,406
Line 311,406, 311,403, 453,403, 453,395, 363,395, 363,387
Stairs 161,453, 161,439, 186,453
Stairs 161,434, 161,418, 186,434
Stairs 161,413, 161,399, 186,413

BrushColor D0D0D0
Polygon 159,418, 159,413, 212,413, 221,419, 212,418
Polygon 221,433, 212,439, 159,439, 159,434, 212,434

; вестибюль Чкаловская КЛ
Line 440,861, 445,869, 534,818, 538,825, 454,873, 455,875
Line 475,910, 476,912, 560,864, 564,871, 475,922, 480,930
Line 99,824, 107,824, 107,757, 114,757, 114,802, 117,802
Line 157,802, 160,802, 160,757, 169,757, 169,824, 179,824

Line 110,915, 76,899, 52,951, 78,963, 48,1027, 218,1107, 229,1083
Spline 229,1083, 245,1072, 269,1078
Line 269,1078, 310,1097
Line 391,1098, 295,1053, 293,1057, 323,1071
Line 104,928, 85,919, 74,943, 85,948, 93,930, 402,1074
Line 143,976, 100,956, 74,1012, 102,1025, 116,995
Spline 203,1019, 216,1017, 229,1025, 234,1038, 229,1050
Spline 116,995, 121,982, 133,976, 147,978, 157,988
Line 229,1050, 218,1074
Stairs 102,927, 108,914, 85,919
Stairs 84,921, 69,914, 75,941
Stairs 82,994, 67,987, 74,1012
Stairs 155,982, 164,963, 139,975
Stairs 318,1069, 306,1095, 295,1058

BrushColor -1
Line 125,1064, 122,1071, 152,1085, 155,1078
AngleTextOut -25, Arial, 10, 130, 1063, кассы

; турникеты
BrushColor -1
Line 139,1039, 171,1054
Polygon 212,1076, 214,1072, 218,1074, 216,1078
PenColor 009900
Stairs 172,1052, 170,1056, 212,1071
Stairs 106,1026, 108,1022, 139,1041
PenColor FF0000
Stairs 161,993, 159,997, 206,1014

;инфосос
PenColor 34349C
BrushColor 34349C
Polygon 164,1028, 162,1032, 163,1032, 165,1028
PenColor FF0000
BrushColor FF0000
Polygon 166,1024, 164,1028, 165,1028, 167,1024



; стрелки
PenColor 000000
Arrow 591,602, 591,578
Arrow 578,578, 578,602
Arrow 333,439, 362,439
Arrow 362,413, 333,413
PenColor FF0000
Arrow 1074,555, 1088,547
Line 1159,553, 1184,565, 1190,552
Arrow 1190,552, 1156,536
Arrow 971,338, 958,351
Arrow 736,420, 765,420
Arrow 221,1004, 242,1014
Arrow 171,979, 154,971
Arrow 1027,504, 1011,516
Arrow 1063,497, 1044,497
Arrow 1037,630, 1054,638
Arrow 1053,425, 1053,412
Arrow 1122,533, 1133,538
Arrow 981,556, 988,566
Arrow 178,1009, 183,998
PenColor 009900
Arrow 1078,529, 1064,537
Line 1168,536, 1192,547, 1198,534
Arrow 1198,534, 1166,519
Arrow 1048,651, 1031,643
Arrow 928,321, 941,308
Arrow 765,434, 736,434
Arrow 1002,505, 1018,493
Arrow 1041,461, 1052,450
Arrow 1045,490, 1063,490
Arrow 180,1078, 185,1067
Arrow 116,1048, 121,1037
Arrow 83,972, 75,989
Arrow 1061,385, 1061,398
Arrow 1146,512, 1135,507
Arrow 973,570, 966,560

; подземные переходы

PenColor 000000
Line 852,252, 824,224, 807,241, 835,269
Line 841,169, 813,197, 823,207, 851,179
Line 719,47, 691,75, 701,85, 729,57
Line 630,136, 658,108, 668,118, 640,146
Stairs 840,170, 850,180, 813,197
Stairs 851,251, 834,268, 824,224
Stairs 718,48, 728,58, 691,75
Stairs 631,135, 641,145, 658,108

Line -566,1103, -533,1080, -524,1093, -557,1116
Line -448,1230, -415,1207, -406,1220, -439,1243
Line -363,961, -396,984, -387,997, -354,974
Line -205,1060, -238,1083, -229,1096, -196,1073
Stairs -364,962, -355,975, -396,984
Stairs -206,1061, -197,1074, -238,1083
Stairs -565,1102, -556,1115, -533,1080
Stairs -447,1229, -438,1242, -415,1207


PenColor CCCCCC
Line 823,207, 815,215, 824,224
Line 813,197, 805,205, 693,93, 701,85
Line 807,241, 676,110, 668,118
Line 691,75, 658,108

Line -238,1083, -314,1136, -404,1009, -387,997
Line -415,1207, -362,1170, -451,1042, -524,1093
Line -229,1096, -406,1220
Line -396,984, -533,1080


; Выходы
Angle -45
PenColor FFD900
BrushColor 615F56
SpotRect 600, 258, 30, 30, ShowMessage Выход №1
SpotRect 926, 370, 30, 30
SpotRect 898, 160, 30, 30
SpotRect 1033, 203, 30, 30
SpotRect 360, 1262, 30, 30
SpotRect 729, 1192, 30, 30
BrushColor -1
TextOut Arial, 25, 608, 259, 1
TextOut Arial, 25, 934, 371, 2
TextOut Arial, 25, 906, 161, 3
TextOut Arial, 25, 1041, 204, 4
TextOut Arial, 25, 368, 1263, 5
TextOut Arial, 25, 737, 1193, 6
