Size 580x650
Angle -75

; пути

PenColor FFFFFF
BrushColor 2C7CAC
Polygon 72,330, 178,326, 280,316, 382,300, 483,276, 491,305, 388,329, 283,346, 180,356, 72,360
Polygon 72,363, 180,359, 284,349, 389,332, 492,308, 500,337, 394,360, 288,379, 182,389, 72,394

PenColor 2C7CAC
Line 491,305, 483,276
Line 72,360, 72,330
Spline 72,359, 180,355, 283,345, 388,328, 491,304, 3

Line 500,337, 492,308
Line 72,394, 72,363
Spline 500,336, 394,359, 288,378, 182,388, 72,393, 3

BrushColor 2C7CAC
PenColor 000000
Spline 72,363, 180,359, 284,349, 389,332, 492,308
Spline 72,394, 182,389, 288,379, 394,360, 500,337
Spline 72,330, 178,326, 280,316, 382,300, 483,276
Spline 72,360, 180,356, 283,346, 388,329, 491,305

BrushColor -1
PenColor 000000
AngleTextOut 8, Arial, 30, 203, 338, Кутузовская, 1
AngleTextOut 3, Arial, 20, 81, 331, << Фили
AngleTextOut 12, Arial, 20, 349, 347, Студенческая >>
PenColor FFFFFF
AngleTextOut 8, Arial, 30, 201, 336, Кутузовская, 1
AngleTextOut 3, Arial, 20, 80, 329, << Фили
AngleTextOut 12, Arial, 20, 347, 346, Студенческая >>

;Здания беж
PenColor DFDFDF
BrushColor FEFBF1
Polygon -19,274, -19,448, 66,448, 66,274
Polygon 475,220, 557,198, 602,367, 520,388


; платформы

PenColor 000000
Spline 160,439, 294,429, 427,404
Spline 160,282, 274,273, 386,253

; левый вестибюль

PenColor 000000
Line -8,274, -19,274, -19,448, 142,448, 151,439, 151,433, 160,433, 160,439
Line 41,274, 143,274, 151,282, 151,288, 160,288, 160,282
Line 5,274, 31,274
Line 21,274, 21,296
Line 21,291, 5,291
Line -8,291, -19,291

Stairs 70,448, 70,422, 116,448
Stairs 70,299, 70,274, 116,299
Stairs 181,438, 179,390, 186,438
Stairs 174,282, 176,325, 180,282

BrushColor D0D0D0
Polygon 127,304, 127,299, 66,299, 66,422, 126,422, 126,417, 72,417, 72,304

; касса
PenColor D0D0D0
BrushColor D0D0D0
Polygon 33,306, 33,414, 29,422, 21,425, 12,422, 8,414, 10,406, 16,401, 16,320, 10,315, 8,308, 12,299, 21,296, 29,299
PenColor 000000
Line 16,320, 16,401
Line 33,306, 33,414
Spline 33,306, 29,299, 21,296, 12,299, 8,308, 10,315, 16,320
Spline 33,414, 29,422, 21,425, 12,422, 8,414, 10,406, 16,401

BrushColor FFFFFF
Polygon 16,342, 24,342, 24,381, 16,381
BrushColor -1
AngleTextOut 90, Arial, 10, 13, 373, кассы

; турникеты
BrushColor -1
Polygon -18,386, -12,386, -12,393, -18,393
PenColor 009900
Stairs -9,388, -9,391, 13,388
PenColor FF0000
Stairs 30,295, 33,298, 48,277

; стрелки
PenColor FF0000
Arrow 141,281, 126,281
Arrow 141,429, 128,429
Arrow 36,277, 36,264
PenColor 009900
Arrow 126,291, 141,291
Arrow 128,440, 141,440
Arrow 12,436, 33,436
Arrow -1,280, -1,301

;инфосос
PenColor 34349C
BrushColor 34349C
Polygon 61,361, 61,365, 62,365, 62,361
PenColor FF0000
BrushColor FF0000
Polygon 61,357, 61,361, 62,361, 62,357


; правый вестибюль

PenColor 000000
Line 546,201, 557,198, 602,367, 447,408, 436,402, 434,396, 425,398, 427,404
Line 499,214, 401,240, 395,250, 396,256, 388,258, 386,253
Line 534,205, 509,211
Line 518,209, 524,230
Line 523,225, 538,221
Line 551,218, 561,215

Stairs 516,390, 509,364, 472,401
Stairs 478,248, 471,222, 437,259

BrushColor D0D0D0
Polygon 424,265, 423,260, 481,245, 513,363, 455,379, 454,374, 506,360, 477,251

; касса
PenColor D0D0D0
BrushColor D0D0D0
Polygon 515,243, 543,347, 549,354, 558,355, 565,349, 567,341, 563,333, 556,330, 535,252, 540,246, 540,238, 534,231, 524,230, 517,235
PenColor 000000
Line 535,252, 556,330
Line 515,243, 543,347
Spline 515,243, 517,235, 524,230, 534,231, 540,238, 540,246, 535,252
Spline 543,347, 549,354, 558,355, 565,349, 567,341, 563,333, 556,330

BrushColor FFFFFF
Polygon 541,273, 533,275, 543,313, 551,311
BrushColor -1
AngleTextOut 105, Arial, 10, 538, 306, кассы

; турникеты
BrushColor -1
Polygon 584,307, 577,309, 579,316, 586,314
PenColor 009900
Stairs 575,312, 576,315, 554,318
PenColor FF0000
Stairs 515,231, 513,235, 493,219

; стрелки
PenColor FF0000
Arrow 404,247, 419,243
Arrow 444,389, 455,386
Arrow 505,218, 501,203
PenColor 009900
Arrow 421,252, 407,256
Arrow 458,397, 447,400
Arrow 568,363, 549,368
Arrow 542,210, 547,229

;инфосос
PenColor 34349C
BrushColor 34349C
Polygon 500,303, 499,299, 500,299, 501,303
PenColor FF0000
BrushColor FF0000
Polygon 501,307, 500,303, 501,303, 502,307


; Названия улиц голубым
PenColor 00AFAF
BrushColor -1
AngleTextOut 0, Arial, 15, 17, 132, Киевская улица
AngleTextOut 10, Arial, 15, 203, 210, 3 транспортное кольцо
AngleTextOut 110, Arial, 15, 244, 146, Кутузовский проспект
AngleTextOut 100, Arial, 15, 337, 629, Кутузовский проспект


; Выходы
Angle 75
PenColor FFD900
BrushColor 615F56
SpotRect 283, 28, 30, 30, ShowMessage Выход №1
SpotRect 470, 499, 30, 30
BrushColor -1
TextOut Arial, 25, 291, 29, 1
TextOut Arial, 25, 478, 500, 2
