Size 1840x530

BrushColor -1
PenColor 040464
SpotRect 1354, 7, 170, 16, LoadVec Voykovskaya.vec
TextOut Arial, 15, 1354, 7, 'Схема ст.м."Войковская"', 5


Angle -3
;Image 1.bmp

BrushColor -1
PenColor 000000
AngleTextOut 0, Arial, 20, 29, 350, << Покровское-Стрешнево
AngleTextOut 0, Arial, 30, 769, 482, 'платформа "Ленинградская"'
AngleTextOut 0, Arial, 20, 1517, 383, Красный Балтиец >>
PenColor 00AFAF
AngleTextOut 0, Arial, 15, 889, 163, 1-й Войковский пр.
AngleTextOut -70, Arial, 15, 1790, 192, Ленинградское ш.
AngleTextOut -70, Arial, 15, 1579, -1, '<< метро "Войковская"'

PenColor 000000

BrushColor 808080
PenColor 808080
Polygon 1210,407, 1210,441, 1168,441, 1168,475, 1144,475, 1144,441, 274,441, 274,407
Polygon 1210,318, 1210,351, 274,351, 274,318, 782,318, 782,257, 823,257, 823,318, 1056,318, 1056,257, 1139,257, 1139,318
Polygon 1238,407, 1498,407, 1498,441, 1314,441, 1314,475, 1289,475, 1289,441, 1238,441
Polygon 1238,318, 1498,318, 1498,351, 1238,351

PenColor FF0000
Arrow 877,298, 807,298
Arrow 999,298, 1071,298

PenColor 009900
Arrow 807,270, 877,270
Arrow 1071,270, 999,270


PenColor 000000

;вестибюль
Dashed 823,318, 823,257
Dashed 861,318, 861,257
Dashed 1017,318, 1017,257
Dashed 1056,318, 1056,257
Line 1056,318, 823,318
Line 1238,257, 782,257, 782,318, 274,318, 274,351, 1210,351, 1210,318, 1139,318, 1139,257
Line 1238,318, 1498,318, 1498,351, 1238,351, 1238,318
Line 1238,407, 1498,407, 1498,441, 1314,441, 1314,475, 1289,475, 1289,441, 1238,441, 1238,407
Line 274,407, 1210,407, 1210,441, 1168,441, 1168,475, 1144,475, 1144,441, 274,441, 274,407
Line 1168,475, 1289,475
Line 1290,453, 1238,453, 1238,441
Line 1168,453, 1210,453, 1210,441
Line 1210,407, 1210,279, 1139,279
Line 1238,407, 1238,257
Line 1160,318, 1160,279
Line 910,218, 910,257
Line 971,219, 971,257

Stairs 1210,453, 1210,475, 1168,453
Stairs 1238,453, 1238,475, 1289,453
Stairs 1210,311, 1238,311, 1210,279
Stairs 1206,279, 1206,257, 1139,279
Stairs 910,257, 971,257, 910,222

;кассы
Line 899,318, 899,291, 982,291, 982,318
BrushColor -1
AngleTextOut 0, Arial, 18, 917, 295, Кассы
AngleTextOut 90, Arial, 8, 1141, 314, Кассы на
AngleTextOut 90, Arial, 8, 1149, 312, '"Выход"'


;Железная дорога
Railway 10, 12, 8, 274,362, 1210,362
Railway 10, 12, 8, 275,386, 1210,386
Railway 10, 12, 8, 1238,362, 1498,362
Railway 10, 12, 8, 1238,386, 1499,386

;Левый вестибюль


;Турникеты


