Size 700x710

Angle 45

;Пути
BrushColor FC9C54
Polygon 609,311, 609,281, 159,281, 159,311
Polygon 159,421, 159,391, 609,391, 609,421

BrushColor -1
PenColor 000000
AngleTextOut 0, Arial, 25, 157, 320, Ленинский проспект, 1
PenColor F7782E
AngleTextOut 0, Arial, 25, 156, 319, Ленинский проспект, 1
AngleTextOut 0, Arial, 20, 161, 258, << Академическая
AngleTextOut 0, Arial, 20, 471, 423, Шаболовская >>

;здание
PenColor DFDFDF
BrushColor FEFBF1
Polygon 74,290, -17,290, -17,300, -79,300, -79,412, 74,412


; левый вестибюль
PenColor 000000
Line 74,313, 74,316, 9,316, 9,324, 34,324, 34,327, 159,327, 159,311
Line 74,389, 74,386, 9,386, 9,385, -19,385, -19,379, 9,379, 9,378, 34,378, 34,375, 159,375, 159,391
Line 74,409, 74,412, -49,412, -49,378, -66,378, -66,324, -20,324, -20,300, -17,300, -17,290, 74,290, 74,293

;эскалаторы
PenColor 7F7F7F
Stairs 39,329, 39,373, 136,329
PenColor 000000
BrushColor 9B5509
Polygon 139,341, 36,341, 36,346, 139,346
Polygon 139,356, 36,356, 36,361, 139,361
Polygon 139,327, 36,327, 36,331, 139,331
Polygon 140,371, 36,371, 36,375, 140,375

; кассы
BrushColor -1
Line -66,350, -79,350, -79,376, -66,376
AngleTextOut -90, Arial, 10, -66, 351, кассы

; турникеты
Line 35,357, -35,336, 0.5
Polygon -35,337, -39,341, -43,337, -39,333
PenColor 009900
Stairs -33,339, -37,343, 4,374

; правый вестибюль
PenColor 000000
Line 804,317, 691,317, 691,328, 609,328, 609,311
Line 804,385, 691,385, 691,374, 609,374, 609,391
BrushColor D0D0D0
Polygon 788,336, 804,336, 804,366, 788,366, 788,363, 793,363, 793,339, 788,339

;эскалаторы
PenColor 7F7F7F
Stairs 633,330, 633,371, 727,330
PenColor 000000
BrushColor 9B5509
Polygon 629,341, 732,341, 732,346, 629,346
Polygon 629,356, 732,356, 732,361, 629,361
Polygon 629,328, 732,328, 732,331, 629,331
Polygon 629,371, 732,371, 732,374, 629,374

; турникеты
BrushColor -1
Polygon 763,343, 762,348, 757,347, 758,342
Line 733,344, 759,339, 771,339, 0.5
PenColor 009900
Stairs 756,350, 761,351, 749,382

;кассы
PenColor 000000
Polygon 783,339, 783,363, 793,363, 793,339
AngleTextOut -90, Arial, 9, 794, 341, касса

;стрелки
PenColor FF0000
Arrow 793,326, 808,326
Arrow 719,336, 732,336
Arrow 59,303, 79,303
Arrow 51,336, 36,336
PenColor 009900
Arrow 732,366, 719,366
Arrow 808,376, 793,376
Arrow 79,399, 56,399
Arrow 36,366, 51,366
Arrow -36,373, -27,364

;инфососы
PenColor 34349C
BrushColor 34349C
Polygon 765,337, 760,337, 760,335, 765,335
Polygon 299,355, 299,360, 301,360, 301,355
Polygon -51,326, -46,326, -46,328, -51,328
PenColor FF0000
BrushColor FF0000
Polygon 770,337, 765,337, 765,335, 770,335
Polygon 299,350, 299,355, 301,355, 301,350
Polygon -56,326, -51,326, -51,328, -56,328


;названия улиц голубым
PenColor 00AFAF
BrushColor -1
AngleTextOut -90, Arial, 15, 392, 128, площадь Гагарина
AngleTextOut 0, Arial, 15, 327, 35, Ленинский проспект
AngleTextOut 0, Arial, 15, 335, 499, улица Вавилова

;переход
PenColor 000000
Line 495,334, 394,334
Line 495,368, 459,368, 459,421, 426,421, 426,368, 394,368
Stairs 463,368, 463,334, 495,368
Stairs 422,368, 422,334, 394,368

Opaque 85
; "закрыто"
PenColor FFD0D0
BrushColor FFD0D0
Polygon 426,368, 394,368, 394,334, 495,334, 495,368, 459,368, 459,421, 426,421

Opaque 100
PenColor FF4040
BrushColor -1
AngleTextOut 0, Arial, 15, 416, 342, Закрыто
Dashed 426,368, 394,368, 394,334, 495,334, 495,368, 459,368, 459,421, 426,421, 426,368
BrushColor 000000
