Size 810x1020
Angle -44

; пути
BrushColor AC24AC
Polygon 20,337, 470,337, 470,367, 20,367
Polygon 20,447, 470,447, 470,477, 20,477

BrushColor -1
PenColor AC24AC
AngleTextOut 0, Arial, 20, 21, 314, << Выхино
AngleTextOut 0, Arial, 20, 352, 477, Жулебино >>
AngleTextOut 0, Arial, 25, 103, 390, Лермонтовский проспект, 1

; правый вестибюль

PenColor 000000
Line 470,367, 470,384, 538,384, 538,372, 507,372, 507,337, 644,337, 644,269, 719,269
Line 719,287, 668,287, 668,636, 867,636, 867,705
Line 747,705, 747,654, 593,654
Line 765,705, 765,654, 849,654, 849,705
Line 593,636, 644,636, 644,478, 507,478, 507,443, 538,443, 538,431, 470,431, 470,447
Stairs 475,431, 475,384, 497,431
Stairs 513,431, 513,384, 535,431
Stairs 765,703, 747,703, 765,657
Stairs 849,703, 867,703, 849,657
Stairs 595,636, 595,654, 641,636
Stairs 717,287, 717,269, 671,287

BrushColor D0D0D0
Polygon 620,443, 620,372, 644,372, 644,443


; левый вестибюль

PenColor 000000
Line 20,367, 20,380, -19,380
Line -19,434, 20,434, 20,447
Stairs 15,380, 15,434, -7,380
Stairs -16,380, -16,434, -38,380

Opaque 80
PenColor FFFFFF
BrushColor FFFFFF
Polygon -19,378, 5,378, 5,436, -19,436
Opaque 100

Line -69,287, -19,287, -19,337, -89,337, -89,478, -19,478, -19,575, -70,575
Line 56,575, 5,575, 5,269, -69,269
Line 56,593, -70,593
Stairs -67,287, -67,269, -21,287
Stairs -68,575, -68,593, -22,575
Stairs 54,575, 54,593, 8,575

BrushColor D0D0D0
Polygon -47,442, -47,434, -30,434, -30,380, -47,380, -47,372, -19,372, -19,442


; Названия улиц голубым
PenColor 00AFAF
BrushColor -1
AngleTextOut 0, Arial, 15, 115, 527, Лермонтовский проспект
AngleTextOut 0, Arial, 15, 123, 608, Лермонтовский проспект (дублёр)
AngleTextOut 90, Arial, 15, 809, 810, Хвалынский бульвар
