Size 1290x1060
Angle 35

; пути
BrushColor FCDC04
Polygon 1134,449, 684,449, 684,419, 1134,419
Polygon 684,559, 684,529, 1134,529, 1134,559

BrushColor -1
PenColor 000000
AngleTextOut 0, Arial, 20, 689, 395, << Раменки
AngleTextOut 0, Arial, 20, 1038, 560, Минская >>
AngleTextOut 0, Arial, 25, 781, 485, Ломоносовский проспект, 1
PenColor FCDC04
AngleTextOut 0, Arial, 20, 688, 394, << Раменки
AngleTextOut 0, Arial, 20, 1037, 559, Минская >>
AngleTextOut 0, Arial, 25, 779, 483, Ломоносовский проспект, 1

;инфосос
PenColor 34349C
BrushColor 34349C
Polygon 908,479, 908,475, 909,475, 909,479
PenColor FF0000
BrushColor FF0000
Polygon 908,483, 908,479, 909,479, 909,483

; правый вестибюль

PenColor 000000
Line 1134,529, 1134,512, 1156,512
Line 1134,449, 1134,452, 1218,452
Line 1156,467, 1134,467

; эскалатор 3
PenColor 7F7F7F
Stairs 1238,508, 1238,471, 1162,508
PenColor 000000
BrushColor 9B5509
Polygon 1245,471, 1156,471, 1156,467, 1245,467
Polygon 1245,480, 1245,485, 1156,485, 1156,480
Polygon 1245,494, 1245,499, 1156,499, 1156,494
Polygon 1245,508, 1156,508, 1156,512, 1245,512

Opaque 80
PenColor FFFFFF
BrushColor FFFFFF
Polygon 1185,419, 1258,419, 1258,467, 1209,467, 1215,505, 1218,510, 1223,513, 1228,512, 1258,512, 1258,542, 1179,542, 1167,470, 1167,463

Opaque 100
PenColor D0D0D0
BrushColor D0D0D0
Polygon 1142,419, 1185,419, 1168,458, 1167,462, 1167,470, 1168,474, 1179,542, 1179,559, 1142,559
Polygon 1312,419, 1391,419, 1391,559, 1213,559, 1213,542, 1322,542, 1333,541, 1341,536, 1360,512, 1363,503, 1363,494, 1362,485, 1360,476, 1329,428, 1324,423
;Opaque 100

; кассы
PenColor 000000
BrushColor FFFFFF
Polygon 1156,484, 1169,482, 1175,518, 1162,520
BrushColor -1
AngleTextOut -80, Arial, 10, 1171, 488, кассы

PenColor 000000
Line 1185,419, 1142,419, 1142,559, 1179,559

Spline 1168,458, 1167,465, 1168,474
Line 1302,419, 1185,419, 1168,458
Spline 1302,419, 1318,421, 1329,428
Line 1329,428, 1360,476
Spline 1360,476, 1363,495, 1360,512

Line 1258,467, 1209,467, 1215,505
Spline 1215,505, 1221,511, 1228,512
Line 1228,512, 1258,512

Line 1168,474, 1179,542, 1179,580, 1162,623, 1066,623
Line 1066,655, 1323,655
Line 1323,623, 1229,623, 1213,580, 1213,542, 1314,542
Line 1341,536, 1360,512
Spline 1341,536, 1330,541, 1314,542

Line 1302,419, 1391,419, 1391,559, 1213,559

Stairs 1321,655, 1321,623, 1300,655
Stairs 1290,655, 1290,623, 1267,655
Stairs 1259,655, 1259,623, 1236,655

Stairs 1151,655, 1151,623, 1130,655
Stairs 1120,655, 1120,623, 1097,655
Stairs 1089,655, 1089,623, 1066,655

; турникеты
BrushColor -1
Polygon 1180,437, 1186,440, 1183,446, 1177,443
PenColor 009900
Stairs 1188,443, 1186,447, 1216,456
PenColor FF0000
Stairs 1258,514, 1253,514, 1258,540

; стрелки
PenColor FF0000
Arrow 1293,526, 1270,526
PenColor 009900
Arrow 1190,478, 1197,463

; инфосос
PenColor 34349C
BrushColor 34349C
Polygon 1216,515, 1212,515, 1212,516, 1216,516
PenColor FF0000
BrushColor FF0000
Polygon 1220,515, 1216,515, 1216,516, 1220,516

; лифты
PenColor 000000
BrushColor D0EFFF
Polygon 1218,452, 1233,452, 1233,467, 1218,467
Polygon 1188,623, 1203,623, 1203,638, 1188,638
;Polygon 1239,770, 1254,770, 1254,785, 1239,785
BrushColor -1
AngleTextOut 0, Arial, 6, 1219, 456, лифт
AngleTextOut 0, Arial, 6, 1189, 627, лифт
;AngleTextOut 0, Arial, 6, 1240, 774, лифт

; левый вестибюль

PenColor 000000
BrushColor D0D0D0
Polygon 395,515, 373,515, 375,527, 396,523
Polygon 373,467, 395,467, 396,459, 375,455
PenColor D0D0D0
Polygon 452,515, 423,479, 421,472, 422,466, 427,461, 436,458, 447,456, 462,454, 475,454, 489,455, 513,460, 526,465, 535,470, 540,477, 541,482, 540,487, 537,491, 529,497, 481,515, 473,518, 466,519, 459,518

; кассы
PenColor 000000
BrushColor FFFFFF
Polygon 427,484, 437,476, 458,502, 448,510
BrushColor -1
AngleTextOut -50, Arial, 10, 440, 479, кассы

PenColor 000000
Line 684,449, 684,468, 613,468
Line 613,513, 684,513

Spline 589,454, 600,464, 613,468
Line 589,454, 576,419, 373,419, 373,323, 485,323

Line 684,529, 648,529, 623,532
Spline 623,532, 608,535, 593,540
Line 593,540, 550,560, 373,560, 373,655, 468,655

Line 433,276, 339,276, 339,419, 327,419, 327,560, 339,560, 339,595, 215,595, 181,307, 136,312, 122,298, 82,303
Line 110,316, 21,327
Line 25,359, 150,344, 195,708, 72,723
Line 76,755, 164,744
Line 140,762, 179,757, 187,741, 233,735, 220,629, 323,629, 323,687, 468,687

Line 423,479, 452,515
Spline 481,515, 466,519, 452,515
Line 481,515, 529,497
Spline 529,497, 540,487, 539,475, 522,463, 483,454, 447,456, 424,463, 423,479

Line 485,291, 383,291
Line 373,467, 373,515

Stairs 482,323, 482,291, 461,323
Stairs 451,323, 451,291, 428,323
Stairs 420,323, 420,291, 397,323

Stairs 110,348, 106,317, 87,351
Stairs 79,352, 75,321, 56,355
Stairs 49,356, 45,324, 28,359

Stairs 160,744, 156,713, 137,747
Stairs 129,748, 125,717, 106,751
Stairs 99,752, 95,720, 77,755

Stairs 465,687, 465,655, 444,687
Stairs 434,687, 434,655, 411,687
Stairs 403,687, 403,655, 380,687

Stairs 613,468, 613,513, 640,468
Stairs 648,468, 648,513, 674,468

; турникеты
BrushColor -1
Polygon 553,546, 556,552, 550,555, 547,549
PenColor 009900
Stairs 529,502, 525,504, 550,542
PenColor FF0000
Stairs 545,426, 540,424, 531,460

; стрелки
PenColor FF0000
Arrow 570,463, 553,453
PenColor 009900
Arrow 510,535, 527,529

; инфосос
PenColor 34349C
BrushColor 34349C
Polygon 566,476, 562,476, 562,477, 566,477
PenColor FF0000
BrushColor FF0000
Polygon 570,476, 566,476, 566,477, 570,477

; лифты
PenColor 000000
BrushColor D0EFFF
Polygon 648,513, 663,513, 663,529, 648,529
Polygon 418,276, 433,276, 433,291, 418,291
Polygon 308,662, 323,662, 323,677, 308,677
Polygon 123,749, 138,747, 140,762, 125,764
Polygon 67,305, 82,303, 84,319, 69,321
BrushColor -1
AngleTextOut 0, Arial, 6, 649, 517, лифт
AngleTextOut 0, Arial, 6, 419, 280, лифт
AngleTextOut 0, Arial, 6, 309, 666, лифт
AngleTextOut 7, Arial, 6, 125, 753, лифт
AngleTextOut 7, Arial, 6, 69, 309, лифт

; Названия улиц голубым
PenColor 00AFAF
BrushColor -1
PenColor 00AFAF
AngleTextOut 0, Arial, 15, 613, 583, Мичуринский проспект
AngleTextOut 0, Arial, 15, 1073, 364, Мичуринский проспект
AngleTextOut -84, Arial, 15, 258, 398, Ломоносовский проспект
