Size 1010x1090
Angle 20

;Здания беж
PenColor FEFBF1
BrushColor FEFBF1
Polygon 482,1116, 460,1033, 634,987, 689,1191
PenColor BBBBBB
Line 482,1116, 460,1033, 634,987, 689,1191
Polygon 15,516, 408,518, 505,412, 128,206

; Названия зданий 
PenColor 000000
BrushColor -1
AngleTextOut -75, Arial, 15, 579, 1034, Политехнический
AngleTextOut -75, Arial, 15, 565, 1042, музей
AngleTextOut -20, Arial, 15, 196, 371, 'Магазин "Детский мир"'


;Лубянка

; пути

BrushColor E41C0C
Polygon 400,569, 400,539, 850,539, 850,569
Polygon 850,679, 850,649, 400,649, 400,679

PenColor E41C0C
BrushColor -1
AngleTextOut 0, Arial, 20, 401, 516, << Охотный ряд
AngleTextOut 0, Arial, 20, 701, 679, Чистые пруды >>
AngleTextOut 0, Arial, 25, 545, 686, Лубянка, 1

;инфосос
PenColor 34349C
BrushColor 34349C
Polygon 608,609, 608,613, 607,613, 607,609
PenColor FF0000
BrushColor FF0000
Polygon 608,605, 608,609, 607,609, 607,605


; левый вестибюль

PenColor 000000
Line 421,625, 436,625, 436,637, 401,637, 401,649
Line 400,569, 400,580, 436,580, 436,592, 421,592
Line 331,634, 331,628, 353,628, 353,625
Spline 322,643, 328,640, 331,634
Line 353,592, 353,589, 325,589
Line 304,589, 295,589, 295,634
Spline 295,634, 298,640, 304,643

; эскалатор 4 гор
PenColor 7F7F7F
Stairs 351,594, 351,623, 417,594
PenColor 000000
BrushColor 9B5509
Polygon 345,592, 421,592, 421,594, 345,594
Polygon 345,599, 421,599, 421,602, 345,602
Polygon 345,607, 421,607, 421,610, 345,610
Polygon 345,615, 421,615, 421,618, 345,618
Polygon 345,623, 421,623, 421,625, 345,625

; кассы
BrushColor -1
AngleTextOut -90, Arial, 10, 306, 600, кассы
Line 303,589, 303,642

; турникеты
BrushColor -1
Polygon 313,599, 318,599, 318,604, 313,604
Line 316,624, 316,627, 318,629, 0.5
PenColor 009900
Stairs 314,591, 318,591, 314,596
Stairs 314,608, 318,608, 314,625
PenColor FF0000
Stairs 317,631, 320,628, 326,639

; стрелки
PenColor FF0000
Arrow 338,621, 327,624
PenColor 009900
Arrow 326,604, 338,604

;инфосос
PenColor 34349C
BrushColor 34349C
Polygon 332,592, 336,592, 336,593, 332,593
PenColor FF0000
BrushColor FF0000
Polygon 328,592, 332,592, 332,593, 328,593

; правый вестибюль

PenColor 000000
Line 850,649, 850,637, 773,637, 773,625, 806,625
Line 852,625, 856,625, 856,705, 841,705
Line 850,569, 850,581, 773,581, 773,592, 806,592
Line 852,592, 889,592, 889,730, 841,730
Line 752,705, 752,685, 707,685
Line 688,751, 752,751, 752,730

; эскалатор 4 гор
PenColor 7F7F7F
Stairs 812,594, 812,623, 848,594
PenColor 000000
BrushColor 9B5509
Polygon 806,592, 852,592, 852,594, 806,594
Polygon 806,599, 852,599, 852,602, 806,602
Polygon 806,607, 852,607, 852,610, 806,610
Polygon 806,615, 852,615, 852,618, 806,618
Polygon 806,623, 852,623, 852,625, 806,625

; эскалатор 3 гор
PenColor 7F7F7F
Stairs 834,728, 834,707, 748,728
PenColor 000000
BrushColor 9B5509
Polygon 841,707, 743,707, 743,705, 841,705
Polygon 841,712, 841,715, 743,715, 743,712
Polygon 841,720, 841,723, 743,723, 743,720
Polygon 841,728, 743,728, 743,730, 841,730

; кассы
BrushColor -1
Line 722,685, 722,710, 730,710, 730,685
AngleTextOut -90, Arial, 10, 733, 685, кассы

; турникеты
BrushColor -1
Polygon 723,712, 729,712, 729,718, 723,718
Line 716,729, 714,732, 714,736, 0.5
PenColor 009900
Stairs 724,720, 721,718, 717,731
PenColor FF0000
Stairs 716,736, 712,736, 716,751

; стрелки
PenColor FF0000
Arrow 733,742, 722,742
PenColor 009900
Arrow 702,712, 712,719

;инфосос
PenColor 34349C
BrushColor 34349C
Polygon 885,712, 885,716, 886,716, 886,712
PenColor FF0000
BrushColor FF0000
Polygon 885,708, 885,712, 886,712, 886,708


; Названия улиц голубым
PenColor 00AFAF
BrushColor -1


;Кузнецкий мост

; пути

PenColor 000000
BrushColor AC1CAC
Polygon 501,484, 527,469, 302,79, 276,94
Polygon 597,429, 623,414, 397,23, 371,38

PenColor AC24AC
BrushColor -1
AngleTextOut -60, Arial, 20, 420, 14, << Пушкинская
AngleTextOut -60, Arial, 20, 435, 370, Китай-город >>
AngleTextOut -60, Arial, 25, 430, 182, Кузнецкий мост, 1

;инфосос
PenColor 34349C
BrushColor 34349C
Polygon 434,251, 431,253, 432,254, 435,252
PenColor FF0000
BrushColor FF0000
Polygon 437,249, 434,251, 435,252, 438,250

; левый вестибюль

;Здания беж
PenColor DFDFDF
BrushColor FEFBF1
Polygon 238,-18, 331,16, 360,-63, 273,-113

PenColor 000000
Line 371,38, 359,45, 388,95, 376,102, 358,71
Line 336,83, 354,114, 342,121, 314,72, 302,79
Line 266,-94, 269,-102
Line 261,-81, 247,-42
Line 239,-21, 242,-29
Spline 269,-102, 302,-83, 311,-57, 301,-28
Spline 239,-21, 263,-15, 279,-16

; эскалатор 3 гор
PenColor 7F7F7F
Stairs 334,77, 353,66, 273,-30
PenColor 000000
BrushColor 9B5509
Polygon 356,72, 289,-44, 291,-45, 358,71
Polygon 352,74, 349,76, 282,-40, 285,-42
Polygon 345,78, 342,80, 275,-36, 278,-38
Polygon 338,82, 271,-34, 269,-33, 336,83

; кассы
BrushColor -1
Line 302,-83, 310,-86, 319,-61, 311,-58
AngleTextOut -70, Arial, 10, 314, -86, кассы

; турникеты
BrushColor -1
Line 310,-48, 301,-51, 0.5
Polygon 281,-60, 280,-54, 274,-55, 275,-61
Line 274,-55, 271,-47, 277,-37, 0.5
PenColor 009900
Stairs 301,-53, 300,-49, 284,-58

; стрелки
PenColor FF0000
Arrow 250,-33, 236,-38
PenColor 009900
Arrow 256,-90, 270,-85

;инфосос
PenColor 34349C
BrushColor 34349C
Polygon 251,-21, 247,-22, 247,-21, 251,-20
PenColor FF0000
BrushColor FF0000
Polygon 255,-20, 251,-21, 251,-20, 255,-19


; переход Лубянка - Кузнецкий мост

PenColor 000000
Line 590,464, 616,509, 621,527, 621,539
Line 597,429, 587,435, 573,411, 563,417
Line 527,469, 538,463, 524,439, 534,433
Arrow 598,504, 590,490
Arrow 583,494, 591,508
Line 561,480, 593,535, 593,539
Line 621,601, 621,616
Line 593,616, 593,601

Arrow 691,604, 673,604
Arrow 539,604, 524,604

PenColor D0D0D0
Line 621,599, 621,571
Line 593,599, 593,571
Line 593,618, 621,618

PenColor C00000
Line 621,541, 621,567
Line 593,541, 593,567

PenColor 000000
BrushColor D0D0D0
Polygon 604,539, 604,530, 603,526, 608,523, 610,529, 610,539

; эскалатор 4 гор
PenColor 7F7F7F
Stairs 563,421, 538,436, 586,461
PenColor 000000
BrushColor 9B5509
Polygon 563,417, 590,464, 588,465, 561,418
Polygon 557,420, 584,467, 581,469, 554,422
Polygon 550,424, 577,471, 574,473, 547,426
Polygon 543,428, 570,475, 567,477, 540,430
Polygon 536,432, 563,479, 561,480, 534,433

; эскалатор 2 гор
PenColor 7F7F7F
Stairs 586,616, 586,601, 553,616
PenColor 000000
BrushColor 9B5509
Polygon 593,601, 548,601, 548,599, 593,599
Polygon 593,607, 593,610, 548,610, 548,607
Polygon 593,616, 548,616, 548,618, 593,618

; эскалатор 2 гор
PenColor 7F7F7F
Stairs 658,616, 658,601, 625,616
PenColor 000000
BrushColor 9B5509
Polygon 665,601, 621,601, 621,599, 665,599
Polygon 665,607, 665,610, 621,610, 621,607
Polygon 665,616, 621,616, 621,618, 665,618

; выход к Детскому миру

PenColor E0E0E0
BrushColor E0E0E0
Polygon 610,571, 610,599, 604,599, 604,571
PenColor D0D0D0
Line 610,571, 610,599, 604,599, 604,571

PenColor 000000
Line 325,589, 325,517, 322,508, 316,501, 309,499, 239,499, 239,502
Line 239,513, 239,517, 243,517
Line 255,517, 304,517, 304,589
Stairs 289,499, 289,517, 263,499
Stairs 304,523, 325,523, 304,537


; выход на Лубянку

Line 322,682, 322,643
Line 304,643, 304,712
Spline 304,712, 301,736, 297,741, 285,739, 261,736, 233,737
Spline 237,755, 263,753, 286,757, 294,762, 297,767, 297,774, 292,784, 275,799, 253,813
Spline 257,829, 287,811, 313,783, 321,749, 322,699
Stairs 212,727, 228,723, 215,737
Stairs 179,736, 194,732, 182,748
Stairs 190,778, 205,774, 188,769
Stairs 214,791, 210,776, 225,788
Stairs 239,766, 224,770, 237,755
Stairs 205,710, 208,721, 190,714
Stairs 240,850, 237,839, 221,855
Stairs 228,802, 231,813, 209,807
Stairs 216,829, 213,818, 230,825
Stairs 216,833, 219,844, 230,829
Line 174,718, 223,705, 232,737
Line 237,755, 244,783
Line 257,829, 261,844, 211,858, 205,836, 231,829, 230,825, 204,832, 198,810, 249,796, 253,813
Line 231,813, 213,818
Line 237,839, 219,844
Line 244,783, 195,796, 174,718
Line 237,755, 221,759, 225,772, 206,777, 203,765
Line 216,741, 210,720, 192,725, 198,747

BrushColor D0D0D0
Polygon 870,625, 875,625, 875,705, 870,705

; стрелки
PenColor FF0000
Arrow 248,819, 240,821, 236,806, 204,814, 207,826, 222,822
Arrow 252,828, 244,830, 247,842, 214,850, 211,839, 226,835
PenColor 009900
Arrow 204,752, 193,755, 184,723, 217,713, 226,747, 241,743
Arrow 206,760, 195,763, 201,787, 233,778, 227,753, 242,749


; подземные переходы

Opaque 85
PenColor FFFFFF
BrushColor FFFFFF
Polygon 682,538, 707,538, 707,680, 682,680
Opaque 100

PenColor 000000
Line 707,685, 707,533, 732,533
Line 732,518, 707,518, 707,492, 703,494, 691,468
Line 674,476, 686,502, 682,504, 682,685, 631,824, 424,880, 417,879, 419,845, 357,711
Spline 357,711, 347,695, 335,685, 322,682
Line 340,712, 403,847, 400,877, 298,868, 292,844
Spline 322,699, 333,701, 340,712
Line 275,849, 295,922
Line 311,916, 303,887, 436,899, 445,897, 452,923
Line 467,919, 460,892, 595,856, 603,886
Line 621,881, 613,851, 650,841, 658,871
Line 676,866, 668,836, 711,825
Line 706,804, 665,815, 688,751
Stairs 697,807, 702,827, 680,811
Stairs 675,862, 657,867, 670,844
Stairs 620,877, 602,882, 615,859
Stairs 466,915, 451,919, 461,897
Stairs 293,917, 310,913, 289,899
Stairs 277,853, 293,849, 283,875
Stairs 711,533, 711,518, 728,533
Stairs 684,498, 701,490, 675,478
Stairs 418,855, 403,853, 417,868
Stairs 400,839, 413,833, 393,825

; Названия улиц голубым
PenColor 00AFAF
BrushColor -1
AngleTextOut 15, Arial, 15, 459, 991, Политехнический проезд
AngleTextOut -75, Arial, 15, 667, 915, Лубянский проезд
AngleTextOut -75, Arial, 15, 412, 952, Новая площадь
AngleTextOut -20, Arial, 15, 447, 725, Лубянская площадь
AngleTextOut 0, Arial, 15, 33, 544, Театральный проезд
AngleTextOut 0, Arial, 15, 748, 757, Мясницкая улица
AngleTextOut 0, Arial, 15, 722, 820, 'Магазин "Библио-Гглобус" >>'
AngleTextOut -110, Arial, 15, 235, -121, улица Рождественка
AngleTextOut 50, Arial, 15, 624, 321, улица Большая Лубянка
AngleTextOut -30, Arial, 15, 252, 225, Пушечная улица
AngleTextOut 30, Arial, 15, 28, 772, Никольская улица

