Size 580x1080
Angle -90

;Здания беж
PenColor DFDFDF
BrushColor FEFBF1
Polygon 571,310, 717,311, 717,457, 571,456
Polygon 57,363, -133,363, -133,259, 57,259

; пути
PenColor 000000
BrushColor 84BC54
Polygon 63,645, 63,675, 513,675, 513,645
Polygon 63,565, 63,535, 513,535, 513,565

BrushColor -1
PenColor 84BC54
AngleTextOut 0, Arial, 25, 209, 592, Марьина Роща, 1
AngleTextOut 0, Arial, 20, 64, 513, << Бутырская
AngleTextOut 0, Arial, 20, 378, 675, Достоевская >>

;инфосос
PenColor 34349C
BrushColor 34349C
Polygon 287,596, 287,592, 288,592, 288,596
PenColor FF0000
BrushColor FF0000
Polygon 287,600, 287,596, 288,596, 288,600


; северный вестибюль

PenColor 000000
Line 63,645, 63,632, 113,632, 113,624, 63,624, 63,622, 55,622, 55,624, 45,624
Line 63,565, 63,577, 113,577, 113,586, 63,586, 63,588, 55,588, 55,586, 50,586
Line -69,565, -68,559, -85,556, -87,553, -83,531, -145,520, -133,453, -39,453, -39,457, -115,457
Line -59,424, -152,424, -168,515, -174,514, -192,615, -186,616, -190,639, -190,776, -241,776
Line -241,794, -190,794, -190,805, -93,805, -93,809, -158,809
Line -158,820, -81,820, -81,794, -166,794
Line -103,776, -166,776, -166,639, -163,620, -101,631, -97,608, -94,606, -77,609, -76,603
Line -115,468, -28,468, -28,442, -131,442
Line -144,483, -139,455
Line -146,526, -123,530
Line -162,614, -139,618
Stairs -105,794, -105,776, -143,794
Stairs -239,794, -239,776, -201,794
Stairs -62,442, -62,424, -99,442
Stairs -159,467, -142,470, -157,455
Stairs -155,615, -150,587, -162,614
Stairs -140,527, -145,555, -146,526

Line -115,457, -125,457, -125,477, 0.5
Line -115,468, -115,477, 0.5

BrushColor D0D0D0
Polygon -151,555, -148,553, -137,555, -135,558, -136,564, -139,563, -142,580, -139,580, -140,586, -143,588, -154,586, -156,583

;инфосос
PenColor 34349C
BrushColor 34349C
Polygon -138,572, -137,568, -136,568, -137,572
PenColor FF0000
BrushColor FF0000
Polygon -139,576, -138,572, -137,572, -138,576

; эскалатор 4 гор
PenColor 7F7F7F
Stairs 44,588, 39,620, -76,567
PenColor 000000
BrushColor 9B5509
Polygon 50,586, -80,563, -80,566, 50,589
Polygon 49,594, -81,571, -81,575, 49,598
Polygon 47,603, -83,580, -83,584, 47,607
Polygon 46,612, -84,589, -84,593, 46,616
Polygon 45,621, -85,598, -85,601, 45,624

; кассы
PenColor FFFFFF
BrushColor FFFFFF
Polygon -155,580, -149,581, -145,558, -151,557
PenColor 000000
Line -151,557, -145,558, -149,581, -155,580
Line -156,583, -151,555
BrushColor -1
AngleTextOut 80, Arial, 8, -157, 578, кассы

; турникеты
Polygon -123,578, -122,572, -116,573, -117,579
Line -116,560, -115,554, 0.5
PenColor 009900
Stairs -125,623, -130,622, -117,581
Stairs -115,569, -120,568, -114,561
PenColor FF0000
Stairs -113,554, -118,553, -108,527

; стрелки
PenColor FF0000
Arrow 103,594, 85,594
Arrow -137,541, -149,539
PenColor 009900
Arrow 85,614, 103,614
Arrow -159,600, -147,602


; южный вестибюль

PenColor 000000
Line 513,645, 513,635, 449,635, 449,626, 500,626, 500,623
Line 513,565, 513,574, 449,574, 449,582, 497,582, 497,586
Line 592,569, 585,532, 687,514, 686,510, 686,505, 644,505
Line 644,487, 701,487, 701,495
Line 701,498, 701,511, 720,620, 710,622, 720,679, 720,692, 760,692, 775,636, 758,539
Line 771,578, 764,538
Line 701,493, 707,493, 707,500
Line 781,535, 799,638, 769,750, 769,792
Line 764,792, 764,750
Line 746,792, 746,750, 717,750, 717,770, 654,770
Line 654,748, 696,748, 696,683, 686,627, 605,641, 599,606
Line 701,673, 696,645
Line 681,618, 658,622
Line 664,528, 641,532
Stairs 656,748, 656,770, 694,748
Stairs 746,790, 764,790, 746,752
Stairs 701,671, 718,668, 696,645
Stairs 765,544, 782,541, 771,578
Stairs 673,619, 668,591, 664,621
Stairs 657,529, 662,557, 647,531
Stairs 646,505, 646,487, 684,505

BrushColor D0D0D0
Polygon 651,559, 657,593, 672,590, 666,556

; эскалатор 4 гор
PenColor 7F7F7F
Stairs 495,588, 500,620, 615,567
PenColor 000000
BrushColor 9B5509
Polygon 489,586, 619,563, 619,566, 489,589
Polygon 490,594, 620,571, 620,575, 490,598
Polygon 492,603, 622,580, 622,584, 492,607
Polygon 493,612, 623,589, 623,593, 493,616
Polygon 494,621, 624,598, 624,601, 494,624

; кассы
BrushColor -1
Line 666,556, 673,555, 679,589, 672,590
AngleTextOut 100, Arial, 10, 668, 586, кассы

; турникеты
Polygon 635,564, 636,570, 642,569, 641,563
PenColor 009900
Stairs 642,574, 637,575, 652,631
PenColor FF0000
Stairs 634,559, 639,558, 628,525

; стрелки
PenColor FF0000
Arrow 453,594, 471,594
Arrow 666,541, 682,538
PenColor 009900
Arrow 471,614, 453,614
Arrow 693,602, 677,605

;инфосос
PenColor 34349C
BrushColor 34349C
Polygon 651,576, 650,572, 651,572, 652,576
PenColor FF0000
BrushColor FF0000
Polygon 652,580, 651,576, 652,576, 653,580

;лифты
PenColor 000000
BrushColor D0EFFF
Polygon 701,500, 707,500, 707,506, 701,506
BrushColor -1
AngleTextOut 90, Arial, 2, 703, 505, лифт

PenColor 000000
BrushColor D0EFFF
Polygon 686,748, 692,748, 692,754, 686,754
BrushColor -1
AngleTextOut 90, Arial, 2, 688, 753, лифт

PenColor 000000
BrushColor D0EFFF
Polygon 781,570, 787,569, 788,575, 782,576
BrushColor -1
AngleTextOut 100, Arial, 2, 783, 575, лифт


; Названия улиц голубым
PenColor 00AFAF
BrushColor -1
AngleTextOut 0, Arial, 15, 32, 686, Шереметьевская улица
AngleTextOut 90, Arial, 15, -239, 599, 4-й проезд Марьиной рощи
AngleTextOut 90, Arial, 15, 104, 484, 3-й проезд Марьиной рощи
AngleTextOut 90, Arial, 15, 523, 491, 1-й проезд Марьиной рощи
AngleTextOut 90, Arial, 15, 809, 664, Сущёвский вал
PenColor 000000
AngleTextOut 90, Arial, 15, -73, 331, Театр
AngleTextOut 90, Arial, 15, -52, 347, '"Сатирикон"'
AngleTextOut 90, Arial, 15, 635, 434, 'кинотеатр "Гавана"'

Opaque 70
; "закрыто"
PenColor FFD0D0
BrushColor FFD0D0
Polygon -79,822, -243,822, -243,642, -79,643
PenColor FF4040

Opaque 100
PenColor FF4040
Line -166,635, -189,631
BrushColor -1
AngleTextOut 90, Arial, 15, -185, 755, Строится
Dashed -79,643, -79,822, -243,822, -243,642, -79,643
BrushColor 000000

; Выходы
Angle 90
PenColor FFD900
BrushColor 615F56
SpotRect 392, 200, 30, 30, ShowMessage Выход №1
SpotRect 348, 900, 30, 30
SpotRect 90, 894, 30, 30
SpotRect 26, 964, 30, 30
SpotRect 267, 1043, 30, 30
BrushColor -1
TextOut Arial, 25, 400, 201, 1
TextOut Arial, 25, 356, 901, 2
TextOut Arial, 25, 98, 895, 3
TextOut Arial, 25, 34, 965, 4
TextOut Arial, 25, 275, 1044, 5
