Size 750x950

Angle -50

PenColor F5F5F5
Line -266,465, 1029,466, 30
Line -69,233, -69,453, 30
Line -56,479, -56,642, 30
Spline 632,5, 611,466, 632,927, 30

; пути

PenColor 000000
BrushColor 047C54
Polygon 544,531, 544,501, 94,501, 94,531
Polygon 544,641, 544,611, 94,611, 94,641

PenColor 047C54
BrushColor -1
AngleTextOut 0, Arial, 25, 246, 552, Маяковская, 1
AngleTextOut 0, Arial, 20, 439, 641, Тверская >>
AngleTextOut 0, Arial, 20, 97, 476, << Белорусская


; левый вестибюль

PenColor 000000
Line 94,531, 94,541, 114,541, 114,551
Line 114,591, 114,601, 94,601, 94,611
Line 77,591, 77,595, -17,595, -17,544, -7,544, -7,514, -119,514, -119,452, -134,396, -15,364, -14,368
Line 77,551, 77,547, 57,547, 57,514, 62,514, 62,462, -56,462, -56,447, -62,425, -3,409, -4,405

BrushColor D0D0D0
Polygon 28,543, 22,543, 22,519, 28,519
Polygon -91,462, -84,462, -84,448, -88,432, -95,434, -91,449

; эскалатор 3 гор
PenColor 7F7F7F
Stairs 107,588, 107,554, 74,588
PenColor 000000
BrushColor 9B5509
Polygon 114,554, 69,554, 69,551, 114,551
Polygon 114,562, 114,567, 69,567, 69,562
Polygon 114,575, 114,580, 69,580, 69,575
Polygon 114,588, 69,588, 69,591, 114,591

; эскалатор 3 15
PenColor 7F7F7F
Stairs 129,367, 120,334, -16,406
PenColor 000000
BrushColor 9B5509
Polygon 127,333, -29,375, -30,372, 126,330
Polygon 129,340, 130,345, -26,387, -27,382
Polygon 132,352, 133,357, -23,399, -24,394
Polygon 135,365, -21,407, -20,410, 136,368

Opaque 85
PenColor FFFFFF
BrushColor FFFFFF
Polygon -6,440, -50,440, -50,334, 94,338, 86,342, 81,347, 79,354, 79,362, 83,370, 89,375, 96,377, 106,377, 46,393, 41,384, 38,377, -6,377
Opaque 100

PenColor 000000
Spline 95,338, 82,347, 80,362, 89,374, 106,376
Spline 38,377, 54,403, 83,420, 119,420
Line 149,412, 119,420
Spline 115,284, 164,290, 196,331, 189,381, 149,412
Line 115,284, 85,292
Spline 85,292, 56,308, 38,334

Line 38,377, -6,377, -6,440
Line 38,334, -50,334, -50,440
Line -50,440, -44,440
Line -50,426, -44,426
Line -31,440, -25,440
Line -31,426, -25,426
Line -12,440, -6,440
Line -12,426, -6,426
Stairs -2,377, -2,334, 11,377
Stairs 21,377, 21,334, 34,377
Stairs -50,402, -6,402, -50,380

; кассы
BrushColor -1
Line 45,321, 39,315, 59,295, 65,301
AngleTextOut 45, Arial, 10, 38, 311, кассы

; турникеты
BrushColor -1
Polygon 95,291, 102,289, 104,296, 97,298
PenColor 009900
Stairs 99,301, 103,300, 108,333
PenColor FF0000
Stairs 120,377, 124,376, 131,418

; стрелки
PenColor FF0000
Arrow -18,432, -18,448
Arrow 156,382, 138,386
Arrow 59,558, 45,558
PenColor 009900
Arrow -38,448, -38,432
Arrow 82,320, 97,316
Arrow 46,584, 59,584

;инфосос
PenColor 34349C
BrushColor 34349C
Polygon -102,391, -98,390, -98,391, -102,392
PenColor FF0000
BrushColor FF0000
Polygon -106,392, -102,391, -102,392, -106,393


; правый вестибюль

PenColor 000000
Line 544,531, 544,542, 482,542, 482,551
Line 544,611, 544,600, 482,600, 482,591
Line 622,551, 622,542, 651,542, 651,524, 675,524, 675,505, 687,505, 687,387, 673,387, 673,371, 680,371, 680,357, 668,357
Line 670,329, 681,329, 681,324, 763,324, 763,420, 760,420, 760,432
Line 731,432, 731,389, 724,389, 724,499, 736,499, 736,510, 746,510, 746,524, 762,524, 762,606, 749,606, 749,750, 714,750, 714,752, 642,752, 642,748
Line 642,680, 642,676, 686,676, 686,606, 682,606, 682,617, 651,617, 651,600, 622,600, 622,591
Stairs 687,472, 724,472, 687,455
Stairs 687,440, 724,440, 687,423
Stairs 687,408, 724,408, 687,391
Stairs 686,673, 749,673, 686,650
Stairs 686,636, 749,636, 686,611
Stairs 659,752, 659,676, 684,752

BrushColor D0D0D0
Polygon 715,680, 720,680, 720,606, 715,606
Polygon 642,715, 657,715, 657,708, 642,708

; эскалатор 3 гор
PenColor 7F7F7F
Stairs 624,588, 624,554, 487,588
PenColor 000000
BrushColor 9B5509
Polygon 631,554, 482,554, 482,551, 631,551
Polygon 631,562, 631,567, 482,567, 482,562
Polygon 631,575, 631,580, 482,580, 482,575
Polygon 631,588, 482,588, 482,591, 631,591

; кассы
BrushColor -1
Line 762,557, 771,557, 771,583, 762,583
AngleTextOut 90, Arial, 10, 760, 582, кассы

; турникеты
BrushColor -1
Line 717,606, 717,589, 0.5
Polygon 720,545, 714,545, 714,539, 720,539
PenColor 009900
Stairs 719,589, 715,589, 719,548
Stairs 710,540, 710,544, 654,540

; стрелки
PenColor FF0000
Arrow 637,583, 652,583
Arrow 701,615, 701,630
Arrow 669,692, 653,692
Arrow 715,489, 715,474
Arrow 741,420, 741,437
Arrow 683,348, 659,348
PenColor 009900
Arrow 739,567, 724,567
Arrow 688,523, 688,536
Arrow 734,667, 734,652
Arrow 676,733, 691,733
Arrow 696,475, 696,490
Arrow 752,437, 752,420
Arrow 666,338, 692,338

;инфосос
PenColor 34349C
BrushColor 34349C
Polygon 745,717, 745,721, 746,721, 746,717
PenColor FF0000
BrushColor FF0000
Polygon 745,713, 745,717, 746,717, 746,713

; Названия улиц голубым
PenColor 00AFAF
BrushColor -1
AngleTextOut 92, Arial, 15, 607, 729, Триумфальная пл.
AngleTextOut 94, Arial, 15, 619, 901, Большая Садовая ул.
AngleTextOut 88, Arial, 15, 601, 390, Садовая-Триумфальная ул.
AngleTextOut 0, Arial, 15, 766, 456, Тверская ул.
AngleTextOut 0, Arial, 15, 234, 455, 1-я Тверская-Ямская ул.
AngleTextOut 90, Arial, 15, -66, 607, ул. Гашека
AngleTextOut 90, Arial, 15, -86, 375, 1-й Тверской-
AngleTextOut 90, Arial, 15, -72, 365, Ямской пер.
