Size 320x880
Angle 90

;Пути
BrushColor FC9C54
Polygon -90,461, -90,431, 360,431, 360,461
Polygon 360,351, 360,321, -90,321, -90,351

BrushColor -1
PenColor F7782E
AngleTextOut 0, Arial, 25, 58, 367, Медведково, 1
AngleTextOut 0, Arial, 20, -87, 298, << Бабушкинская
AngleTextOut 0, Arial, 20, 237, 461, посадки нет >>

; левый вестибюль
PenColor 000000
Line -255,331, -259,331, -259,294, -124,294, -124,361
Line -140,361, -90,361, -90,351
Line -255,419, -259,419, -259,449, -124,449, -124,421
Line -140,421, -90,421, -90,431
Line -255,391, -259,391, -259,359, -255,359
Stairs -138,361, -138,421, -92,361

; кассы
BrushColor -1
Line -124,304, -109,304, -109,336, -124,336
AngleTextOut -90, Arial, 10, -110, 308, кассы

; турникеты
Line -229,420, -253,420, 0.5
Polygon -229,376, -227,381, -222,379, -224,374
Line -124,359, -163,359, 0.5
PenColor 009900
Stairs -219,378, -220,373, -162,362
PenColor FF0000
Stairs -227,384, -232,384, -227,419


; правый вестибюль
PenColor 000000
Line 433,355, 429,355, 429,368, 360,368, 360,351
Line 433,327, 429,327, 429,321, 571,321, 571,452, 519,452, 519,447
Line 489,448, 489,452, 429,452, 429,414, 360,414, 360,431

;эскалаторы
PenColor 7F7F7F
Stairs 440,371, 440,412, 363,371
PenColor 000000
BrushColor 9B5509
Polygon 361,381, 443,381, 443,386, 361,386
Polygon 361,396, 443,396, 443,401, 361,401
Polygon 361,368, 443,368, 443,371, 361,371
Polygon 361,411, 443,411, 443,414, 361,414

; кассы
BrushColor -1
Line 571,327, 586,327, 586,363, 571,363
AngleTextOut -90, Arial, 10, 584, 333, кассы

; турникеты
BrushColor -1
Line 444,366, 466,366, 0.5
Polygon 473,371, 468,370, 469,365, 474,366
Line 526,397, 530,377, 0.5
Line 445,397, 526,397, 0.5
PenColor 009900
Stairs 529,374, 528,379, 476,366

;стрелки
PenColor FF0000
Arrow 504,438, 504,454
Arrow -201,406, -213,406
Arrow 431,406, 442,406
PenColor 009900
Arrow 425,341, 440,341
Arrow -200,344, -197,357
Arrow 443,376, 431,376
Arrow 504,349, 501,363
Arrow -263,345, -249,345

;инфососы
PenColor 34349C
BrushColor 34349C
Polygon 566,385, 566,390, 568,390, 568,385
Polygon 120,402, 120,397, 118,397, 118,402
Polygon -199,444, -204,444, -204,446, -199,446
PenColor FF0000
BrushColor FF0000
Polygon 566,380, 566,385, 568,385, 568,380
Polygon 120,407, 120,402, 118,402, 118,407
Polygon -194,444, -199,444, -199,446, -194,446

;названия улиц синим
PenColor 00AFAF
BrushColor -1
AngleTextOut 0, Arial, 15, 67, 521, улица Грекова
AngleTextOut -90, Arial, 15, 294, 496, Широкая улица

; Выходы
Angle -90
PenColor FFD900
BrushColor 615F56
SpotRect 121, 37, 30, 30, ShowMessage Выход №1
SpotRect 94, 757, 30, 30
BrushColor -1
TextOut Arial, 25, 129, 38, 1
TextOut Arial, 25, 102, 758, 2
