Size 860x520

;Angle -5

BrushColor 9999FF
;SpotCircle 414, 660, -356
;Line 660,-356, 831,224
;Line 660,-356, 745,235
;Line 660,-356, 660,235
;Line 660,-356, 784,236


; пути

PenColor 2C7CAC
BrushColor 2C7CAC
;Polygon 349,44, 349,74, 799,74, 799,44
;Polygon 349,212, 349,182, 799,182, 799,212
Polygon 368,142, 368,112, 713,112, 742,112, 765,111, 781,110, 800,108, 812,106, 816,136, 806,137, 785,140, 769,141, 747,141, 713,142
Polygon 368,252, 368,222, 713,222, 754,222, 773,221, 792,220, 812,217, 826,214, 830,244, 816,247, 795,250, 777,251, 762,251, 713,252

PenColor 000000
Line 713,142, 368,142, 368,112, 713,112
Spline 713,112, 765,111, 790,109, 812,106
Line 812,106, 816,136
Spline 713,142, 769,141, 796,139, 816,136

Line 713,252, 368,252, 368,222, 713,222
Spline 713,222, 770,221, 799,219, 826,214
Line 826,214, 830,244
Spline 713,252, 774,251, 805,249, 830,244
PenColor 2C7CAC
BrushColor -1
AngleTextOut 0, Arial, 20, 312, 229, тупик
AngleTextOut 0, Arial, 20, 312, 119, тупик
AngleTextOut 0, Arial, 20, 568, 89, Выставочная >>
AngleTextOut 0, Arial, 20, 506, 255, Выставочная >>
AngleTextOut 0, Arial, 25, 442, 167, Международная, 1

; оборотные стрелки

PenColor FFFFFF
Line 511,118, 477,118
Spline 477,118, 471,122, 471,130, 477,134
Arrow 477,134, 511,134

Line 511,229, 477,229
Spline 477,229, 471,233, 471,241, 477,245
Arrow 477,245, 511,245

; левый вестибюль

PenColor 000000
Line 336,167, 336,160, 427,160, 427,151, 368,151, 368,142
Line 336,197, 336,204, 427,204, 427,213, 368,213, 368,222

Opaque 85
PenColor FEFBF1
BrushColor FEFBF1
Polygon 242,268, 226,269, 215,135, 47,150, 69,399, 252,382, 249,347, 144,356, 141,315, 245,306
Opaque 100

; эскалатор 3 гор
PenColor 7F7F7F
Stairs 338,195, 338,169, 191,195
PenColor 000000
BrushColor 9B5509
Polygon 345,169, 186,169, 186,167, 345,167
Polygon 345,175, 345,179, 186,179, 186,175
Polygon 345,185, 345,189, 186,189, 186,185
Polygon 345,195, 186,195, 186,197, 345,197

; эскалатор 3 гор         
PenColor 7F7F7F
Stairs 188,348, 185,314, 141,353
PenColor 000000
BrushColor 9B5509
Polygon 192,314, 133,319, 133,316, 192,311
Polygon 193,322, 193,327, 134,332, 134,327
Polygon 194,335, 194,340, 135,345, 135,340
Polygon 195,348, 136,353, 136,356, 195,351

PenColor FF0000
Arrow 242,363, 264,361
Arrow 374,172, 356,172
Arrow 97,173, 85,187
PenColor 009900
Arrow 254,285, 232,287
Arrow 356,192, 375,192
Arrow 182,236, 170,221

Opaque 80
PenColor FFFFFF
BrushColor FFFFFF
Polygon 356,74, 379,335, 415,331, 393,69
Opaque 100

PenColor 000000
Line 192,311, 375,295, 356,74, 369,73, 365,26
Line 195,351, 392,334, 396,381
Line 389,24, 420,379

; эскалатор 2 верт
PenColor 7F7F7F
Stairs 414,341, 395,343, 417,374
PenColor 000000
BrushColor 9B5509
Polygon 395,336, 399,381, 396,381, 392,336
Polygon 402,335, 406,335, 410,380, 406,380
Polygon 413,334, 417,379, 420,379, 416,334

; эскалатор 2 верт
PenColor 7F7F7F
Stairs 387,31, 368,32, 390,65
PenColor 000000
BrushColor 9B5509
Polygon 368,26, 372,71, 369,71, 365,26
Polygon 375,25, 379,25, 383,70, 379,70
Polygon 386,24, 390,69, 393,69, 389,24

Opaque 85
PenColor FEFBF1
BrushColor FEFBF1
Polygon 161,313, 167,319, 170,326, 172,337, 169,348, 164,354, 249,347, 245,306
Opaque 100

PenColor 000000
Spline 161,313, 168,322, 171,332, 170,344, 164,354

BrushColor D0D0D0
PenColor D0D0D0
Polygon 226,269, 211,271, 205,202, 215,201, 214,193, 209,191, 205,184, 205,178, 212,171, 211,162, 60,162, 60,251, 56,252, 47,150, 215,135, 216,148, 225,155, 232,167, 235,182, 234,196, 229,209, 222,219
Polygon 104,276, 100,268, 99,259, 100,252, 104,243, 109,236, 116,231, 123,228, 131,227, 139,228, 147,231, 154,236, 159,243, 162,249, 164,259, 162,270, 159,276, 152,268, 142,262, 131,259, 121,261, 112,267
PenColor 000000
Polygon 221,307, 245,305, 249,348, 225,350

PenColor FFFFFF
BrushColor FFFFFF
Polygon 96,152, 137,152, 137,162, 96,162
PenColor 000000
BrushColor -1
Line 96,162, 96,152, 137,152, 137,162
AngleTextOut 0, Arial, 10, 98, 151, полиция

Line 245,299, 249,353
Line 242,274, 242,268, 226,269, 222,219
Spline 222,219, 232,203, 235,189, 234,174, 228,159, 216,148
Line 216,148, 215,135, 47,150, 56,252, 60,251, 60,162, 211,162, 212,171
Spline 212,171, 205,178, 206,188, 214,193
Line 214,193, 215,201, 205,202, 211,271, 226,269
Line 251,376, 252,382, 186,388, 187,406, 237,401, 238,408
Line 242,448, 243,456, 33,474, 32,467
Line 29,427, 28,420, 128,411, 127,394, 69,399, 56,252

; кассы
PenColor 000000
BrushColor -1
Ellipse 99,227, 165,293
Spline 104,276, 131,260, 159,276
AngleTextOut 0, Arial, 10, 120, 272, кассы

; турникеты
BrushColor -1
Line 202,202, 149,202, 0.5
Line 99,199, 99,245, 0.5
PenColor 009900
Stairs 147,203, 147,199, 103,203
PenColor FF0000
Stairs 96,203, 96,199, 63,203

; лифты
PenColor 000000
BrushColor D0EFFF
Polygon 379,92, 395,91, 396,107, 380,108
BrushColor -1
AngleTextOut 5, Arial, 6, 381, 97, лифт



; правый вестибюль

PenColor 000000

Line 816,136, 817,145
Spline 634,151, 713,151, 770,150, 797,148, 817,145
Spline 634,213, 713,213, 768,212, 797,210, 825,206
Line 825,206, 826,214

Opaque 80
PenColor FFFFFF
BrushColor FFFFFF
Polygon 757,204, 757,265, 736,265, 736,204
Polygon 727,204, 727,265, 707,265, 707,204
Opaque 100

PenColor 000000

Line 634,151, 634,160, 763,160, 763,204, 757,204, 757,265, 776,265, 782,333, 761,335, 763,355, 756,356, 763,431, 771,431, 772,439, 788,438
Line 701,445, 717,444, 716,434, 723,434, 716,359, 709,359, 707,340, 688,342, 681,265, 707,265, 707,204, 634,204, 634,213
Line 727,204, 736,204, 736,265, 727,265, 727,204
Stairs 642,160, 642,204, 659,160
Stairs 665,160, 665,204, 682,160
Stairs 687,160, 687,204, 704,160
Stairs 707,206, 727,206, 707,254
Stairs 736,206, 757,206, 736,254
Line 754,336, 761,335
Line 707,340, 713,340

; эскалатор 3 верт
PenColor 7F7F7F
Stairs 725,422, 759,419, 720,371
PenColor 000000
BrushColor 9B5509
Polygon 722,426, 717,367, 720,367, 725,426
Polygon 733,425, 728,366, 733,366, 738,425
Polygon 746,424, 741,365, 746,365, 751,424
Polygon 759,423, 754,364, 757,364, 762,423

; турникеты
BrushColor -1
Polygon 730,298, 736,298, 736,304, 730,304
PenColor 009900
Stairs 726,303, 726,299, 688,303
PenColor FF0000
Stairs 776,303, 776,299, 739,303

PenColor FF0000
Arrow 752,272, 753,287
PenColor 009900
Arrow 717,328, 715,314

; кассы
PenColor 000000
BrushColor FFFFFF
Polygon 688,338, 678,339, 675,309, 685,308
BrushColor -1
AngleTextOut 95, Arial, 10, 676, 336, кассы

; улицы и объекты

PenColor 040464
BrushColor -1
SpotRect 380, 425, 198, 15, LoadVec Testovskaya.vec
TextOut Arial, 12, 380, 425, 'Схема ж/д платформы "Тестовская"', 5
SpotRect 381, 452, 120, 15, LoadVec Test.vec
TextOut Arial, 12, 381, 452, Схема перехода к ж/д платформе, 5

PenColor 00AFAF
BrushColor -1
AngleTextOut 95, Arial, 15, 32, 403, 3 транспортное кольцо
AngleTextOut 95, Arial, 15, 289, 405, 'к ж/д ст."Тестовская" >>'
AngleTextOut 5, Arial, 15, 40, 436, '<< ст. МЦК "Деловой Центр"'
AngleTextOut 5, Arial, 15, 685, 461, Комплекс IQ-квартал

PenColor 000000

; Выходы
PenColor FFD900
BrushColor 615F56
SpotRect 273, 270, 30, 30, ShowMessage Выход №1
SpotRect 326, 25, 30, 30, ShowMessage Выход №1
SpotRect 355, 351, 30, 30, ShowMessage Выход №1
SpotRect 251, 414, 30, 30, ShowMessage Выход №1
SpotRect -5, 433, 30, 30, ShowMessage Выход №1
SpotRect 733, 476, 30, 30, ShowMessage Выход №1
BrushColor -1
TextOut Arial, 25, 281, 271, 1
TextOut Arial, 25, 334, 26, 2
TextOut Arial, 25, 363, 352, 3
TextOut Arial, 25, 259, 415, 4
TextOut Arial, 25, 3, 434, 5
TextOut Arial, 25, 741, 477, 6
