Size 1200x1060

Angle -36

; пути

BrushColor 34349C
Polygon 522,459, 522,429, 972,429, 972,459
Polygon 522,569, 522,539, 972,539, 972,569

PenColor 34349C
BrushColor -1
AngleTextOut 0, Arial, 20, 526, 406, << Пятницкое шоссе
AngleTextOut 0, Arial, 20, 810, 570, Волоколамская >>
AngleTextOut 0, Arial, 25, 714, 475, Митино, 1

; левый вестибюль

PenColor 000000
Line 522,459, 522,472, 556,472, 556,475, 506,475
Line 522,539, 522,521, 556,521, 556,518, 507,518
Line 515,475, 515,436, 392,436, 392,431, 437,431
Line 437,414, 435,414, 435,408, 476,408
Line 476,377, 429,377, 429,297
Line 383,313, 383,240
Line 354,240, 354,276, 66,276
Line 411,297, 411,305, 383,305
Line 66,299, 354,299, 354,436
Spline 354,436, 327,475, 327,525, 354,564
Line 354,564, 339,681, 282,681, 282,745, 60,745
Line 60,772, 107,772, 107,819
Line 134,819, 134,772, 282,772, 282,820
Line 313,820, 313,772, 410,772
Line 410,745, 368,745, 394,565, 515,565, 515,537
Stairs 354,242, 383,242, 354,276
Stairs 68,276, 68,299, 102,276
Stairs 62,745, 62,772, 96,745
Stairs 107,817, 134,817, 107,783
Stairs 282,817, 313,817, 282,783
Stairs 408,772, 408,745, 374,772
Stairs 383,299, 354,299, 383,313
Stairs 553,518, 553,475, 507,518
Stairs 474,408, 474,377, 440,408

BrushColor D0D0D0
Polygon 408,525, 408,475, 414,475, 414,525

;лифты
BrushColor D0EFFF
Polygon 411,280, 429,280, 429,297, 411,297
Polygon 437,414, 454,414, 454,431, 437,431
Polygon 334,754, 315,754, 315,772, 334,772
Polygon 515,520, 515,537, 533,537, 533,520
BrushColor -1
AngleTextOut 90, Arial, 7, 416, 296, лифт
AngleTextOut 90, Arial, 7, 320, 770, лифт
AngleTextOut 90, Arial, 7, 520, 536, лифт
AngleTextOut 90, Arial, 7, 441, 430, лифт

;кассы
BrushColor -1
Line 408,525, 394,525
Line 408,475, 394,475
Spline 394,475, 397,491, 397,509, 394,525
;Polygon 403,475, 392,475, 392,525, 403,525
AngleTextOut 90, Arial, 10, 396, 514, кассы

; турникеты
BrushColor -1
Polygon 450,481, 443,481, 443,488, 450,488
PenColor 009900
Stairs 449,561, 444,561, 449,491
PenColor FF0000
Stairs 449,440, 444,440, 449,477

; стрелки
PenColor FF0000
Arrow 418,456, 401,456
PenColor 009900
Arrow 402,543, 418,543
PenColor 000000
Arrow 420,311, 420,300
Arrow 347,763, 336,763


; правый вестибюль

PenColor 000000
Line 972,539, 972,523, 939,523, 939,520, 987,520
Line 972,459, 972,476, 939,476, 939,479, 987,479
Line 979,479, 979,436, 1095,436, 1095,298, 873,298
Line 873,273, 1125,273, 1125,436, 1147,436, 1147,565, 1125,565, 1125,731, 1162,731
Line 1162,753, 1059,753
Line 1059,731, 1095,731, 1095,706, 1076,706, 1076,595, 1095,595, 1095,565, 979,565, 979,520
Stairs 941,520, 941,479, 987,520
Stairs 875,273, 875,298, 909,273
Stairs 1095,314, 1125,314, 1095,328
Stairs 1160,753, 1160,731, 1126,753
Stairs 1061,731, 1061,753, 1095,731

BrushColor D0D0D0
Polygon 1090,475, 1090,525, 1084,525, 1084,475

; кассы
BrushColor -1
Line 1111,495, 1111,475, 1090,475, 1090,525, 1098,525
Spline 1111,495, 1101,508, 1098,525
AngleTextOut 70, Arial, 10, 1087, 513, кассы

; турникеты
BrushColor -1
Polygon 1052,480, 1045,480, 1045,487, 1052,487
PenColor 009900
Stairs 1051,560, 1046,560, 1051,491
PenColor FF0000
Stairs 1051,440, 1046,440, 1051,477

; стрелки
PenColor FF0000
Arrow 1071,456, 1086,456
PenColor 009900
Arrow 1086,544, 1071,544

;инфососы
PenColor 34349C
BrushColor 34349C
Polygon 494,440, 499,440, 499,442, 494,442
Polygon 751,503, 756,503, 756,505, 751,505
Polygon 1013,442, 1018,442, 1018,444, 1013,444
PenColor FF0000
BrushColor FF0000
Polygon 489,440, 494,440, 494,442, 489,442
Polygon 746,503, 751,503, 751,505, 746,505
Polygon 1013,442, 1013,444, 1008,444, 1008,442

; Названия улиц голубым
PenColor 00AFAF
BrushColor -1
AngleTextOut 0, Arial, 15, 644, 347, Митинская улица
AngleTextOut 90, Arial, 15, 216, 624, улица Дубравная


; Выходы
Angle 36
PenColor FFD900
BrushColor 615F56
SpotRect 265, 611, 30, 30, ShowMessage Выход №1
SpotRect 211, 582, 30, 30
SpotRect 68, 475, 30, 30
SpotRect 54, 364, 30, 30
SpotRect 580, 295, 30, 30
SpotRect 532, 129, 30, 30
SpotRect 295, 48, 30, 30
SpotRect 944, 518, 30, 30
SpotRect 884, 1036, 30, 30
SpotRect 830, 998, 30, 30
BrushColor -1
TextOut Arial, 25, 273, 612, 1
TextOut Arial, 25, 219, 583, 2
TextOut Arial, 25, 76, 476, 3
TextOut Arial, 25, 62, 365, 4
TextOut Arial, 25, 588, 296, 5
TextOut Arial, 25, 540, 130, 6
TextOut Arial, 25, 303, 49, 7
TextOut Arial, 25, 952, 519, 8
TextOut Arial, 25, 892, 1037, 9
TextOut Arial, 25, 832, 999, 10
