Size 750x590

Angle -35

; пути

BrushColor 34349C
Polygon 150,224, 600,224, 600,254, 150,254
Polygon 150,334, 600,334, 600,364, 150,364

PenColor 34349C
BrushColor -1
AngleTextOut 0, Arial, 20, 154, 200, << Крылатское
AngleTextOut 0, Arial, 25, 290, 278, Молодёжная, 1
AngleTextOut 0, Arial, 20, 471, 364, Кунцевская >>

; левый вестибюль

PenColor 000000
Line 117,230, 117,225, -20,225, -20,243, -15,243, -15,343, -20,343, -20,363, 117,363, 117,358
Line 117,334, 117,329, 48,329, 48,320
Line 116,258, 116,263, 49,263, 49,267
Line 150,334, 150,327, 192,327, 192,320
Line 150,254, 150,261, 192,261, 192,267
Line 44,320, 200,320
Stairs 160,320, 160,294, 146,320
Stairs 188,320, 188,294, 174,320
Stairs 78,320, 78,294, 92,320
Stairs 51,320, 51,294, 65,320

; эскалатор 2 гор
PenColor 7F7F7F
Stairs 194,291, 194,270, 47,291
PenColor 000000
BrushColor 9B5509
Polygon 201,270, 42,270, 42,267, 201,267
Polygon 201,278, 201,283, 42,283, 42,278
Polygon 201,291, 42,291, 42,294, 201,294

; кассы
BrushColor -1
Line -15,273, -23,273, -23,302, -15,302
AngleTextOut 90, Arial, 10, -26, 300, кассы

; турникеты
BrushColor -1
Line 42,293, 7,293, 0.5
Polygon 37,330, 41,326, 45,330, 41,334
PenColor 009900
Stairs 3,296, 6,293, 35,327

; стрелки
PenColor FF0000
Arrow 105,244, 121,244
Arrow 39,274, 27,274
PenColor 009900
Arrow 119,343, 102,343
Arrow 9,326, 17,318


; правый вестибюль

PenColor 000000
Line 632,233, 632,225, 765,225, 765,245, 760,245, 760,343, 765,343, 765,363, 632,363, 632,354
Line 632,252, 632,261, 698,261, 698,267
Line 632,335, 632,326, 699,326, 699,320
Line 555,320, 555,327, 600,327, 600,334
Line 600,254, 600,261, 555,261, 555,267
Line 552,320, 702,320
Stairs 585,320, 585,294, 599,320
Stairs 558,320, 558,294, 572,320
Stairs 665,320, 665,294, 651,320
Stairs 692,320, 692,294, 678,320


; эскалатор 2 гор
PenColor 7F7F7F
Stairs 700,291, 700,270, 553,291
PenColor 000000
BrushColor 9B5509
Polygon 707,270, 548,270, 548,267, 707,267
Polygon 707,278, 707,283, 548,283, 548,278
Polygon 707,291, 548,291, 548,294, 707,294

; кассы
BrushColor -1
Line 760,283, 769,283, 769,310, 760,310
AngleTextOut 90, Arial, 10, 758, 309, кассы

; турникеты
BrushColor -1
Line 707,292, 737,292, 0.5
Polygon 710,327, 706,323, 702,327, 706,331
PenColor 009900
Stairs 741,295, 738,292, 712,324

; стрелки
PenColor FF0000
Arrow 636,244, 625,244
Arrow 710,274, 720,274
PenColor 009900
Arrow 735,326, 726,317
Arrow 628,344, 641,344


; Названия улиц голубым
PenColor 00AFAF
BrushColor -1
AngleTextOut 0, Arial, 15, 472, 146, Ельнинская улица
AngleTextOut 90, Arial, 15, 389, 184, Ярцевская улица
