Size 1100x1180
Angle -45

PenColor 000000
BrushColor 000000
Line 354,904, 354,937, 2
Stairs 314,919, 314,904, 342,919
Stairs 342,922, 342,937, 314,922

BrushColor 808080
Polygon 314,919, 342,919, 342,922, 314,922, 2

Opaque 60
PenColor FFFFFF
BrushColor FFFFFF
Polygon 334,904, 334,937, 359,937, 359,904
Opaque 100

;Рельсы
Railway 20, 25, 8, 1174,347, 394,347
Railway 20, 25, 8, 354,347, 174,347
Railway 20, 25, 8, 1174,487, 394,487
Railway 20, 25, 8, 354,487, 174,487
Railway 20, 25, 8, 1174,527, 394,527
Railway 20, 25, 8, 354,527, 174,527
BrushColor 808080
PenColor 808080
Railway 20, 25, 8, 174,677, 354,677
Railway 20, 25, 8, 394,677, 603,677, 645,677, 696,672, 776,649, 868,632, 973,632, 1173,632
Railway 20, 25, 8, 628,677, 705,703, 770,766, 854,838, 1008,851, 1174,847
Railway 20, 25, 8, 394,297, 1174,297
Railway 20, 25, 8, 174,297, 354,297
Railway 20, 25, 8, 174,197, 354,197
Railway 20, 25, 8, 394,197, 1174,197

PenColor 000000
BrushColor 000000
Line 429,177, 429,144, 379,144, 379,161, 2
Line 319,177, 319,144, 369,144, 369,162, 2
Line 354,162, 394,162, 2
Line 319,177, 354,177, 2
Line 429,177, 394,177, 2
Line 354,177, 354,904, 334,904, 334,922, 2
Line 394,177, 394,377, 439,377, 2
Line 439,402, 394,402, 2
Line 394,402, 394,612, 439,612, 2
Line 394,637, 394,732, 439,732, 2
Line 439,757, 394,757, 394,937, 304,937, 304,904, 334,904, 2
 Line 290,1020, 195,1020, 195,955, 240,955, 2
 Line 250,1000, 215,1000, 215,975, 240,975, 2
Line 176,840, 354,855, 2
Line 394,863, 630,982, 2
Line 354,187, 174,187, 2
Line 394,187, 1174,187, 2
Line 289,187, 289,104, 2
Line 459,187, 459,122, 441,122, 441,104, 2
Line 414,121, 414,104, 324,104, 2

;Платформы
Line 439,377, 439,357, 2
Line 439,402, 439,457, 2
Line 439,357, 1039,357, 1039,457, 439,457, 2
Line 394,537, 974,537, 974,607, 2
Line 354,537, 314,537, 314,607, 354,607, 2
Line 394,637, 504,637, 504,607, 2
Line 504,607, 684,607, 684,637, 784,637, 784,607, 974,607, 2
Line 314,607, 314,612, 174,612, 2
Line 974,607, 974,612, 1174,612, 2

Stairs 394,177, 394,162, 414,177
Stairs 414,159, 414,144, 394,159
Stairs 354,177, 354,162, 334,177
Stairs 334,159, 334,144, 354,159
Stairs 394,402, 394,377, 407,402
Stairs 439,377, 439,402, 426,377
Stairs 394,612, 394,637, 407,612
Stairs 439,637, 439,612, 426,637
Stairs 394,732, 394,757, 407,732
Stairs 439,757, 439,732, 426,757
Stairs 414,104, 441,104, 414,121
Stairs 334,922, 334,937, 314,922

BrushColor 808080
PenColor 808080
Polygon 704,607, 724,607, 724,587, 704,587
Polygon 704,397, 724,397, 724,417, 704,417
Polygon 346,753, 346,781, 270,781, 270,734, 293,734, 293,753
Polygon 447,762, 447,782, 504,782, 504,762
Polygon 563,751, 596,751, 596,770, 572,770, 572,777, 563,777
Ellipse 571,745, 583,757
Polygon 313,974, 313,1021, 258,1021, 258,974
Polygon 253,974, 253,1013, 230,1013, 230,974
Polygon 262,901, 269,901, 269,889, 285,889, 285,883, 262,883, 2
Polygon 251,942, 230,942, 230,909, 251,909, 2
Polygon 420,256, 420,272, 432,272, 432,274, 436,274, 436,272, 440,272, 440,256, 2
PenColor 000000
Polygon 394,162, 414,162, 414,159, 394,159, 2
Polygon 354,162, 334,162, 334,159, 354,159, 2


Opaque 42
BrushColor 808080
PenColor 808080
Polygon 694,617, 694,577, 759,577, 759,617, 2
Polygon 694,427, 694,387, 759,387, 759,427, 2

Opaque 72
PenColor FFFFFF
BrushColor FFFFFF
Polygon 680,350, 776,350, 776,324, 680,324
Ellipse 763,324, 789,350
Ellipse 667,324, 703,350
Polygon 680,490, 776,490, 776,464, 680,464
Ellipse 763,464, 789,490
Ellipse 667,464, 703,490
Polygon 680,530, 776,530, 776,504, 680,504
Ellipse 763,504, 789,530
Ellipse 667,504, 703,530

Opaque 100
BrushColor -1
AngleTextOut 0, Arial, 10, 698, 324, << на Тверь\n     2 путь, 3
AngleTextOut 0, Arial, 10, 668, 466, << на Тверь   на Москву >>\n                  3 путь, 3
AngleTextOut 0, Arial, 10, 697, 505, на Москву >>\n    1 путь, 3
AngleTextOut 0, Arial, 20, 929, 739, Сортировочная горка, 2
AngleTextOut 0, Arial, 20, 659, 249, П у т и      о т с т о я, 2
PenColor FFFFFF
AngleTextOut 90, Arial, 6, 705, 605, Кассы, 3
AngleTextOut 90, Arial, 6, 706, 416, Кассы, 3

;Таблички
PenColor FFCC99
BrushColor FFCC99
Polygon 914,547, 914,593, 954,593, 954,547
PenColor 663300
BrushColor 663300
Line 954,547, 899,547, 899,593, 954,593, 954,547, 3
Polygon 899,547, 899,593, 914,593, 914,547
BrushColor -1
AngleTextOut 92, Arial, 41, 910, 582, 1, 3
PenColor FFCC99
BrushColor -1
AngleTextOut 90, Arial, 8, 902, 591, Платформа, 3

PenColor FFCC99
BrushColor FFCC99
Polygon 979,385, 979,429, 1019,429, 1019,385
PenColor 663300
BrushColor 663300
Line 1019,384, 964,384, 964,430, 1019,430, 1019,384, 3
Polygon 965,385, 965,429, 979,429, 979,385
BrushColor -1
AngleTextOut 92, Arial, 41, 974, 418, 2, 3
PenColor FFCC99
BrushColor -1
AngleTextOut 90, Arial, 8, 967, 428, Платформа, 3

; Улицы
PenColor DFFBFB
BrushColor DFFBFB
Line 329,1084, 329,958, 99,958, 25
Line 330,1012, 414,1012, 20
Polygon 283,957, 283,912, 264,912, 264,957, 15
Polygon 209,963, 211,1012, 163,1012, 137,963, 15
Line 406,87, 406,-51, 20
Line 410,52, 534,52, 20
Line 179,-53, 704,-53, 30
Polygon 404,1, 374,11, 374,28, 405,28, 15
PenColor 00AFAF
BrushColor -1
AngleTextOut 0, Arial, 12, 217, 953, Зеленоградская ул., 3
AngleTextOut 0, Arial, 12, 369, -59, Пяловская ул., 3

BrushColor 0000FF
SpotCircle 8, 427, 20, ShowMessage Автобусы:\n92\n215
SpotCircle 8, 186, 937, ShowMessage Автобусы:\n65\n698
BrushColor FF0000

BrushColor -1
PenColor FFFFFF
AngleTextOut 45, Arial, 15, 419, 18, A, 1
AngleTextOut 45, Arial, 15, 178, 935, A, 1

