Size 440x940
Angle 90

; пути

BrushColor 34349C
Polygon 54,343, 54,313, 504,313, 504,343
Polygon 54,376, 54,346, 504,346, 504,376

PenColor 34349C
BrushColor -1
AngleTextOut 0, Arial, 20, 96, 290, << Строгино
AngleTextOut 0, Arial, 20, 337, 376, Волоколамская >>
PenColor 000000
AngleTextOut 0, Arial, 25, 146, 315, Мякинино, 1
PenColor FFFFFF
AngleTextOut 0, Arial, 25, 145, 314, Мякинино, 1


PenColor 000000
Line -113,276, 569,276, 569,413, 288,413, 276,481
Line 258,481, 270,413, -113,413
Line 54,343, 54,346
Line 504,343, 504,346

; переход в середине

Opaque 85
PenColor FFFFFF
BrushColor FFFFFF
Polygon 269,309, 272,327, 273,345, 272,363, 269,380, 292,380, 289,363, 288,345, 289,327, 292,309
Opaque 100

Line 221,289, 256,289
Line 340,289, 305,289
Line 340,400, 305,400
Line 221,400, 256,400
Spline 256,289, 268,307, 272,345, 268,382, 256,400
Spline 305,289, 293,307, 289,345, 293,382, 305,400

Stairs 338,276, 338,289, 305,276
Stairs 223,276, 223,289, 256,276
Stairs 338,413, 338,400, 305,413
Stairs 223,413, 223,400, 256,413

;северный вестибюль

Opaque 80
PenColor FFFFFF
Polygon 453,378, 486,378, 486,414, 504,414, 504,377, 505,377, 505,312, 504,312, 501,312, 497,312, 493,312, 453,311, 445,323, 440,334, 438,347, 441,359, 446,369
Opaque 100

;кассы
Line 453,378, 486,378, 486,413, 424,520, 417,597, 480,602
Spline 453,378, 438,345, 453,311
Spline 487,311, 501,345, 486,378
AngleTextOut -90, Arial, 10, 494, 332, кассы

;вестибюль
Line 681,441, 681,396, 660,396
Line 641,390, 641,418, 532,418, 496,431, 504,417, 504,395, 540,395
Line 663,441, 663,414, 660,414
Line 640,414, 580,414, 580,372, 659,372, 659,436, 534,436, 482,456, 442,525, 437,581, 481,585
Stairs 538,395, 538,413, 504,395
Line 453,311, 487,311, 487,294, 540,294
Stairs 538,294, 538,276, 504,294
Stairs 478,602, 479,585, 442,599
Stairs 639,414, 639,396, 601,414
Stairs 636,372, 636,390, 598,372

BrushColor D0D0D0
Polygon 598,390, 641,390, 641,396, 598,396


;турникеты
PenColor FF0000
Stairs 535,390, 540,390, 535,372
Stairs 535,298, 540,298, 535,316
PenColor 009900
Stairs 551,366, 546,366, 551,329
PenColor 000000
BrushColor -1
Ellipse 545,319, 553,327
Line 551,370, 531,370, 0.5
Line 531,318, 549,318, 0.5

;стрелки
PenColor FF0000
Arrow 543,400, 551,400, 551,384, 543,384
Arrow 543,289, 551,289, 551,304, 543,304
PenColor 009900
Arrow 563,296, 563,283, 549,283
Arrow 563,393, 563,406, 549,406

;южный вестибюль

Opaque 80
PenColor FFFFFF
Polygon 54,311, 53,311, 53,378, 54,378, 63,365, 67,355, 69,342, 66,330, 61,320
Opaque 100

;полиция
Line 54,311, 21,311
Line 54,378, 21,378
Spline 21,311, 6,344, 21,378
Spline 54,311, 69,344, 54,378

Line 49,311, 49,294, 85,294
Stairs 83,294, 83,276, 49,294
Line 49,378, 49,395, 85,395
Stairs 83,395, 83,413, 49,395
Spline -113,276, -144,294, -157,332
Spline -113,413, -144,396, -157,356
Line -157,332, -239,332, -239,334
Line -157,356, -229,356, -229,379

;кассы
BrushColor D0D0D0
Polygon -58,316, -64,311, -92,311, -104,323, -104,366, -92,378, -64,378, -58,373, -68,365, -83,365, -83,324, -68,324
Line -68,365, -68,324

;турникеты
PenColor FF0000
Stairs -25,409, -20,409, -25,383
Stairs -25,280, -20,280, -25,306
PenColor 009900
Stairs -20,313, -25,313, -20,339
Stairs -20,376, -25,376, -20,351
PenColor 000000
BrushColor -1
Polygon -19,341, -26,341, -26,348, -19,348
Line -22,376, -22,385, 0.5
Line -22,304, -22,313, 0.5

;стрелки
PenColor FF0000
Arrow -17,399, -32,399
Arrow -17,290, -32,290
PenColor 009900
Arrow -27,362, -13,362
Arrow -27,327, -13,327

;надписи
PenColor 000000
AngleTextOut -90, Arial, 10, -69, 331, кассы
AngleTextOut -90, Arial, 10, 25, 325, полиция

; Названия улиц голубым
PenColor 00AFAF
BrushColor -1
AngleTextOut 0, Arial, 15, -230, 424, << бульвар Строителей
AngleTextOut -10, Arial, 15, -234, 505, 'Выставочный комплекс "Крокус-сити"'
AngleTextOut -10, Arial, 15, -241, 655, МКАД

;инфосос
PenColor 34349C
BrushColor 34349C
Polygon -54,407, -49,407, -49,409, -54,409
PenColor FF0000
BrushColor FF0000
Polygon -59,407, -54,407, -54,409, -59,409

Opaque 70
; "закрыто"
PenColor FFD0D0
BrushColor FFD0D0
Polygon 267,410, 254,485, 278,485, 291,410
PenColor FF4040

Opaque 100
PenColor FF4040
BrushColor -1
AngleTextOut -100, Arial, 15, 288, 417, Строится
Dashed 267,410, 254,485, 278,485, 291,410, 267,410
BrushColor 000000


; Выходы
Angle -90
PenColor FFD900
BrushColor 615F56
SpotRect 41, 901, 30, 30, ShowMessage Выход №1
SpotRect 135, 909, 30, 30
SpotRect 298, 207, 30, 30
SpotRect 203, 13, 30, 30
BrushColor -1
TextOut Arial, 25, 49, 902, 1
TextOut Arial, 25, 143, 910, 2
TextOut Arial, 25, 306, 208, 3
TextOut Arial, 25, 211, 14, 4
