Size 720x1100

Angle 75

;Пути
BrushColor 9CA4A4
Polygon 208,662, 209,632, 659,632, 658,662
Polygon 659,552, 659,522, 209,522, 209,552

BrushColor -1
PenColor 4C4C4C
AngleTextOut 0, Arial, 25, 362, 563, Нагатинская, 1
AngleTextOut 0, Arial, 20, 212, 499, << Нагорная
AngleTextOut 0, Arial, 20, 547, 662, Тульская >>

; левый вестибюль
PenColor 000000
Line 61,438, 24,459, 40,487, 40,530, 139,530, 139,568, 209,568, 209,552
Line -110,369, -73,348, 13,497, 13,653, 139,653, 139,616, 209,616, 209,632
Line 52,422, 15,443, -4,410, 33,389
Line 20,366, -17,387, -48,333, -11,312
Line -23,291, -122,348
Stairs 59,439, 50,423, 26,458
Stairs 31,390, 18,367, -2,409
Stairs -13,313, -25,292, -46,332
Stairs -108,368, -120,347, -75,349
Stairs -50,388, -25,374, -43,400

BrushColor D0D0D0
Polygon 50,563, 42,563, 42,620, 50,620

;эскалаторы
PenColor 7F7F7F
Stairs 143,572, 143,612, 208,572
PenColor 000000
BrushColor 9B5509
Polygon 209,582, 140,582, 140,587, 209,587
Polygon 209,597, 140,597, 140,602, 209,602
Polygon 209,568, 140,568, 140,572, 209,572
Polygon 209,612, 140,612, 140,616, 209,616

; кассы
BrushColor -1
Line 139,651, 148,651, 148,623, 139,623
AngleTextOut -90, Arial, 10, 150, 625, кассы

; турникеты
Line 139,619, 107,619, 0.5
Polygon 76,566, 79,571, 84,568, 81,563
Line 81,563, 50,563, 0.5
PenColor 009900
Stairs 105,620, 110,617, 80,573
PenColor FF0000
Stairs 81,534, 75,534, 81,560

; правый вестибюль
PenColor 000000
Line 849,522, 894,496, 865,447, 797,486, 809,507, 809,530, 709,530, 709,562, 659,562, 659,552
Line 778,773, 811,754, 808,748, 808,653, 709,653, 709,622, 659,622, 659,632
Line 837,498, 858,486, 856,482, 832,496, 836,503, 836,737, 837,739, 873,718
Line 884,737, 790,792
Stairs 842,736, 853,755, 871,719
Stairs 808,756, 819,775, 779,773
Stairs 821,472, 834,495, 837,463
Stairs 839,497, 852,520, 855,488
Stairs 706,562, 706,622, 660,562

BrushColor D0D0D0
Polygon 808,563, 800,563, 800,620, 808,620

; турникеты
BrushColor -1
Line 709,623, 739,623, 0.5
Polygon 770,565, 768,570, 763,568, 765,563
Line 765,563, 800,563, 0.5
PenColor 009900
Stairs 761,571, 766,573, 736,623
PenColor FF0000
Stairs 770,534, 764,534, 770,561

; кассы
BrushColor -1
PenColor 000000
Line 709,624, 701,624, 701,651, 709,651
AngleTextOut -90, Arial, 10, 712, 625, кассы

;стрелки
PenColor FF0000
Arrow 795,547, 807,547
Arrow 59,547, 45,547
Arrow 150,577, 139,577
PenColor 009900
Arrow 808,636, 789,636
Arrow 46,637, 60,637
Arrow 140,607, 150,607

;инфососы
PenColor 34349C
BrushColor 34349C
Polygon 732,561, 737,561, 737,559, 732,559
Polygon 419,595, 419,590, 417,590, 417,595
Polygon 67,618, 72,618, 72,616, 67,616
PenColor FF0000
BrushColor FF0000
Polygon 727,561, 732,561, 732,559, 727,559
Polygon 419,600, 419,595, 417,595, 417,600
Polygon 62,618, 67,618, 67,616, 62,616

;названия улиц синим
PenColor 00AFAF
BrushColor -1
AngleTextOut 210, Arial, 15, 757, 701, Варшавское шоссе
AngleTextOut 210, Arial, 15, -63, 392, платформа Нижние Котлы

; Выходы
Angle -75
PenColor FFD900
BrushColor 615F56
SpotRect 186, 799, 30, 30, ShowMessage Выход №1
SpotRect 95, 787, 30, 30
SpotRect 3, 943, 30, 30
SpotRect 13, 808, 30, 30
SpotRect 460, 31, 30, 30
SpotRect 617, 92, 30, 30
SpotRect 643, 183, 30, 30
BrushColor -1
TextOut Arial, 25, 194, 800, 1
TextOut Arial, 25, 103, 788, 2
TextOut Arial, 25, 11, 944, 3
TextOut Arial, 25, 21, 809, 4
TextOut Arial, 25, 468, 32, 5
TextOut Arial, 25, 625, 93, 6
TextOut Arial, 25, 651, 184, 7
