Size 710x1100

Angle 60

;Пути
BrushColor 9CA4A4
Polygon 65,642, 65,612, 515,612, 515,642
Polygon 515,532, 515,502, 65,502, 65,532

BrushColor -1
PenColor 4C4C4C
AngleTextOut 0, Arial, 25, 161, 544, Нахимовский проспект, 1
AngleTextOut 0, Arial, 20, 68, 479, << Севастопольская
AngleTextOut 0, Arial, 20, 410, 642, Нагорная >>

; левый вестибюль
PenColor 000000
Line -168,460, -104,460, -104,510, -5,510, -5,548, 65,548, 65,532
Line -68,659, -104,659, -104,633, -5,633, -5,596, 65,596, 65,612
Line -168,483, -132,483, -132,683, -68,683
Stairs -134,460, -134,483, -168,460
Stairs -102,683, -102,659, -68,683

BrushColor D0D0D0
Polygon -94,543, -102,543, -102,600, -94,600

;эскалаторы
PenColor 7F7F7F
Stairs -1,549, -1,594, 64,551
PenColor 000000
BrushColor 9B5509
Polygon 65,562, -4,562, -4,567, 65,567
Polygon 65,577, -4,577, -4,582, 65,582
Polygon 65,548, -4,548, -4,552, 65,552
Polygon 65,592, -4,592, -4,596, 65,596

; кассы
BrushColor -1
Line -5,512, 3,512, 3,540, -5,540
AngleTextOut -90, Arial, 10, 6, 514, кассы

; турникеты
Line -5,541, -37,541, 0.5
Polygon -64,598, -62,593, -57,595, -59,600
Line -59,600, -94,600, 0.5
PenColor 009900
Stairs -60,590, -55,592, -38,541
PenColor FF0000
Stairs -59,605, -64,605, -59,631


; правый вестибюль
PenColor 000000
Line 648,480, 684,480, 684,510, 585,510, 585,542, 515,542, 515,532
Line 754,698, 684,698, 684,633, 585,633, 585,602, 515,602, 515,612
Line 648,456, 712,456, 753,437, 737,403
Line 754,674, 714,674, 714,479, 783,447, 758,393
Stairs 720,698, 720,674, 754,698
Stairs 650,456, 650,480, 684,456
Stairs 738,405, 759,395, 752,435
Stairs 580,572, 580,602, 518,572

BrushColor D0D0D0
Polygon 684,543, 676,543, 676,600, 684,600

;эскалаторы
PenColor 7F7F7F
Stairs 580,545, 580,570, 517,545
PenColor 000000
BrushColor 9B5509
Polygon 516,554, 583,554, 583,560, 516,560
Polygon 516,569, 583,569, 583,572, 516,572
Polygon 515,542, 583,542, 583,545, 515,545

; турникеты
BrushColor -1
Line 585,603, 615,603, 0.5
Polygon 646,545, 644,550, 639,548, 641,543
Line 641,543, 676,543, 0.5
PenColor 009900
Stairs 637,551, 642,553, 614,600
PenColor FF0000
Stairs 646,514, 640,514, 646,541

; кассы
BrushColor -1
PenColor 
Line 585,604, 577,604, 577,631, 585,631
AngleTextOut -90, Arial, 10, 588, 605, кассы

;стрелки
PenColor FF0000
Arrow 667,527, 679,527
Arrow 571,550, 583,550
Arrow -78,615, -94,615
Arrow 7,587, -4,587
PenColor 009900
Arrow 594,587, 582,587
Arrow 659,608, 646,603
Arrow -79,534, -67,539
Arrow -4,557, 7,557

;инфососы
PenColor 34349C
BrushColor 34349C
Polygon 660,583, 665,583, 665,581, 660,581
Polygon 275,575, 275,570, 273,570, 273,575
Polygon -81,553, -86,553, -86,551, -81,551
PenColor FF0000
BrushColor FF0000
Polygon 655,583, 660,583, 660,581, 655,581
Polygon 275,580, 275,575, 273,575, 273,580
Polygon -76,553, -81,553, -81,551, -76,551

;названия улиц синим
PenColor 00AFAF
BrushColor -1
AngleTextOut 0, Arial, 15, 725, 562, Азовская улица
AngleTextOut 0, Arial, 15, -249, 562, Азовская улица
AngleTextOut -90, Arial, 15, 381, 676, Фруктовая улица
AngleTextOut -65, Arial, 15, 926, 458, Нахимовский проспект
