Size 1208x1062
Angle 20

BrushColor -1
PenColor 040464
SpotRect 718, 83, 190, 15, LoadVec Aviamotornaya.vec
TextOut Arial, 12, 718, 83, 'Схема станции метро "Авиамоторная"', 5
PenColor 000000

Railway 6, 9, 4, 744,634, 669,467, 611,306
Railway 6, 9, 4, 756,643, 876,876, 1011,1078
Railway 6, 9, 4, 695,655, 633,497, 576,306
Railway 6, 9, 4, 705,651, 643,494, 589,306
Railway 6, 9, 4, 716,659, 828,874, 990,1108
Railway 6, 9, 4, 706,662, 819,879, 984,1118

Line 225,411, 225,835, 448,835
Line 504,773, 504,411, 225,411
Dashed 196,428, 225,428
Dashed 225,411, 196,411
Spline 196,394, 195,358, 188,336, 171,318, 161,312, 148,308, 132,305, 117,304, 94,304
Spline 111,209, 130,209, 148,208, 161,206, 178,200, 190,190, 195,176, 196,155, 196,136
Line 493,382, 225,382
Line 231,451, 231,427, 225,428
Line 3,835, 196,835, 196,394
Line 196,411, 191,411, 191,394, 169,372, 161,372, 161,312
Line 196,428, 191,428, 191,453
Line 161,206, 161,136, 196,136, 196,-27
Dashed 161,312, 161,206
Line 131,367, 148,367, 148,308
Line 148,208, 148,199, 131,199
Dashed 148,208, 148,308
Line 225,136, 253,136, 253,149
Line 253,169, 253,197, 293,197
Dashed 253,149, 253,169
Line 479,114, 479,109, 432,109, 432,136, 271,136, 271,149
Line 271,169, 271,182, 294,182
Dashed 271,149, 271,169

Line 77,863, 196,863, 196,930
Line 225,940, 225,863, 447,863
Spline 448,835, 475,830, 492,816, 501,796, 504,773
Spline 447,863, 485,856, 512,832, 524,797, 526,774
Dashed 196,136, 225,136
Line 526,774, 526,382
Spline 526,382, 538,347, 542,304
Spline 517,304, 512,352, 493,382
Spline 225,382, 226,358, 234,336, 252,318, 276,307, 302,304
Line 302,304, 477,304
Line 479,313, 488,304, 636,304, 646,314
Line 175,452, 175,397, 165,387, 148,387, 148,382, 131,382
Line 131,181, 147,181, 147,136, 130,136
Line 130,120, 168,120, 168,90
Line 185,90, 185,120, 196,120
Line 225,120, 275,120, 275,27, 286,27, 286,-26
Dashed 196,120, 225,120
Line 302,-26, 302,27, 432,27, 432,56, 479,56, 479,51
Line 702,51, 702,61, 654,61, 654,104, 702,104, 702,114
Line 649,304, 1072,304, 1146,745
Line 1197,304, 1099,304, 1161,700
Line 639,209, 1197,209
Line 480,200, 489,209, 628,209, 637,200
Line 477,209, 241,209
Line 477,169, 225,169
Spline 477,169, 498,173, 513,187, 517,209
Spline 241,209, 232,206, 227,197, 225,169
Line 477,149, 225,149, 225,-27
Spline 541,209, 539,187, 530,171, 514,158, 496,151, 477,149

Line 246,451, 246,425, 272,425
Line 400,411, 504,428
Line 272,425, 400,425, 504,441

Line 533,364, 543,374, 543,438, 609,535, 612,544, 615,546
Line 528,377, 530,379, 530,428, 526,428
Line 512,352, 509,349, 509,304
Line 507,365, 497,355, 497,304
Line 477,197, 293,197
Line 477,182, 294,182
Spline 497,209, 495,202, 488,198, 477,197
Spline 509,209, 506,196, 495,185, 477,182

Line 619,559, 618,566, 673,726, 706,788, 711,793, 720,793
Line 526,441, 596,541, 664,738, 694,796
Spline 694,796, 706,812, 721,820, 733,817

Stairs 175,446, 191,446, 175,430
Stairs 231,447, 246,447, 231,431
Stairs 251,411, 251,425, 272,411
Stairs 136,382, 136,367, 144,382
Stairs 136,199, 136,181, 144,199
Stairs 135,136, 135,120, 143,136
Stairs 168,95, 185,95, 168,115
Stairs 286,-21, 302,-21, 286,-3
Stairs 275,197, 275,182, 288,197

Stairs 666,632, 675,629, 679,662
Stairs 708,616, 717,612, 720,644
Stairs 747,600, 754,597, 759,628
Stairs 726,654, 734,650, 738,683
Stairs 684,672, 692,668, 696,701

PenColor C0C0C0
BrushColor C0C0C0
Polygon 606,479, 621,474, 643,538, 662,590, 692,656, 687,659, 675,629, 666,632, 696,701, 704,698, 692,668, 697,666, 729,736, 769,812, 811,885, 861,965, 909,1035, 954,1095, 941,1105, 895,1042, 845,973, 796,897, 780,867, 784,864, 720,738, 713,742, 682,679, 654,614, 633,561, 639,558, 630,534, 625,536
Polygon 720,644, 714,646, 690,591, 666,530, 688,523, 716,587, 740,636, 729,640, 717,612, 708,616
Polygon 719,657, 726,654, 738,683, 746,680, 734,650, 745,647, 775,710, 760,718, 825,845, 841,837, 885,913, 934,988, 990,1068, 974,1081, 916,1000, 864,924, 815,844, 759,742

PenColor 000000
BrushColor 808080
Polygon 260,513, 292,513, 292,462, 382,462, 382,490, 454,490, 454,739, 432,739, 432,771, 498,771, 498,442, 397,442, 397,432, 260,432
Polygon 705,746, 720,738, 740,778, 725,786
Polygon 718,790, 740,778, 759,815, 737,826
Polygon 759,815, 784,864, 770,871, 745,822
Polygon 760,718, 775,710, 841,837, 825,845
Polygon 727,566, 743,560, 758,596, 742,602
Polygon 621,565, 613,540, 630,534, 639,558

Polygon 336,49, 350,49, 350,114, 336,114
Polygon 421,182, 421,171, 462,171, 462,182

BrushColor FCDC04
Polygon 479,27, 479,51, 702,51, 702,27
Polygon 479,136, 479,114, 702,114, 702,136

Line 747,600, 759,628, 729,640, 717,612
Line 754,597, 770,635, 734,650, 746,680
Line 738,683, 726,654, 692,668, 704,698
Line 696,701, 666,632
Line 675,629, 687,659, 720,644, 708,616

Spline 692,656, 662,590, 643,538, 621,474
Line 621,474, 606,479, 625,536, 630,534, 639,558, 633,561
Spline 633,561, 654,614, 682,679, 713,742
Spline 780,868, 796,897, 845,973, 895,1042, 941,1105
Line 941,1105, 954,1095
Spline 954,1095, 909,1035, 861,965, 811,885, 769,812, 729,736, 697,666

Spline 714,646, 690,591, 666,530
Line 666,530, 688,523
Spline 688,523, 716,587, 740,636
Line 745,647, 775,710
Spline 841,837, 885,913, 934,988, 990,1068
Line 990,1068, 974,1081
Spline 974,1081, 916,1000, 864,924, 815,844, 759,742, 719,657

PenColor FF0000
Arrow 484,93, 445,93
Arrow 353,123, 333,123
Arrow 621,551, 610,554
Arrow 757,582, 772,576
PenColor 009900
Arrow 333,39, 353,39
Arrow 447,71, 484,71
Arrow 766,563, 751,569
Arrow 708,807, 722,800

BrushColor -1
PenColor FFFFFF
AngleTextOut 0, Arial, 13, 423, 169, Туалет
AngleTextOut -67, Arial, 15, 745, 560, Кассы
AngleTextOut -63, Arial, 15, 739, 780, Кассы
PenColor 000000
AngleTextOut -63, Arial, 25, 829, 642, Новая
AngleTextOut -53, Arial, 15, 866, 1007, << Сортировочная
AngleTextOut -53, Arial, 15, 934, 997, Фрезер >>

PenColor 00AFAF
AngleTextOut 0, Arial, 15, 291, 839, 2-я Кабельная ул.
AngleTextOut 0, Arial, 15, 312, 246, шоссе Энтузиастов
AngleTextOut -81, Arial, 15, 1125, 491, 1-я ул.Энтузиастов
AngleTextOut -90, Arial, 15, 223, 622, ул.Авиамоторная

PenColor 000000
AngleTextOut 0, Arial, 20, 504, 74, Авиамоторная, 1
PenColor FCDC04
AngleTextOut 0, Arial, 20, 503, 73, Авиамоторная, 1

BrushColor FFFF00
