Size 1070x1240

Angle 20
; Менделеевская

; пути
BrushColor 9CA4A4
Polygon 604,322, 629,305, 887,674, 862,691
Polygon 514,385, 539,368, 797,737, 772,754

BrushColor -1
PenColor 4C4C4C
AngleTextOut -55, Arial, 15, 535, 415, Цветной бульвар >>
AngleTextOut -55, Arial, 15, 644, 294, << Савеловская
AngleTextOut -55, Arial, 25, 666, 446, Менделеевская, 1

;инфосос
PenColor 34349C
BrushColor 34349C
Polygon 625,420, 622,422, 623,423, 626,421
PenColor FF0000
BrushColor FF0000
Polygon 628,418, 625,420, 626,421, 629,419

; северный вестибюль

PenColor 000000
Line 522,241, 536,231, 520,209, 548,189, 485,100, 540,62, 524,-26, 448,-19
Line 450,11, 494,7, 500,44, 345,153, 349,159, 325,176, 184,151, 192,108
Line 171,104, 149,231
Line 170,235, 177,191, 319,216, 367,183, 429,272, 462,249, 478,272, 491,263
Line 539,368, 547,362, 585,416, 594,410, 563,366
Line 595,345, 625,388, 634,382, 596,327, 604,322
Stairs 170,232, 149,228, 177,194
Stairs 191,111, 170,107, 185,148
Stairs 367,183, 485,100, 376,196
Stairs 452,11, 450,-19, 490,7
Stairs 500,44, 522,75, 486,54

BrushColor D0D0D0
Polygon 413,175, 421,188, 472,152, 463,140

; эскалатор 4 верт
PenColor 7F7F7F
Stairs 562,360, 589,341, 482,247
PenColor 000000
BrushColor 9B5509
Polygon 563,366, 478,245, 480,244, 565,365
Polygon 570,362, 484,240, 487,238, 573,360
Polygon 578,356, 492,234, 495,232, 581,354
Polygon 586,351, 500,229, 503,227, 589,349
Polygon 593,346, 507,224, 509,223, 595,345

; кассы
BrushColor FFFFFF
Line 456,254, 461,261, 438,277, 433,270
BrushColor -1
AngleTextOut 35, Arial, 10, 434, 267, кассы

; турникеты
BrushColor -1
Line 465,157, 481,180, 0.5
Line 486,177, 472,187, 0.5
Polygon 473,189, 469,192, 466,188, 470,185
PenColor 009900
Stairs 466,196, 470,197, 459,249
PenColor FF0000
Stairs 485,176, 487,179, 519,152

;инфосос
PenColor 34349C
BrushColor 34349C
Polygon 513,199, 515,202, 516,201, 514,198
PenColor FF0000
BrushColor FF0000
Polygon 511,196, 513,199, 514,198, 512,195

;стрелки
PenColor FF0000
Arrow 490,142, 481,129
PenColor 009900
Arrow 397,188, 406,202

; южный торец

PenColor 000000
Line 797,737, 862,691


; Новослободская

; пути

PenColor 000000
BrushColor 9B5509
Polygon 912,1043, 912,1073, 462,1073, 462,1043
Polygon 912,963, 912,933, 462,933, 462,963

PenColor 543C04
BrushColor -1
AngleTextOut 0, Arial, 15, 469, 914, << Белорусская
AngleTextOut 0, Arial, 15, 789, 1073, Проспект Мира >>
AngleTextOut 0, Arial, 25, 590, 990, Новослободская, 1

;инфосос
PenColor 34349C
BrushColor 34349C
Polygon 509,1023, 505,1023, 505,1024, 509,1024
PenColor FF0000
BrushColor FF0000
Polygon 513,1023, 509,1023, 509,1024, 513,1024

; правый торец
PenColor 000000
Line 912,963, 912,971, 873,971, 873,981, 886,981, 886,1025, 873,1025, 873,1036, 912,1036, 912,1043


; левый вестибюль

PenColor 000000
Line 462,963, 462,971, 517,971, 517,979, 480,979, 480,983
Line 480,1023, 480,1027, 518,1027, 518,1035, 462,1035, 462,1043
Line 300,934, 289,906
Line 203,1057, 178,1071
Line 289,1100, 300,1072
Line 327,1138, 327,1107
Line 327,899, 327,868
Line 196,969, 146,969, 146,991, 133,991
Line 147,1086, 133,1086
Spline 300,1072, 334,1077, 365,1066, 387,1045, 397,1023
Spline 397,983, 387,961, 365,940, 334,929, 300,934
Spline 327,868, 291,873, 259,886, 232,907, 211,934, 196,969
Spline 203,1057, 230,1097, 259,1119, 291,1133, 327,1138
Spline 327,899, 307,901, 289,906
Spline 327,1107, 307,1105, 289,1100

BrushColor D0D0D0
PenColor D0D0D0
;Polygon 65,1092, 43,1070, 27,1092, 17,1116, 13,1144, 17,1171, 27,1196, 43,1219, 65,1197, 53,1181, 46,1163, 43,1144, 46,1124, 53,1107
Polygon 253,929, 275,951, 268,959, 263,966, 260,973, 256,983, 254,994, 253,1003, 255,1015, 256,1022, 260,1032, 263,1040, 268,1048, 275,1056, 253,1078, 244,1066, 237,1055, 231,1042, 227,1030, 224,1015, 223,1003, 224,990, 227,975, 231,963, 237,951, 245,939
PenColor 000000
Line 253,929, 275,951
Line 275,1056, 253,1078
Spline 275,1056, 264,1040, 257,1022, 254,1003, 257,983, 264,966, 275,951
Spline 253,1078, 237,1055, 227,1030, 223,1003, 227,975, 237,951, 253,929
Polygon 133,1012, 144,1012, 144,1029, 133,1029
Polygon 133,1047, 144,1047, 144,1064, 133,1064

; эскалатор 3 гор
PenColor 7F7F7F
Stairs 482,1020, 482,986, 388,1020
PenColor 000000
BrushColor 9B5509
Polygon 489,986, 380,986, 380,983, 489,983
Polygon 489,994, 489,999, 380,999, 380,994
Polygon 489,1007, 489,1012, 380,1012, 380,1007
Polygon 489,1020, 380,1020, 380,1023, 489,1023

; кассы
BrushColor FFFFFF
Line 159,969, 159,961, 188,961, 188,969
BrushColor -1
AngleTextOut 0, Arial, 10, 161, 958, кассы

; турникеты
BrushColor -1
Line 272,1051, 322,1009, 380,1009, 0.5
Polygon 265,995, 269,999, 265,1003, 261,999
PenColor 009900
Stairs 269,992, 272,995, 332,929

;стрелки
PenColor FF0000
Arrow 287,1065, 270,1091
Arrow 156,1074, 133,1074
Arrow 161,1078, 161,1100
PenColor 009900
Arrow 270,916, 287,941
Arrow 133,1038, 154,1038
Arrow 133,1002, 154,1002

;инфосос
PenColor 34349C
BrushColor 34349C
Polygon 258,1007, 258,1003, 259,1003, 259,1007
PenColor FF0000
BrushColor FF0000
Polygon 258,1011, 258,1007, 259,1007, 259,1011


; переход

Opaque 80
PenColor FFFFFF
BrushColor FFFFFF
Polygon 760,932, 775,932, 775,964, 760,964
Polygon 788,932, 802,932, 802,964, 788,964
Polygon 816,932, 831,932, 831,964, 816,964
Polygon 624,545, 651,526, 661,542, 635,560
Polygon 641,568, 668,549, 679,565, 651,584
Polygon 689,639, 717,620, 729,636, 702,655
Polygon 706,663, 733,644, 745,660, 718,679
Opaque 100

PenColor 000000

Line 737,814, 731,818, 760,859, 760,983
Line 775,983, 775,898, 788,898, 788,983
Line 802,983, 802,898, 816,898, 816,983
Line 831,983, 831,857, 780,784, 774,788

Line 663,517, 611,553, 608,549, 570,576, 672,722, 666,726, 698,772, 704,768
Line 741,741, 749,736, 717,691, 711,695, 706,688, 757,652
Line 745,635, 694,671, 689,664, 741,628
Line 729,611, 677,647, 639,593, 691,557
Line 679,541, 628,576, 623,569, 674,533
Stairs 641,556, 630,540, 672,534
Stairs 658,580, 647,564, 689,558
Stairs 708,651, 696,634, 739,629
Stairs 724,675, 712,658, 756,653
Stairs 760,943, 775,943, 760,981
Stairs 788,943, 802,943, 788,981
Stairs 816,943, 831,943, 816,981

; эскалатор 4 верт
PenColor 7F7F7F
Stairs 741,814, 773,792, 704,760
PenColor 000000
BrushColor 9B5509
Polygon 742,821, 698,759, 701,757, 745,819
Polygon 750,816, 706,754, 710,751, 754,813
Polygon 759,810, 715,747, 719,744, 763,807
Polygon 768,803, 724,741, 728,738, 772,800
Polygon 777,797, 733,735, 736,733, 780,795

; ограждения
Line 796,859, 761,809, 0.5
Line 717,745, 656,658, 0.5

; стрелки
Arrow 824,918, 824,902
Arrow 767,902, 767,918
Arrow 690,686, 703,677
Arrow 674,663, 687,654
Arrow 637,583, 624,592
Arrow 620,559, 607,568

; Названия улиц голубым
PenColor 00AFAF
BrushColor -1
AngleTextOut 0, Arial, 15, 372, 1195, Селезневская улица
AngleTextOut -100, Arial, 15, 243, 435, Новослободская улица
PenColor 000000

; Выходы
Angle -20
PenColor FFD900
BrushColor 615F56
SpotRect 248, 1144, 30, 30, ShowMessage Выход №1
SpotRect 72, 365, 30, 30
SpotRect 50, 248, 30, 30
SpotRect 209, 10, 30, 30
BrushColor -1
TextOut Arial, 25, 256, 1145, 1
TextOut Arial, 25, 80, 366, 2
TextOut Arial, 25, 58, 249, 3
TextOut Arial, 25, 217, 11, 4
