Size 1230x720
Angle -30

; Новоясеневская

;Пути
BrushColor FC9C54
Polygon 242,499, 242,469, 692,469, 692,499
Polygon 692,389, 692,359, 242,359, 242,389

BrushColor -1
PenColor F7782E
AngleTextOut 0, Arial, 25, 364, 400, Новоясеневская, 1
AngleTextOut 0, Arial, 20, 246, 337, << Ясенево
AngleTextOut 0, Arial, 20, 564, 499, посадки нет >>

; левый вестибюль
PenColor 000000
Line 18,285, 94,285, 94,367, 192,367, 192,399, 242,399, 242,389
Line 142,497, 94,510, 94,490, 192,490, 192,459, 242,459, 242,469
Line 148,515, 92,530, 69,530, 69,309, 18,309
Stairs 196,399, 196,459, 240,399
Stairs 97,509, 103,527, 142,497
Stairs 21,285, 21,309, 59,285
Stairs 69,313, 94,313, 69,334
BrushColor D0D0D0
Polygon 104,400, 95,400, 95,457, 104,457

; кассы
BrushColor -1
Line 192,461, 201,461, 201,488, 192,488
AngleTextOut 90, Arial, 10, 190, 487, кассы

; турникеты
Polygon 143,414, 139,418, 135,414, 139,410
PenColor 009900
Stairs 146,417, 142,421, 190,459
PenColor FF0000
Stairs 141,371, 136,371, 142,408

; стрелки
PenColor FF0000
Arrow 112,383, 100,383
PenColor 009900
Arrow 100,473, 112,473

;инфососы
PenColor 34349C
BrushColor 34349C
Polygon 452,431, 452,441, 451,441, 451,431
Polygon 108,411, 108,406, 106,406, 106,411
PenColor FF0000
BrushColor FF0000
Polygon 452,436, 452,431, 451,431, 451,436
Polygon 108,416, 108,411, 106,411, 106,416

; Битцевский парк

; пути
PenColor 000000
BrushColor 8CBCFC
Polygon 1197,278, 1197,308, 748,308, 748,278
Polygon 1197,168, 1197,198, 748,198, 748,168

PenColor 2D69FC
BrushColor -1
AngleTextOut 0, Arial, 25, 889, 128, Битцевский парк
AngleTextOut 0, Arial, 20, 748, 144, << посадки нет
AngleTextOut 0, Arial, 20, 1122, 308, Лесопарковая >>

PenColor 000000
Line 1197,198, 1197,278
Line 1044,225, 1169,225
Line 780,263, 748,263, 748,278

; общий вестибюль
Opaque 85
PenColor FFFFFF
BrushColor FFFFFF
Polygon 1094,309, 1094,277, 1118,277, 1119,309
Polygon 754,262, 780,262, 780,309, 754,309
PenColor DFDFDF
BrushColor FEFBF1
;Ellipse 864,423, 1082,268
Opaque 100

PenColor 000000
BrushColor D0D0D0
Polygon 830,400, 821,400, 821,458, 830,458
Polygon 780,258, 780,263, 830,263, 830,258

PenColor 000000
Line 922,311, 830,311, 830,348, 820,348
Line 820,362, 830,362, 830,371, 821,371, 821,367, 780,367, 780,263
Line 748,198, 748,212, 830,212, 830,217, 754,217, 754,367, 743,367, 743,399, 692,399, 692,389
Line 1169,249, 1119,249, 1119,334, 1038,334
Line 908,334, 854,334, 854,490, 830,490, 830,486, 821,486, 821,490, 743,490, 743,459, 692,459, 692,469
Line 1023,311, 1094,311, 1094,249, 1044,249
Line 743,452, 692,452, 0.5

Stairs 1167,249, 1167,225, 1121,249
Stairs 1046,249, 1046,225, 1092,249
Stairs 740,399, 740,452, 694,399
Stairs 828,258, 828,217, 782,258

Stairs 1040,311, 1040,334, 1062,311
Stairs 906,311, 906,334, 884,311
Stairs 830,336, 854,336, 830,346

;павильон

Opaque 85
PenColor DFDFDF
BrushColor FEFBF1
Ellipse 832,355, 1116,154

PenColor D0D0D0
BrushColor D0D0D0
Polygon 875,181, 984,181, 984,153, 956,154, 928,158, 901,167
Polygon 1014,181, 1014,157, 1039,164, 1064,176, 1087,194, 1100,209, 1110,228, 1114,249, 1113,271, 1105,291, 1092,310, 1073,327, 1049,340, 1012,351, 970,355, 934,351, 897,340, 875,327, 856,310, 844,295, 835,273, 832,247, 840,221, 904,221, 904,337, 1042,337, 1042,220, 1050,220, 1050,193, 1042,193, 1042,181

PenColor 000000
Spline 875,181, 901,167, 928,158, 956,154, 984,153
Spline 840,221, 832,247, 835,274, 844,295, 856,310, 875,327, 897,340, 934,351, 970,355, 1012,351, 1049,340, 1073,327, 1092,310, 1105,291, 1113,271, 1114,249, 1110,228, 1100,209, 1087,194, 1064,176, 1039,164, 1014,157

PenColor 000000
Line 840,221, 904,221, 904,337, 1042,337, 1042,181, 1014,181, 1014,157
Line 984,153, 984,181, 875,181
Line 1014,334, 1038,334, 1038,311, 1014,311
Line 932,334, 908,334, 908,311, 932,311
Stairs 1016,334, 1016,311, 1037,334
Stairs 930,334, 930,311, 909,334

; кассы
BrushColor -1
Line 1042,193, 1050,193, 1050,220, 1042,220
AngleTextOut 90, Arial, 10, 1039, 219, кассы

; турникеты

PenColor 009900
Stairs 982,237, 982,244, 1040,237
PenColor FF0000
Stairs 952,237, 952,244, 906,237

; стрелки
PenColor FF0000
Arrow 910,202, 887,202
PenColor 009900
Arrow 1000,174, 1000,197

PenColor 000000
AngleTextOut 0, Arial, 8, 992, 159, вход
AngleTextOut 90, Arial, 8, 869, 214, выход

BrushColor 000000
Opaque 100

;лифты
PenColor 000000
BrushColor D0EFFF
Polygon 957,229, 977,229, 977,250, 957,250
BrushColor -1
AngleTextOut 45, Arial, 8, 957, 242, лифт


PenColor 000000
Stairs 825,351, 829,351, 825,360
BrushColor D0EFFF
Polygon 806,348, 820,348, 820,362, 806,362
BrushColor -1
AngleTextOut 45, Arial, 6, 805, 357, лифт

;названия улиц синим
PenColor 00AFAF
BrushColor -1
AngleTextOut 15, Arial, 20, -74, 380, Новоясеневский
AngleTextOut 15, Arial, 20, -51, 397, проспект
AngleTextOut -20, Arial, 20, 909, 378, Новоясеневский проспект
AngleTextOut 15, Arial, 20, 130, 629, Ясеневское кладбище
AngleTextOut 0, Arial, 20, 820, 0, Битцевский лесопарк
BrushColor FFFFFF
