Size 640x960
Angle 62

;Пути
BrushColor FC9C54
Polygon 97,554, 97,524, 547,524, 547,554
Polygon 547,444, 547,414, 97,414, 97,444

BrushColor -1
PenColor F7782E
AngleTextOut 0, Arial, 25, 214, 462, Новые Черёмушки, 1
AngleTextOut 0, Arial, 20, 100, 390, << Калужская
AngleTextOut 0, Arial, 20, 397, 552, Профсоюзная >>

; левый вестибюль
PenColor 000000
Line 6,397, -31,397, -31,455, -27,455, -27,439, 45,439, 45,458, 97,458, 97,444
Line 6,576, -31,576, -31,514, -27,514, -27,529, 45,529, 45,510, 97,510, 97,524
Line 6,375, -96,375
Line 6,598, -96,598
Line -96,576, -59,576, -59,397, -96,397
Stairs 48,458, 48,510, 94,458
Stairs -28,375, -28,397, 5,375
Stairs -94,375, -94,397, -60,375
Stairs -28,576, -28,598, 5,576
Stairs -95,576, -95,598, -62,576

BrushColor D0D0D0
Polygon -27,482, -31,482, -31,487, -27,487

; кассы
BrushColor -1
Line -7,529, -7,540, 21,540, 21,529
AngleTextOut 0, Arial, 10, -5, 528, кассы

; турникеты
Polygon 41,513, 36,510, 39,505, 44,508
Line -25,487, 6,487, 0.5
PenColor 009900
Stairs 32,507, 35,502, 3,489

; правый вестибюль
PenColor 000000
Line 636,397, 672,397, 672,455, 598,455, 598,458, 547,458, 547,444
Line 736,397, 700,397, 700,575, 735,575
Line 636,575, 672,575, 672,513, 598,513, 598,510, 547,510, 547,524
Line 735,597, 636,597
Line 636,375, 736,375
BrushColor D0D0D0
Polygon 672,482, 668,482, 668,486, 672,486
Stairs 734,375, 734,397, 700,375
Stairs 701,575, 701,597, 735,575
Stairs 638,375, 638,397, 673,375
Stairs 638,597, 638,575, 672,597
Stairs 595,458, 595,510, 549,458

; турникеты
BrushColor -1
Polygon 629,463, 623,463, 623,457, 629,457
PenColor 009900
Stairs 623,468, 629,468, 623,485
PenColor FF0000
Stairs 623,488, 629,488, 623,509

; кассы
PenColor 000000
BrushColor -1
Line 633,455, 633,444, 660,444, 660,455
AngleTextOut 0, Arial, 10, 634, 443, кассы


;стрелки
PenColor FF0000
Arrow 641,499, 652,499
Arrow -16,469, -31,469
PenColor 009900
Arrow 652,472, 641,472
Arrow -31,501, -17,501


;инфососы
PenColor 34349C
BrushColor 34349C
Polygon 523,461, 528,461, 528,459, 523,459
Polygon 307,496, 307,486, 305,486, 305,496
Polygon 121,459, 126,459, 126,461, 121,461
PenColor FF0000
BrushColor FF0000
Polygon 518,461, 523,461, 523,459, 518,459
Polygon 307,491, 307,496, 305,496, 305,491
Polygon 116,459, 121,459, 121,461, 116,461

;названия улиц синим
PenColor 00AFAF
BrushColor -1
AngleTextOut 0, Arial, 15, 723, 471, Профсоюзная улица
AngleTextOut 0, Arial, 15, -214, 471, Профсоюзная улица
AngleTextOut -90, Arial, 15, 447, 148, улица Гарибальди
AngleTextOut -90, Arial, 15, 447, 629, улица Гарибальди
