Size 1080x1120
Angle -20

;Здания беж
PenColor FEFBF1
BrushColor FEFBF1
Polygon 631,783, 646,824, 645,886, 659,924, 700,973, 712,1007, 912,934, 831,714
Polygon 673,-44, 849,-109, 918,81, 742,145

PenColor DDDDDD
Line 676,-36, 673,-44, 849,-109, 918,81, 879,95
Line 850,106, 742,145, 687,-6
Line 839,736, 867,812
Line 639,805, 633,789
Line 832,717, 838,733
Line 868,815, 886,862


; КРЛ

; пути

PenColor 000000
BrushColor FC9C54
Polygon 485,535, 510,552, 768,184, 743,166
Polygon 395,472, 419,489, 678,121, 653,103

PenColor F7782E
BrushColor -1
AngleTextOut 55, Arial, 20, 674, 317, Третьяковская >>
AngleTextOut 55, Arial, 20, 378, 454, << Шаболовская
AngleTextOut 55, Arial, 25, 535, 382, Октябрьская, 1

; КЛ

; пути

PenColor 000000
BrushColor 9B5509
Polygon 115,896, 115,926, 565,926, 565,896
Polygon 390,787, 565,787, 565,817, 390,817
Polygon 115,787, 301,787, 301,817, 115,817

Polygon 354,787, 375,787, 375,817, 354,817
Polygon 315,787, 338,787, 338,817, 315,817

PenColor 543C04
BrushColor -1
AngleTextOut 0, Arial, 20, 117, 762, << Парк Культуры
AngleTextOut 0, Arial, 20, 419, 926, Добрынинская >>
AngleTextOut 0, Arial, 25, 241, 845, Октябрьская, 1


; северный вестибюль

PenColor D0D0D0
BrushColor D0D0D0
Polygon 725,97, 687,-6, 705,-13, 721,-1, 720,19, 724,36, 731,54, 743,70
Polygon 742,145, 737,131, 767,87, 785,93, 805,94, 822,92, 838,85, 847,98, 850,106
Polygon 879,95, 875,84, 863,67, 873,52, 880,35, 882,17, 882,2, 876,-19, 867,-35, 853,-50, 836,-61, 821,-66, 804,-69, 787,-67, 771,-62, 755,-54, 742,-43, 733,-31, 709,-48, 700,-45, 697,-53, 849,-109, 918,81
Polygon 673,-44, 681,-47, 684,-39, 676,-36
PenColor 000000
Line 676,-36, 673,-44, 681,-47
Line 697,-53, 849,-109, 918,81, 879,95
Line 850,106, 742,145, 737,131
Line 725,97, 687,-6

PenColor 000000
Line 743,166, 732,159, 695,212, 688,207, 729,148, 726,146
Line 702,129, 698,126, 657,185, 649,180, 687,127, 678,121
Line 686,-9, 687,-6, 705,-13, 721,-1
Line 677,-33, 676,-36, 684,-39, 681,-47, 697,-53, 700,-45, 709,-48, 733,-31
Line 863,67, 875,84, 879,95, 876,96
Line 838,85, 847,98, 850,106, 853,105
Spline 733,-31, 771,-62, 821,-66, 867,-35, 882,17, 863,67
Spline 721,-1, 724,36, 743,70
Spline 767,87, 805,94, 838,85

; эскалатор 3 верт
PenColor 7F7F7F
Stairs 700,137, 719,150, 761,50
PenColor 000000
BrushColor 9B5509
Polygon 695,140, 761,45, 764,47, 697,142
Polygon 702,145, 768,50, 771,52, 705,147
Polygon 709,150, 775,55, 778,57, 712,152
Polygon 716,155, 782,60, 785,62, 718,157

; кассы
BrushColor -1
BrushColor FFFFFF
Polygon 862,-41, 855,-31, 822,-54, 829,-64, 840,-58, 852,-50
BrushColor -1
AngleTextOut -35, Arial, 10, 836, -61, кассы

; турникеты
BrushColor -1
Polygon 789,-13, 793,-9, 789,-5, 785,-9
Line 812,19, 777,55, 0.5
PenColor 009900
Stairs 758,41, 762,43, 783,-6
PenColor FF0000
Stairs 793,-2, 796,-5, 813,19

; стрелки
PenColor FF0000
Arrow 845,68, 856,84
Arrow 700,174, 712,157
PenColor 009900
Arrow 701,-31, 730,-11
Arrow 696,145, 683,163


; правый вестибюль

PenColor D0D0D0
BrushColor D0D0D0
Polygon 887,865, 912,934, 712,1007, 700,973, 659,924, 645,886, 645,870, 655,870, 655,886, 667,919, 709,969, 759,926, 773,921, 778,935, 789,931, 793,942, 870,914, 866,903, 875,900, 865,873
Polygon 646,841, 646,824, 640,808, 670,797, 673,805, 651,813, 655,824, 655,841
Polygon 839,736, 699,787, 702,795, 710,792, 730,847, 744,842, 738,825, 750,821, 745,808, 816,782, 821,795, 834,790, 845,820, 867,812
Polygon 632,786, 831,714, 830,711, 631,783

PenColor 000000
Line 632,786, 631,783, 830,711, 831,714
Line 839,736, 867,812
Line 887,865, 912,934, 712,1007, 700,973, 659,924, 645,886, 645,870
Line 646,841, 646,824, 640,808

PenColor 000000
Line 565,896, 565,887, 490,887, 490,877, 545,877, 545,870
Line 545,841, 545,835, 490,835, 490,825, 565,825, 565,817
Line 655,841, 655,824, 651,813, 673,805, 670,797, 640,808, 639,805
Line 633,789, 632,786, 831,714, 832,717
Line 838,733, 839,736, 699,787, 702,795, 710,792, 730,847, 744,842, 738,825, 834,790, 845,820, 867,812, 868,815
Line 886,862, 887,865, 865,873, 875,900, 778,935, 773,921, 759,926, 709,969, 667,919, 655,886, 655,870


BrushColor FFFFFF
Polygon 750,821, 745,808, 816,782, 821,795
BrushColor -1
AngleTextOut 20, Arial, 10, 763, 803, полиция


; эскалатор 3 гор
PenColor 7F7F7F
Stairs 652,867, 652,844, 526,867
PenColor 000000
BrushColor 9B5509
Polygon 659,844, 521,844, 521,841, 659,841
Polygon 659,849, 659,853, 521,853, 521,849
Polygon 659,858, 659,862, 521,862, 521,858
Polygon 659,867, 521,867, 521,870, 659,870

; кассы
BrushColor -1
BrushColor FFFFFF
Polygon 789,931, 793,942, 870,914, 866,903
BrushColor -1
AngleTextOut 20, Arial, 10, 815, 921, кассы

; турникеты
PenColor 000000
BrushColor FFFFFF
Polygon 780,923, 785,921, 787,926, 782,928
Line 659,860, 714,860, 730,847, 0.5
Line 744,842, 749,840, 0.5
PenColor 009900
Stairs 750,842, 755,840, 778,918
PenColor FF0000
Stairs 675,796, 677,801, 696,789

; стрелки
PenColor FF0000
Arrow 495,848, 517,848
Arrow 698,830, 689,805
Arrow 654,790, 632,798
Arrow 773,747, 795,739
PenColor 009900
Arrow 517,862, 495,862
Arrow 878,839, 856,847


; левый торец
PenColor 000000
Line 115,817, 115,826, 178,826, 178,836, 164,836, 164,874, 178,874, 178,887, 115,887, 115,896


; переход
PenColor 000000
Line 485,535, 476,529, 537,442, 530,437, 469,524, 468,523
Line 436,502, 435,501, 496,414, 489,409, 429,496, 419,489
Stairs 301,833, 315,833, 301,820
Stairs 338,833, 354,833, 338,820
Stairs 375,833, 390,833, 375,820
Line 390,840, 390,744, 359,706, 359,687, 405,622, 402,620
Line 367,596, 364,594, 304,680, 304,697, 301,697, 301,839
Line 338,840, 338,758, 325,711, 325,689, 320,689, 320,711, 315,711, 315,839
Line 375,840, 375,753, 342,711, 342,689, 337,689, 337,711, 354,758, 354,840

; эскалатор 4 верт
PenColor 7F7F7F
Stairs 372,599, 398,617, 456,479
PenColor 000000
BrushColor 9B5509
Polygon 366,602, 456,474, 458,476, 369,604
Polygon 373,607, 462,479, 465,481, 376,609
Polygon 380,612, 469,484, 473,486, 383,614
Polygon 387,617, 477,489, 480,491, 391,619
Polygon 395,622, 484,494, 487,496, 397,624


; стрелки
Arrow 465,474, 475,460
Arrow 492,472, 482,486
Arrow 308,816, 308,796
Arrow 383,796, 383,816


; Названия улиц голубым
PenColor 00AFAF
BrushColor -1
AngleTextOut 20, Arial, 15, 972, 444, Садовое кольцо
AngleTextOut 0, Arial, 15, 200, 509, Садовое кольцо
AngleTextOut 15, Arial, 15, 697, 519, Калужская площадь
AngleTextOut 110, Arial, 15, 649, 73, улица
AngleTextOut 110, Arial, 15, 665, 67, Большая Якиманка
AngleTextOut 110, Arial, 15, 926, 914, Ленинский проспект
AngleTextOut 100, Arial, 15, 934, 1005, << МИСиС

;инфососы
PenColor 34349C
BrushColor 34349C
Polygon 754,-50, 758,-53, 759,-52, 755,-49
Polygon 396,855, 396,850, 398,850, 398,855
Polygon 686,935, 683,931, 684,930, 687,934
Polygon 592,300, 588,297, 589,295, 593,298
PenColor FF0000
BrushColor FF0000
Polygon 750,-47, 754,-50, 755,-49, 751,-46
Polygon 396,860, 396,855, 398,855, 398,860
Polygon 689,939, 686,935, 687,934, 690,938
Polygon 596,303, 592,300, 593,298, 597,301

; Выходы
Angle 20
PenColor FFD900
BrushColor 615F56
SpotRect 768, 852, 30, 30, ShowMessage Выход №1
SpotRect 554, 762, 30, 30
SpotRect 989, 112, 30, 30
BrushColor -1
TextOut Arial, 25, 776, 853, 1
TextOut Arial, 25, 562, 763, 2
TextOut Arial, 25, 997, 113, 3
