Size 650x880
Angle -55

; пути

BrushColor 046434
Polygon 151,381, 601,381, 601,411, 151,411
Polygon 151,491, 601,491, 601,521, 151,521

PenColor 046434
BrushColor -1
AngleTextOut 0, Arial, 20, 153, 356, << Царицыно
AngleTextOut 0, Arial, 20, 441, 521, Домодедовская >>
AngleTextOut 0, Arial, 25, 327, 444, Орехово, 1

;инфосос
PenColor 34349C
BrushColor 34349C
Polygon 375,442, 375,438, 376,438, 376,442
PenColor FF0000
BrushColor FF0000
Polygon 375,446, 375,442, 376,442, 376,446


; левый вестибюль

PenColor 000000
Line 151,411, 151,422, 102,422, 102,392, 3,392, -29,336
Line -44,346, -17,392, -28,392, -28,414, -21,414, -21,486, -28,486, -28,508, -14,508, -14,573
Line 4,573, 4,508, 102,508, 102,482, 151,482, 151,491
Stairs 150,482, 150,422, 104,482
Stairs -43,347, -28,338, -24,380
Stairs -14,533, 4,533, -14,571

BrushColor D0D0D0
Polygon 3,414, 12,414, 12,486, 3,486

; кассы
BrushColor -1
Line 93,392, 93,420, 102,420
AngleTextOut 90, Arial, 10, 91, 417, кассы

; турникеты
BrushColor -1
Line 93,420, 72,420, 0.5
Polygon 41,447, 45,451, 41,455, 37,451
Line 41,498, 41,508, 0.5
PenColor 009900
Stairs 70,419, 73,422, 44,445
PenColor FF0000
Stairs 39,457, 43,457, 39,500

; стрелки
PenColor FF0000
Arrow 69,484, 50,484
PenColor 009900
Arrow 37,418, 50,431

;инфосос
PenColor 34349C
BrushColor 34349C
Polygon 76,474, 72,474, 72,475, 76,475
PenColor FF0000
BrushColor FF0000
Polygon 80,474, 76,474, 76,475, 80,475


; правый вестибюль

;Здания беж
PenColor DFDFDF
BrushColor FEFBF1
Ellipse 629,358, 816,544

PenColor D0D0D0
BrushColor D0D0D0
Polygon 634,420, 684,420, 684,366, 666,377, 653,389, 643,403
Polygon 704,360, 704,420, 744,420, 744,361, 733,359, 723,358, 714,359
Polygon 760,366, 760,477, 811,477, 814,461, 815,447, 811,424, 805,410, 795,394, 786,384, 775,375
Polygon 806,490, 762,490, 762,511, 771,515, 780,522, 787,516, 794,508, 799,501
Polygon 738,503, 738,490, 745,490, 745,505
Polygon 704,504, 704,490, 711,490, 711,502
Polygon 664,522, 676,513, 688,508, 688,490, 638,490, 644,500, 650,509, 657,516

PenColor 000000
Line 601,411, 601,426, 607,426, 607,431
Line 601,491, 601,476, 607,476, 607,471
Line 634,420, 684,420, 684,366
Line 704,360, 704,420, 744,420, 744,361
Line 760,366, 760,477, 811,477
Line 806,490, 762,490, 762,511
Line 745,505, 745,490, 738,490, 738,503
Line 711,502, 711,490, 704,490, 704,504
Line 638,490, 688,490, 688,508
;Spline 629,388, 646,366, 673,348, 713,337, 755,348, 791,381, 805,426, 796,472
Spline 762,511, 771,516, 780,522
Spline 704,504, 725,502, 745,505
Spline 688,508, 676,514, 664,522

;Spline 769,504, 784,490, 795,472
;Spline 800,459, 803,416, 785,376, 749,348
;Spline 733,343, 712,340, 693,342
;Spline 673,348, 642,371, 623,402
;Spline 627,472, 639,491, 653,504
Spline 664,522, 650,509, 638,490, 631,471
Spline 631,430, 648,394, 682,367, 723,358, 770,371, 804,407, 815,447, 806,490, 780,522

; эскалатор 3 гор
PenColor 7F7F7F
Stairs 671,468, 671,434, 601,468
PenColor 000000
BrushColor 9B5509
Polygon 678,434, 596,434, 596,431, 678,431
Polygon 678,442, 678,447, 596,447, 596,442
Polygon 678,455, 678,460, 596,460, 596,455
Polygon 678,468, 596,468, 596,471, 678,471

; кассы
BrushColor FFFFFF
Polygon 760,420, 769,420, 769,447, 760,447
BrushColor -1
AngleTextOut 90, Arial, 10, 758, 446, кассы

; турникеты
BrushColor -1
Line 678,432, 718,432, 0.5
Polygon 722,470, 715,470, 715,477, 722,477
PenColor 009900
Stairs 720,434, 716,434, 720,468
PenColor FF0000
Stairs 710,476, 710,472, 677,476

; стрелки
PenColor FF0000
Arrow 692,457, 692,468
Arrow 696,498, 696,516
PenColor 009900
Arrow 740,440, 725,440
Arrow 753,502, 753,483

;инфосос
PenColor 34349C
BrushColor 34349C
Polygon 756,460, 756,464, 757,464, 757,460
PenColor FF0000
BrushColor FF0000
Polygon 756,456, 756,460, 757,460, 757,456


; Названия улиц голубым
PenColor 00AFAF
BrushColor -1
AngleTextOut 0, Arial, 15, 227, 595, улица Баженова
AngleTextOut -30, Arial, 15, -144, 370, Шипиловский проезд
PenColor 000000
