Size 770x1010

Angle 63

;Пути
BrushColor 9CA4A4
Polygon 120,554, 120,524, 570,524, 570,554
Polygon 570,444, 570,414, 120,414, 120,444

BrushColor -1
PenColor 4C4C4C
AngleTextOut 0, Arial, 25, 298, 454, Отрадное, 1
AngleTextOut 0, Arial, 20, 122, 393, << Владыкино
AngleTextOut 0, Arial, 20, 461, 554, Бибирево >>

; левый вестибюль
PenColor 000000
Line 60,463, 120,463, 120,444
Line 154,565, 118,565, 118,371, 154,371
Line 52,371, 88,371, 88,430, -28,430, -28,538, 88,538, 88,565, 52,565
Line 52,347, 154,347
Stairs 120,589, 120,565, 154,589
Line 60,505, 120,505, 120,524
Line 52,589, 154,589
Stairs 120,371, 120,347, 154,371
Stairs 54,347, 54,371, 88,347
Stairs 54,589, 54,565, 88,589
Stairs 62,463, 62,505, 115,463

BrushColor D0D0D0
Polygon 88,458, 58,458, 58,463, 84,463, 84,505, 58,505, 58,510, 88,510

; кассы
BrushColor -1
Line -28,492, -42,492, -42,461, -28,461
AngleTextOut -90, Arial, 10, -29, 465, кассы

; турникеты
Polygon 51,455, 48,460, 53,463, 56,458
Line 26,504, -27,504, 0.5
PenColor 009900
Stairs 21,499, 26,502, 47,462
PenColor FF0000
Stairs 55,510, 55,505, 26,510


Opaque 85
PenColor FFFFFF
BrushColor FFFFFF
Polygon 89,458, 117,458, 117,510, 89,510
Opaque 100


; правый вестибюль
PenColor 000000
Line 718,225, 718,422, 619,422, 619,454, 570,454, 570,444
Line 718,701, 718,545, 619,545, 619,514, 570,514, 570,524
Line 749,225, 749,347, 854,347
Line 854,371, 749,371, 749,565, 854,565
Line 749,700, 749,589, 854,589
Line 755,700, 755,620
Line 786,620, 786,701
Spline 749,700, 752,702, 755,700
Spline 718,701, 737,728, 768,728, 786,701
Stairs 572,454, 572,514, 618,454
Stairs 820,371, 820,347, 854,371
Stairs 820,589, 820,565, 854,589

BrushColor D0D0D0
Polygon 718,455, 710,455, 710,512, 718,512

; турникеты
BrushColor -1
Line 619,453, 650,453, 0.5
Polygon 680,510, 678,505, 673,507, 675,512
PenColor 009900
Stairs 672,503, 677,501, 652,454
PenColor FF0000
Stairs 680,516, 675,516, 680,542

; кассы
PenColor 000000
BrushColor -1
Line 619,424, 606,424, 606,452, 619,452
AngleTextOut -90, Arial, 10, 619, 427, кассы

;стрелки
PenColor FF0000
Arrow 698,530, 711,530
Arrow 45,519, 45,524, 64,524
PenColor 009900
Arrow 687,459, 675,464
Arrow 16,470, 29,478

;инфососы
PenColor 34349C
BrushColor 34349C
Polygon 632,516, 627,516, 627,514, 632,514
Polygon 349,487, 349,492, 347,492, 347,487
Polygon 63,456, 68,456, 68,454, 63,454
PenColor FF0000
BrushColor FF0000
Polygon 637,516, 632,516, 632,514, 637,514
Polygon 349,482, 349,487, 347,487, 347,482
Polygon 58,456, 63,456, 63,454, 58,454

;названия улиц синим
PenColor 00AFAF
BrushColor -1
AngleTextOut 0, Arial, 15, 790, 466, Северный бульвар
AngleTextOut 0, Arial, 15, -180, 473, улица Хачатуряна
AngleTextOut -90, Arial, 15, 648, 218, улица Декабристов
AngleTextOut -90, Arial, 15, 648, 658, улица Декабристов
AngleTextOut 0, Arial, 15, 428, 65, улица Санникова
