Size 1410x900
Angle -20

;Здания беж
PenColor FEFBF1
BrushColor FEFBF1
Polygon 800,431, 800,568, 688,568, 688,580, 640,580, 640,531, 626,527, 615,517, 611,501, 615,485, 626,476, 640,472, 640,418, 773,418, 773,431

PenColor DDDDDD
Spline 615,485, 611,501, 615,517
Line 688,418, 730,418
Line 640,539, 640,566
Line 800,471, 800,522

; Сокольническая

; пути

PenColor 000000
BrushColor FC310B
Polygon 1011,529, 981,529, 981,80, 1011,80
Polygon 1121,529, 1091,529, 1091,80, 1121,80

PenColor E41C0C
BrushColor -1
AngleTextOut 90, Arial, 20, 953, 399, << Фрунзенская
AngleTextOut 90, Arial, 20, 1121, 361, Кропоткинская >>
AngleTextOut 90, Arial, 25, 910, 357, Парк Культуры, 1

;инфосос
PenColor 34349C
BrushColor 34349C
Polygon 1052,310, 1048,310, 1048,311, 1052,311
PenColor FF0000
BrushColor FF0000
Polygon 1056,310, 1052,310, 1052,311, 1056,311


; верхний вестибюль

;Здания беж
PenColor FEFBF1
BrushColor FEFBF1
;BrushColor -1
Ellipse 1211,4, 1285,78
;Ellipse 1225,17, 1273,66

PenColor DDDDDD
Spline 1218,19, 1213,29, 1211,41, 1213,53, 1218,63
PenColor D0D0D0
BrushColor D0D0D0
Polygon 1230,26, 1267,26, 1257,19, 1252,17, 1247,17, 1242,18, 1237,20
Polygon 1230,56, 1267,56, 1257,63, 1252,65, 1247,65, 1242,64, 1237,62

Opaque 80
PenColor FFFFFF
BrushColor FFFFFF
Polygon 1090,171, 1122,171, 1122,208, 1090,208
Polygon 981,171, 1012,171, 1012,208, 981,208
Polygon 1090,408, 1121,408, 1121,440, 1090,440
Polygon 980,408, 1011,408, 1011,440, 980,440
Opaque 100

PenColor 000000
Line 1211,39, 1211,43
Line 1213,29, 1214,26, 1267,26
Line 1213,53, 1214,56, 1267,56
Spline 1218,63, 1233,75, 1252,78, 1268,72, 1281,58, 1285,41, 1281,24, 1268,10, 1252,4, 1233,7, 1218,19
Line 1218,19, 1138,19, 1138,44, 1092,44, 1092,-15, 1011,-15, 1011,44, 981,44, 981,74, 1138,74
Spline 1230,56, 1242,64, 1255,64, 1267,56
Spline 1267,26, 1255,18, 1242,18, 1230,26
Line 1064,41, 1037,41
Line 1037,76, 1037,80, 1011,80
Line 1064,76, 1064,80, 1091,80
Stairs 1034,37, 1011,37, 1034,15
Stairs 1064,35, 1037,35, 1064,14
Stairs 1092,37, 1067,37, 1092,15
Stairs 1177,63, 1177,19, 1202,63

PenColor EEEEEE
Line 1064,73, 1064,41
Line 1037,73, 1037,41

PenColor 000000
BrushColor D0D0D0
Polygon 1034,41, 1037,41, 1037,12, 1034,12
Polygon 1067,12, 1064,12, 1064,41, 1067,41

; лестница в вестибюле

Line 1264,26, 1264,56
Line 1259,26, 1259,56
Line 1254,26, 1254,56
Line 1249,26, 1249,56
Line 1244,26, 1244,56
Line 1239,26, 1239,56
Line 1234,26, 1234,56

Line 1257,5, 1257,19
Line 1252,4, 1252,17
Line 1247,4, 1247,17
Line 1242,5, 1242,18
Line 1237,6, 1237,20

Line 1257,63, 1257,77
Line 1252,65, 1252,78
Line 1247,65, 1247,78
Line 1242,64, 1242,77
Line 1237,62, 1237,76

; кассы
BrushColor -1
Line 1168,19, 1168,11, 1141,11, 1141,19
AngleTextOut 0, Arial, 10, 1142, 8, кассы

; турникеты
BrushColor -1
Polygon 1132,72, 1137,72, 1137,67, 1132,67
PenColor 009900
Stairs 1136,64, 1133,64, 1136,46
PenColor FF0000
Stairs 1142,80, 1142,77, 1155,80

; стрелки
PenColor FF0000
Arrow 1175,56, 1191,56
Arrow 1230,48, 1218,48
Arrow 1265,67, 1274,57
PenColor 009900
Arrow 1274,25, 1264,15
Arrow 1218,34, 1230,34
Arrow 1203,27, 1186,27
Arrow 1124,58, 1108,58
Arrow 1019,44, 1019,27
Arrow 1081,45, 1081,27
Arrow 1050,1, 1050,21

;инфосос
PenColor 34349C
BrushColor 34349C
Polygon 1078,204, 1074,204, 1074,205, 1078,205
PenColor FF0000
BrushColor FF0000
Polygon 1082,204, 1078,204, 1078,205, 1082,205


; нижний вестибюль

PenColor 000000
Line 884,459, 884,511, 913,511
Line 922,514, 953,532
Line 963,535, 1122,535, 1122,556, 1092,556, 1092,619, 1011,619, 1011,555, 954,555
Line 944,552, 917,537
Line 907,534, 844,534, 815,563
Line 844,459, 855,459, 855,511, 835,511, 804,542
Line 1037,556, 1064,556
Line 1011,529, 1037,529, 1037,533
Line 1064,533, 1064,529, 1091,529
Spline 907,437, 912,436, 917,434
Spline 944,419, 949,417, 954,416
Spline 963,435, 958,436, 953,438
Spline 922,456, 918,458, 913,459
Spline 913,511, 918,512, 922,514
Spline 907,534, 912,535, 917,537
Spline 953,532, 958,534, 963,535
Spline 944,552, 949,554, 954,555
Stairs 1034,580, 1011,580, 1034,558
Stairs 1064,582, 1037,582, 1064,561
Stairs 1092,580, 1067,580, 1092,558

PenColor EEEEEE
Line 1064,536, 1064,556
Line 1037,536, 1037,556

; турникеты
PenColor 000000
Line 884,475, 855,475, 0.5

BrushColor D0D0D0
Polygon 1034,556, 1037,556, 1037,592, 1034,592
Polygon 1067,556, 1064,556, 1064,592, 1067,592

BrushColor -1
Line 1115,535, 1115,556
AngleTextOut 90, Arial, 5, 1115, 555, полиция

; стрелки
PenColor FF0000
Arrow 1023,425, 993,425
PenColor 009900
Arrow 1019,551, 1019,570
Arrow 1081,551, 1081,570
Arrow 1055,596, 1055,574

;инфосос
PenColor 34349C
BrushColor 34349C
Polygon 870,439, 874,439, 874,440, 870,440
PenColor FF0000
BrushColor FF0000
Polygon 866,439, 870,439, 870,440, 866,440


; верхние лестницы

PenColor 000000
Line 1037,130, 1037,171, 981,171, 981,208, 1037,208, 1037,249
Line 1064,249, 1064,208, 1121,208
Line 1121,208, 1121,199, 1158,199, 1158,63, 1218,63
Line 1064,130, 1064,171, 1121,171
Line 1121,171, 1121,180, 1138,180, 1138,74
Stairs 1064,245, 1037,245, 1064,220
Stairs 1037,134, 1064,134, 1037,159

; стрелки
PenColor FF0000
Arrow 1148,100, 1148,87
Arrow 1093,190, 1121,190

; нижние лестницы

PenColor EEEEEE
Line 1064,408, 1064,412, 1037,412, 1037,408
Line 1064,440, 1064,436, 1037,436, 1037,440

PenColor 000000
Line 1064,367, 1064,408, 1121,408, 1121,440, 1064,440, 1064,481
Line 1037,481, 1037,440, 981,440
Line 981,440, 981,435, 963,435
Line 953,438, 922,456
Line 913,459, 884,459
Line 1037,367, 1037,408, 981,408
Line 981,408, 981,416, 954,416
Line 944,419, 917,434
Line 907,437, 844,437
Stairs 1064,477, 1037,477, 1064,452
Stairs 1064,371, 1037,371, 1064,396

; эскалатор 2 гор
PenColor 7F7F7F
Stairs 837,456, 837,440, 760,456
PenColor 000000
BrushColor 9B5509
Polygon 844,440, 754,440, 754,437, 844,437
Polygon 844,446, 844,450, 754,450, 754,446
Polygon 844,456, 754,456, 754,459, 844,459

; стрелки
PenColor FF0000
;Arrow 1004,426, 977,426


; Кольцевая

; пути

PenColor 000000
BrushColor 9B5509
Polygon 500,461, 500,431, 50,431, 50,461
Polygon 500,541, 500,571, 50,571, 50,541

PenColor 543C04
BrushColor -1
AngleTextOut 0, Arial, 20, 54, 409, << Киевская
AngleTextOut 0, Arial, 20, 368, 573, Октябрьская >>
AngleTextOut 0, Arial, 25, 184, 495, Парк Культуры, 1

;инфосос
PenColor 34349C
BrushColor 34349C
Polygon 271,498, 271,494, 272,494, 272,498
PenColor FF0000
BrushColor FF0000
Polygon 271,502, 271,498, 272,498, 272,502


; левый торец

PenColor 000000
Line 50,541, 50,526, 135,526, 135,517, 129,517, 129,482, 135,482, 135,473, 50,473, 50,461

; правый торец

PenColor 000000
Line 500,461, 500,474, 394,474, 394,483, 452,483
Line 500,541, 500,528, 394,528, 394,519, 452,519

; турникеты
Line 451,506, 429,501, 400,501, 0.5

; эскалатор 3 гор
PenColor 7F7F7F
Stairs 659,514, 659,488, 459,514
PenColor 000000
BrushColor 9B5509
Polygon 666,488, 452,488, 452,485, 666,485
Polygon 666,494, 666,498, 452,498, 452,494
Polygon 666,504, 666,508, 452,508, 452,504
Polygon 666,514, 452,514, 452,517, 666,517


; вестибюль

Line 800,563, 815,563
Line 800,542, 804,542
Line 800,492, 800,501
Line 719,418, 714,418
Line 703,418, 698,418
Line 640,566, 640,539
Line 643,539, 643,566
Stairs 785,542, 785,563, 798,542
Stairs 806,540, 822,556, 827,519

BrushColor D0D0D0
Polygon 800,459, 800,471, 744,471, 744,459
Polygon 792,527, 792,522, 800,522, 800,542, 744,542, 744,527
Polygon 800,437, 800,431, 773,431, 773,418, 730,418, 730,429, 744,429, 744,437
Polygon 800,568, 800,563, 682,563, 682,566, 640,566, 640,580, 688,580, 688,568

PenColor D0D0D0
Polygon 666,517, 666,519, 688,519, 688,539, 640,539, 640,531, 626,527, 615,517
Polygon 615,485, 626,476, 640,472, 640,418, 688,418, 688,432, 669,432, 669,466, 688,466, 688,483, 666,483, 666,485

PenColor 000000
Line 640,472, 640,418, 688,418, 688,432, 669,432, 669,466, 688,466, 688,483, 666,483, 666,485, 615,485
Line 615,517, 666,517, 666,519, 688,519, 688,539, 640,539, 640,531
Spline 640,472, 626,476, 615,485
Spline 640,531, 626,527, 615,517

; кассы
BrushColor FFFFFF
Polygon 782,527, 782,536, 752,536, 752,527
BrushColor -1
AngleTextOut 0, Arial, 10, 755, 525, кассы

; турникеты
BrushColor -1
Polygon 743,525, 749,525, 749,519, 743,519
Line 699,450, 688,432, 0.5
PenColor 009900
Stairs 748,515, 744,515, 748,474
PenColor FF0000
Stairs 701,451, 699,448, 729,432

; стрелки
PenColor FF0000
Arrow 710,435, 710,420
Arrow 748,449, 733,449
PenColor 009900
Arrow 747,552, 767,552
Arrow 750,497, 733,497


; Названия улиц голубым
PenColor 00AFAF
BrushColor -1
AngleTextOut 90, Arial, 15, 1036, 795, Комсомольский проспект
AngleTextOut 90, Arial, 15, 1069, -36, улица Остоженка
AngleTextOut 0, Arial, 15, 387, 294, Зубовский бульвар (Садовое кольцо)
AngleTextOut 90, Arial, 15, 891, 745, Крымская площадь
AngleTextOut 0, Arial, 15, 727, 381, ЦПКиО >>
AngleTextOut 0, Arial, 15, 1251, 389, ЦПКиО >>

PenColor 000000
AngleTextOut 0, Arial, 8, 780, 491, вход
AngleTextOut 0, Arial, 8, 1215, 36, вход

AngleTextOut 0, Arial, 8, 1215, 83, вестибюль работает
AngleTextOut 0, Arial, 8, 1220, 93, с 6-30 до 22-30


;Opaque 70
;; "закрыто"
;PenColor FFD0D0
;BrushColor FFD0D0
;Polygon 508,598, 41,598, 40,404, 508,404, 509,417, 972,415, 972,507, 833,507, 803,537, 508,537
;PenColor FF4040

;Opaque 100
;PenColor FFFFFF
;AngleTextOut 0, Arial, 18, 224, 470, Закрыто на, 1
;AngleTextOut 0, Arial, 18, 212, 490, реконструкцию, 1
;AngleTextOut 0, Arial, 18, 218, 510, до 28.12.2011, 1
;PenColor 000000
;BrushColor -1
;AngleTextOut 0, Arial, 18, 226, 472, Закрыто на, 1
;AngleTextOut 0, Arial, 18, 214, 492, реконструкцию, 1
;AngleTextOut 0, Arial, 18, 220, 512, до 20.03.2012, 1
;PenColor FF4040
;AngleTextOut 0, Arial, 18, 225, 471, Закрыто на, 1
;AngleTextOut 0, Arial, 18, 213, 491, реконструкцию, 1
;AngleTextOut 0, Arial, 18, 219, 511, до 20.03.2012, 1
;Dashed 508,598, 41,598, 40,404, 508,404, 509,417, 972,415, 972,507, 833,507, 803,537, 508,537, 508,598

;AngleTextOut 0, Arial, 10, 645, 591, "До 9-30 вестибюль работает только на выход,"
;AngleTextOut 0, Arial, 10, 645, 601, после 9-30 - только на вход

; временные стрелки
PenColor FF0000
;Arrow 767,558, 747,558
;Arrow 653,556, 635,556
;Arrow 1047,574, 1047,596
;Arrow 1022,584, 1022,560
;PenColor 009900
;Arrow 635,547, 653,547

; турникеты
;BrushColor -1
;PenColor 000000
;Polygon 661,547, 661,541, 667,541, 667,547
;Stairs 662,551, 666,551, 662,564

; кассы
;BrushColor FFFFFF
;Polygon 635,569, 607,569, 607,577, 635,577
;BrushColor -1
;AngleTextOut 0, Arial, 10, 609, 566, кассы


; не забыть восстановить красную и зелёную стрелки!

BrushColor 000000

; Выходы
Angle 20
PenColor FFD900
BrushColor 615F56
SpotRect 690, 456, 30, 30, ShowMessage Выход №1
SpotRect 1361, 181, 30, 30
BrushColor -1
TextOut Arial, 25, 698, 457, 1
TextOut Arial, 25, 1369, 182, 2
