Size 1250x830

Angle -20

; пути

BrushColor 34349C
Polygon 268,645, 268,615, 718,615, 718,645
Polygon 268,678, 268,648, 718,648, 718,678

BrushColor FCDC04
Polygon 268,535, 268,505, 718,505, 718,535
Polygon 268,788, 268,758, 718,758, 718,788

PenColor 34349C
BrushColor -1
AngleTextOut 0, Arial, 20, 117, 589, << Славянский бульвар
AngleTextOut 0, Arial, 20, 733, 684, Киевская >>
AngleTextOut 0, Arial, 25, 435, 559, Парк Победы, 1

PenColor 2C7CAC
BrushColor -1
PenColor 000000
AngleTextOut 0, Arial, 20, 275, 789, << тупик
AngleTextOut 0, Arial, 20, 564, 789, Деловой центр >>
AngleTextOut 0, Arial, 25, 426, 712, Парк Победы, 1
PenColor FCDC04
AngleTextOut 0, Arial, 20, 274, 788, << тупик
AngleTextOut 0, Arial, 20, 563, 788, Деловой центр >>
AngleTextOut 0, Arial, 25, 425, 711, Парк Победы, 1

; оборотные стрелки
PenColor 000000
Line 464,766, 430,766
Spline 430,766, 424,770, 424,778, 430,782
Arrow 430,782, 464,782
AngleTextOut 0, Arial, 15, 431, 510, путь не используется
PenColor FFFFFF
Line 463,765, 429,765
Spline 429,765, 423,769, 423,777, 429,781
Arrow 429,781, 463,781
AngleTextOut 0, Arial, 15, 430, 509, путь не используется

; левый вестибюль

PenColor 000000
Line 268,535, 268,545, 333,545, 333,555, 322,555, 322,593, 332,593, 332,603, 268,603, 268,615
Line 268,678, 268,687, 331,687, 331,692, 279,692
Line 268,758, 268,750, 329,750, 329,745, 279,745

; эскалатор 4 гор
PenColor 7F7F7F
Stairs 272,742, 272,695, 120,742
PenColor 000000
BrushColor 9B5509
Polygon 279,695, 115,695, 115,692, 279,692
Polygon 279,703, 279,708, 115,708, 115,703
Polygon 279,716, 279,721, 115,721, 115,716
Polygon 279,729, 279,734, 115,734, 115,729
Polygon 279,742, 115,742, 115,745, 279,745

; эскалатор 4 гор
PenColor 7F7F7F
Stairs 272,393, 272,346, 120,393
PenColor 000000
BrushColor 9B5509
Polygon 279,346, 115,346, 115,343, 279,343
Polygon 279,354, 279,359, 115,359, 115,354
Polygon 279,367, 279,372, 115,372, 115,367
Polygon 279,380, 279,385, 115,385, 115,380
Polygon 279,393, 115,393, 115,396, 279,396

Opaque 85
PenColor FFFFFF
BrushColor FFFFFF
Polygon 150,342, 162,345, 170,351, 177,358, 180,369, 177,380, 170,389, 162,394, 150,397, 281,398, 281,341
Polygon 113,690, 189,690, 189,747, 113,747

Polygon 351,613, 376,613, 376,680, 351,680
Polygon 397,613, 421,613, 421,680, 397,680
Polygon 551,613, 577,613, 577,680, 551,680
Polygon 598,613, 624,613, 624,680, 598,680

Opaque 100

Spline 150,343, 170,351, 179,369, 170,388, 150,396

Dashed 188,725, 176,725, 176,399
Arrow 176,399, 166,399

Line 558,315, 587,335, 765,210, 753,193, 692,237, 553,275, 485,275, 485,271, 469,271, 469,300, 398,300, 398,329, 324,329, 324,423, 25,423, 25,205, 254,205, 254,229
Line 314,229, 314,204, 540,204, 667,169, 790,83, 841,156, 902,113
Line 918,135, 888,156, 927,212, 957,191
Line 975,215, 945,236, 993,305, 1023,284
Line 1036,301, 853,429
Line 840,412, 869,392, 763,241, 585,366, 543,336
Line 295,269, 295,394, 254,394, 227,367
Line 205,389, 239,423
Stairs 854,428, 842,411, 881,409
Stairs 1034,302, 1022,285, 1007,321
Stairs 972,217, 955,193, 945,236
Stairs 901,114, 916,136, 874,133
Stairs 862,383, 986,296, 853,369
Stairs 773,255, 896,169, 783,270
Stairs 544,337, 559,316, 572,356
Stairs 721,216, 681,159, 738,204
Stairs 227,367, 205,389, 254,394
Stairs 254,394, 254,423, 295,394
Stairs 295,394, 324,394, 295,359

BrushColor D0D0D0
Polygon 469,250, 469,219, 485,219, 485,250

; эскалатор 3 гор
PenColor 7F7F7F
Stairs 307,266, 307,232, 260,266
PenColor 000000
BrushColor 9B5509
Polygon 314,232, 254,232, 254,229, 314,229
Polygon 314,240, 314,245, 254,245, 254,240
Polygon 314,253, 314,258, 254,258, 254,253
Polygon 314,266, 254,266, 254,269, 314,269

; кассы
BrushColor -1
Line 442,300, 442,308, 413,308, 413,300
AngleTextOut 0, Arial, 10, 415, 297, кассы

; турникеты
BrushColor -1
Polygon 364,327, 364,321, 370,321, 370,327
Line 368,260, 368,273
PenColor 009900
Stairs 369,317, 365,317, 370,271
PenColor FF0000
Stairs 370,260, 366,260, 370,207

; стрелки
PenColor FF0000
Arrow 319,732, 299,732
Arrow 107,389, 85,389
Arrow 210,249, 239,249
Arrow 362,238, 383,238
Arrow 806,143, 824,169
PenColor 009900
Arrow 299,705, 319,705
Arrow 85,348, 108,348
Arrow 208,359, 192,343
Arrow 314,319, 314,339
Arrow 375,295, 354,295
Arrow 780,198, 762,172


; правый вестибюль

PenColor 000000
Line 718,535, 718,545, 650,545, 650,555, 718,555, 718,595, 650,595, 650,605, 718,605, 718,615
Line 718,678, 718,688, 658,688, 658,698, 678,698, 678,738, 659,738, 659,748, 718,748, 718,758


; лестницы между платформами

Line 351,693, 351,600
Line 376,693, 376,600
Line 397,693, 397,600
Line 421,693, 421,600
Line 551,693, 551,600
Line 577,693, 577,600
Line 598,693, 598,600
Line 624,693, 624,600
Stairs 351,600, 376,600, 351,625
Stairs 397,600, 421,600, 397,625
Stairs 351,693, 376,693, 351,668
Stairs 397,693, 421,693, 397,668
Stairs 551,600, 577,600, 551,625
Stairs 551,693, 577,693, 551,668
Stairs 598,600, 624,600, 598,625
Stairs 598,693, 624,693, 598,668


; Названия улиц голубым
PenColor 00AFAF
BrushColor -1
AngleTextOut -7, Arial, 15, 463, 357, на улицу Барклая
AngleTextOut 35, Arial, 15, 676, 420, Кутузовский проспект
AngleTextOut 35, Arial, 15, 804, 626, << к Поклонной горе
AngleTextOut 35, Arial, 15, 906, 45, Панорама Бородинская битва >>
AngleTextOut 35, Arial, 15, 996, 175, Триумфальная арка >>

PenColor 000000
TextOut Arial, 8, 37, 414, верхний ярус
TextOut Arial, 8, 221, 508, нижний ярус
