Size 730x450

; пути

BrushColor 34349C
Polygon 266,53, 266,23, 716,23, 716,53
Polygon 266,227, 266,197, 716,197, 716,227

BrushColor d0d0d0
Polygon 279,140, 279,110, 716,110, 716,140

PenColor 34349C
BrushColor -1
AngleTextOut 0, Arial, 20, 270, 3, << Семёновская
AngleTextOut 0, Arial, 20, 568, 228, Измайловская >>
AngleTextOut 0, Arial, 25, 436, 79, Партизанская, 1
PenColor 00AFAF

; левый вестибюль

;Здания беж
PenColor DDDDDD
BrushColor FEFBF1
Polygon 24,36, 244,36, 244,213, 24,213

PenColor 000000
Line 266,197, 266,191, 279,191
Line 279,191, 279,140
Line 279,149, 325,149
Line 279,110, 279,59
Line 279,100, 325,100
Line 279,59, 266,59, 266,53
Line 73,36, 73,36, 52,36, 52,70, 33,70, 33,198, 52,198, 52,213, 73,213
Line 73,38, 52,38
Line 73,211, 52,211
Stairs 325,149, 325,177, 308,149
Stairs 325,100, 325,72, 308,100
Stairs 151,184, 151,206, 182,184
Stairs 100,206, 100,184, 131,206
Stairs 124,177, 124,149, 154,177
Stairs 202,177, 202,149, 169,177
Stairs 202,100, 202,72, 169,100
Stairs 155,100, 155,72, 124,100
Stairs 182,65, 182,43, 151,65
Stairs 131,65, 131,43, 100,65

BrushColor BBBBBB
Line 325,72, 279,72
Line 325,177, 279,177
Polygon 237,167, 237,206, 73,206, 73,213, 244,213, 244,167
Polygon 237,152, 237,136, 244,136, 244,152
Polygon 237,114, 237,97, 244,97, 244,114
Polygon 244,82, 237,82, 237,43, 73,43, 73,36, 244,36
Polygon 80,177, 80,169, 73,169, 73,184, 208,184, 208,65, 73,65, 73,80, 80,80, 80,72, 202,72, 202,177
Polygon 202,149, 119,149, 119,100, 202,100
Polygon 73,152, 73,97, 80,97, 80,107, 104,107, 104,142, 80,142, 80,152
Polygon 52,213, 24,213, 24,36, 52,36, 52,70, 33,70, 33,198, 52,198

; кассы
BrushColor FFFFFF
Polygon 33,138, 24,138, 24,111, 33,111
BrushColor -1
;Line 164,442, 154,442, 154,471
AngleTextOut 90, Arial, 10, 22, 137, кассы

; турникеты
BrushColor -1
Line 73,148, 59,148, 0.5
Polygon 65,73, 70,74, 71,69, 66,68
PenColor 009900
Stairs 64,77, 68,78, 58,97
Stairs 57,101, 61,101, 57,146

; стрелки
PenColor FF0000
Arrow 84,161, 64,161, 64,193, 80,193
Line 291,92, 280,92
Arrow 201,92, 179,92
Line 291,168, 280,168
Arrow 201,168, 182,168
Arrow 200,195, 222,195, 222,160, 248,160
Arrow 233,128, 246,128
PenColor 009900
Arrow 59,86, 74,90
Arrow 96,80, 119,80
Arrow 113,138, 113,156, 126,156
Arrow 246,121, 233,121
Arrow 248,86, 222,86, 222,55, 203,55


; правый вестибюль

PenColor 000000
Line 716,53, 716,110
Line 716,140, 716,197


; Названия улиц голубым
PenColor 00AFAF
BrushColor -1
AngleTextOut 0, Arial, 15, 186, 259, Измайловское шоссе
AngleTextOut -90, Arial, 15, 48, 321, Народный проспект
AngleTextOut 0, Arial, 15, 176, 333, Измайловский парк

PenColor 000000
AngleTextOut 0, Arial, 8, 216, 94, вход
AngleTextOut 0, Arial, 8, 212, 150, выход

Opaque 10
; стрелки
PenColor FF0000
Line 280,92, 201,92
Line 280,168, 201,168
