Size 980x1080
Angle 30

; перекресток
PenColor F5F5F5
BrushColor F5F5F5
Polygon 1087,261, 1147,296, 784,499, 187,500, 187,634, 178,649, 789,1002, 769,1036, 158,684, 32,900, -2,880, 147,623, 147,500, -53,500, -18,440, 103,441, 103,230, 143,161, 142,440, 768,440

; переход

PenColor 000000
Line 657,260, 657,352, 413,605, 316,605
Line 316,651, 443,651, 706,374, 706,260
Line 657,242, 706,242
Line 298,605, 298,651
Stairs 709,260, 709,242, 738,260
Stairs 654,260, 654,242, 625,260
Stairs 298,602, 316,602, 298,573
Stairs 298,654, 316,654, 298,687

BrushColor D0D0D0
Polygon 688,260, 688,366, 675,360, 675,260
Polygon 316,620, 422,620, 432,635, 316,635

; стрелки
PenColor 000000
Arrow 551,518, 576,491
Arrow 751,250, 778,250
Arrow 307,727, 307,701
Arrow 581,250, 608,250
Arrow 307,559, 307,532
Arrow 556,475, 530,502

Opaque 80
PenColor FFFFFF
BrushColor FFFFFF
Polygon 656,290, 707,290, 707,241, 656,241
Polygon 345,652, 297,652, 297,604, 345,604
Opaque 100

PenColor 000000
Line 740,242, 706,242, 706,260, 740,260
Line 623,242, 657,242, 657,260, 623,260
Line 316,571, 316,605, 298,605, 298,571
Line 316,689, 316,651, 298,651, 298,689

; южный вестибюль (Павелецкий вокзал)

;Здания беж
BrushColor FEFBF1
PenColor CCCCCC
Polygon 730,1082, 156,751, 96,855, 231,933, 206,976, 645,1229

PenColor 000000
BrushColor -1
AngleTextOut -30, Arial, 15, 475, 1017, Павелецкий вокзал

PenColor 000000
Line 345,862, 336,862, 336,810, 328,810, 328,840, 325,840
Line 265,862, 274,862, 274,810, 282,810, 282,840, 285,840

Line 285,908, 273,901, 234,968, 386,1056
Line 368,943, 362,953, 324,931
Line 393,957, 387,967, 425,989
Line 379,1052, 375,1059, 351,1045, 355,1038

PenColor C0C0C0
Line 285,908, 324,931

; эскалатор 3 верт
PenColor 7F7F7F
Stairs 322,838, 288,838, 322,932
PenColor 000000
BrushColor 9B5509
Polygon 288,831, 288,939, 285,939, 285,831
Polygon 296,831, 301,831, 301,939, 296,939
Polygon 309,831, 314,831, 314,939, 309,939
Polygon 322,831, 322,939, 325,939, 325,831

; кассы
BrushColor -1
AngleTextOut -30, Arial, 10, 357, 1037, кассы

; турникеты
BrushColor -1
Polygon 374,1003, 369,1000, 366,1005, 371,1008
PenColor 009900
Stairs 369,1011, 365,1009, 354,1036
PenColor FF0000
Stairs 390,973, 386,971, 375,999
Stairs 367,953, 369,950, 385,964

; стрелки
PenColor FF0000
Arrow 318,801, 318,821
Arrow 377,982, 390,989
Arrow 374,961, 382,948
PenColor 009900
Arrow 364,1024, 350,1017
Arrow 292,957, 292,945

;инфосос
PenColor 34349C
BrushColor 34349C
Polygon 333,943, 337,943, 337,944, 333,944
PenColor FF0000
BrushColor FF0000
Polygon 329,943, 333,943, 333,944, 329,944

; Замоскворецкая

; пути

PenColor 000000
BrushColor 047C54
Polygon 265,862, 235,862, 235,412, 265,412
Polygon 345,862, 345,412, 375,412, 375,862

PenColor 047C54
BrushColor -1
AngleTextOut -90, Arial, 20, 235, 684, Автозаводская >>
AngleTextOut -90, Arial, 20, 399, 412, << Новокузнецкая
AngleTextOut -90, Arial, 25, 296, 555, Павелецкая, 1

;инфосос
PenColor 34349C
BrushColor 34349C
Polygon 306,627, 302,627, 302,628, 306,628
PenColor FF0000
BrushColor FF0000
Polygon 310,627, 306,627, 306,628, 310,628


; северный вестибюль

PenColor 000000
Line 265,412, 275,412, 275,473, 282,473, 282,439, 285,439
Line 345,412, 335,412, 335,473, 328,473, 328,439, 325,439

; эскалатор 3 верт
PenColor 7F7F7F
Stairs 322,313, 288,313, 322,443
PenColor 000000
BrushColor 9B5509
Polygon 288,306, 288,448, 285,448, 285,306
Polygon 296,306, 301,306, 301,448, 296,448
Polygon 309,306, 314,306, 314,448, 309,448
Polygon 322,306, 322,448, 325,448, 325,306

; стрелки
PenColor FF0000
Arrow 318,481, 318,456
PenColor 009900
Arrow 292,289, 292,303


; Кольцевая

; пути

PenColor 000000
BrushColor 9B5509
Polygon 457,180, 907,180, 907,210, 457,210
Polygon 457,290, 907,290, 907,320, 457,320

PenColor 543C04
BrushColor -1
AngleTextOut 0, Arial, 20, 458, 155, << Добрынинская
AngleTextOut 0, Arial, 20, 795, 320, Таганская >>
AngleTextOut 0, Arial, 25, 619, 213, Павелецкая, 1

;инфосос
PenColor 34349C
BrushColor 34349C
Polygon 681,250, 681,254, 682,254, 682,250
PenColor FF0000
BrushColor FF0000
Polygon 681,246, 681,250, 682,250, 682,246


; левый вестибюль

PenColor 000000
Line 491,230, 491,227, 526,227, 526,220, 457,220, 457,210
Line 457,290, 457,280, 526,280, 526,273, 491,273, 491,270
Line 357,273, 367,273, 367,270
Line 367,230, 367,227, 345,227

; эскалатор 3 гор
PenColor 7F7F7F
Stairs 497,267, 497,233, 362,267
PenColor 000000
BrushColor 9B5509
Polygon 504,233, 357,233, 357,230, 504,230
Polygon 504,241, 504,246, 357,246, 357,241
Polygon 504,254, 504,259, 357,259, 357,254
Polygon 504,267, 357,267, 357,270, 504,270

; кассы
BrushColor -1
;Line 164,442, 154,442, 154,471
;AngleTextOut 90, Arial, 10, 153, 469, кассы

; турникеты
BrushColor -1
;Line 154,442, 144,442

; стрелки
PenColor FF0000
Arrow 527,236, 510,236
PenColor 009900
Arrow 337,263, 352,263


; правый вестибюль

PenColor 000000
Line 907,210, 907,220, 868,220, 868,228, 874,228, 874,271, 868,271, 868,280, 907,280, 907,290


; общий вестибюль

PenColor 000000
Line 226,343, 222,343, 222,269, 210,269, 210,265
Line 210,241, 210,237, 222,237, 222,211, 210,211, 210,207
Line 210,189, 210,185, 263,185, 297,200
Line 249,343, 253,343, 253,306, 285,306
Line 325,306, 335,306, 355,326, 355,343, 359,343
Line 379,343, 383,343, 383,311, 357,285, 357,273
;Line 224,301, 231,301, 231,281, 224,281, 224,301
;Line 224,229, 224,255, 231,255, 231,229, 224,229
Spline 345,227, 335,211, 320,202, 297,200

BrushColor D0D0D0
Polygon 253,283, 253,263, 260,263, 260,283
Polygon 253,215, 253,237, 260,237, 260,215

; кассы
BrushColor -1
Line 222,280, 213,280, 213,306, 222,306
AngleTextOut -90, Arial, 10, 225, 281, кассы

; турникеты
BrushColor -1
Polygon 262,228, 263,234, 269,233, 268,227
PenColor 009900
Stairs 265,239, 269,238, 284,305
PenColor FF0000
Stairs 266,221, 270,222, 273,193
Stairs 338,305, 341,308, 355,288

; стрелки
PenColor FF0000
Arrow 346,293, 357,304
Arrow 264,200, 251,200
PenColor 009900
Arrow 238,346, 238,329
Arrow 207,252, 224,252
Arrow 254,295, 268,295

;инфосос
PenColor 34349C
BrushColor 34349C
Polygon 329,302, 325,302, 325,303, 329,303
PenColor FF0000
BrushColor FF0000
Polygon 333,302, 329,302, 329,303, 333,303


; Названия улиц голубым
PenColor 00AFAF
BrushColor -1
AngleTextOut -90, Arial, 15, 131, 245, Новокузнецкая улица
AngleTextOut -90, Arial, 15, 176, 507, Дубининская улица
AngleTextOut 0, Arial, 15, 641, 450, улица Зацепский вал
AngleTextOut 0, Arial, 15, 641, 465, (Садовое кольцо)
AngleTextOut -30, Arial, 15, 477, 836, Павелецкая площадь



; Выходы
Angle -30
PenColor FFD900
BrushColor 615F56
SpotRect 28, 371, 30, 30, ShowMessage Выход №1
SpotRect 270, 445, 30, 30
SpotRect 665, 992, 30, 30
SpotRect 587, 909, 30, 30
BrushColor -1
TextOut Arial, 25, 36, 372, 1
TextOut Arial, 25, 278, 446, 2
TextOut Arial, 25, 665, 993, 3.1
TextOut Arial, 25, 587, 910, 3.2
