Size 730x730
Angle -30

;Пути
BrushColor 7CBC54
Polygon -52,205, 398,205, 398,235, -52,235
Polygon -52,315, 398,315, 398,345, -52,345

BrushColor -1
PenColor 7CBC54
AngleTextOut 0, Arial, 20, -53, 181, << Кожуховская
AngleTextOut 0, Arial, 20, 293, 345, Волжская >>
AngleTextOut 0, Arial, 25, 119, 270, Печатники, 1
PenColor 000000

;инфосос
PenColor 34349C
BrushColor 34349C
Polygon 173,274, 173,270, 174,270, 174,274
PenColor FF0000
BrushColor FF0000
Polygon 173,278, 173,274, 174,274, 174,278


; правый вестибюль

PenColor 000000
Line 439,302, 439,328, 481,328, 481,393, 487,393
Line 398,315, 398,302, 445,302
Line 398,235, 398,247, 445,247
Line 439,247, 439,227, 481,227, 481,221, 609,221, 609,393, 603,393
Line 512,393, 518,393, 518,362, 524,362, 524,431, 433,431, 433,391, 372,391
Line 372,417, 412,417, 412,456, 478,456, 478,532, 436,532
Line 436,556, 753,556
Line 753,532, 595,532, 595,456, 665,456, 665,416, 707,416
Line 707,395, 643,395, 643,432, 566,432, 566,362, 572,362, 572,393, 578,393
Stairs 400,247, 400,302, 446,247
Stairs 524,365, 566,365, 524,398
Stairs 374,391, 374,417, 411,391
Stairs 438,431, 438,456, 476,431
Stairs 438,532, 438,556, 476,532
Stairs 599,432, 599,456, 637,432
Stairs 705,395, 705,416, 667,395
Stairs 751,532, 751,556, 713,532

BrushColor d0d0d0
Polygon 517,336, 526,336, 526,345, 517,345
Polygon 564,336, 573,336, 573,345, 564,345

; кассы
BrushColor -1
Line 609,236, 618,236, 618,266, 609,266
AngleTextOut 90, Arial, 10, 607, 263, кассы

; турникеты
Line 546,221, 546,241
Polygon 543,297, 549,297, 549,303, 543,303
Line 491,300, 481,300, 481,328
PenColor 009900
Stairs 548,241, 544,241, 548,294
PenColor FF0000
Stairs 539,298, 539,302, 490,298

; левый вестибюль
PenColor 000000
Line -84,246, -52,246
Line -84,303, -52,303
Line -52,235, -52,246
Line -52,315, -52,303
Stairs -82,246, -82,303, -53,246

;инфосос
PenColor 34349C
BrushColor 34349C
Polygon 575,224, 579,224, 579,225, 575,225
PenColor FF0000
BrushColor FF0000
Polygon 571,224, 575,224, 575,225, 571,225


;Улицы голубым
PenColor 00AFAF
BrushColor -1
AngleTextOut 90, Arial, 15, 523, 672, ул. Шоссейная
AngleTextOut 0, Arial, 15, 276, 481, ул. Гурьянова
AngleTextOut 0, Arial, 15, 761, 466, ул. Полбина

; стрелки
PenColor FF0000
Arrow 500,385, 500,408
Arrow 535,415, 535,439
Arrow 517,278, 517,292
PenColor 009900
Arrow 591,402, 591,380
Arrow 556,438, 556,413
Arrow 578,267, 558,267

; закрыто
PenColor FF0000
Line -48,246, -44,303
Line -48,303, -44,246

