Size 400x1110

Angle 90

; пути

BrushColor 34349C
Polygon -37,497, -37,467, 412,467, 412,497
Polygon -37,605, -37,575, 412,575, 412,605

PenColor 34349C
BrushColor -1
AngleTextOut 0, Arial, 20, -29, 444, << Измайловская
AngleTextOut 0, Arial, 20, 278, 608, Щёлковская >>
AngleTextOut 0, Arial, 25, 108, 523, Первомайская, 1

; левый вестибюль

PenColor 000000
Line -37,575, -37,565, -107,565, -107,586, -116,586, -116,592, -154,592, -154,586, -164,586, -164,565, -185,565, -185,696, -258,696
Line -258,675, -206,675, -206,397, -258,397
Line -258,377, -186,377, -186,507, -164,507, -164,493, -107,493, -107,506, -37,506, -37,497
Stairs -255,377, -255,397, -238,377
Stairs -226,377, -226,397, -209,377
Stairs -255,675, -255,696, -238,675
Stairs -226,675, -226,696, -209,675
Stairs -93,506, -93,565, -72,506
Stairs -61,506, -61,565, -40,506

BrushColor D0D0D0
Polygon -186,538, -186,532, -164,532, -164,538

; кассы
BrushColor -1
Line -150,493, -150,484, -123,484, -123,493
AngleTextOut 0, Arial, 10, -149, 482, кассы

; турникеты
BrushColor -1
Line -137,533, -164,533, 0.5
Polygon -133,529, -129,533, -133,537, -137,533
Line -133,565, -162,565, 0.5
PenColor 009900
Stairs -110,506, -107,509, -130,527
PenColor FF0000
Stairs -135,540, -131,540, -135,565

; стрелки
PenColor FF0000
Arrow -165,552, -184,552
PenColor 009900
Arrow -184,520, -165,520


; правый вестибюль

PenColor 000000
Line 412,497, 412,507, 474,507, 474,493, 531,493, 531,507, 553,507, 553,377, 625,377
Line 625,397, 573,397, 573,675, 626,675
Line 626,696, 553,696, 553,565, 531,565, 531,586, 521,586, 521,592, 484,592, 484,586, 474,586, 474,565, 412,565, 412,575
Stairs 416,507, 416,565, 438,507
Stairs 445,507, 445,565, 466,507
Stairs 577,377, 577,397, 594,377
Stairs 604,377, 604,397, 621,377
Stairs 577,675, 577,696, 595,675
Stairs 606,675, 606,696, 623,675

BrushColor D0D0D0
Polygon 531,539, 531,533, 553,533, 553,539

; кассы
BrushColor -1
Line 517,493, 517,484, 490,484, 490,493
AngleTextOut 0, Arial, 10, 491, 482, кассы

; турникеты
BrushColor -1
Line 504,534, 531,534, 0.5
Polygon 500,530, 496,534, 500,538, 504,534
Line 501,566, 531,566, 0.5
PenColor 009900
Stairs 477,507, 474,510, 497,528
PenColor FF0000
Stairs 502,541, 498,541, 503,566

; стрелки
PenColor FF0000
Arrow 534,552, 551,552
PenColor 009900
Arrow 551,520, 534,520


; Названия улиц голубым
PenColor 00AFAF
BrushColor -1
AngleTextOut 0, Arial, 15, 604, 523, 9-я Парковая улица
AngleTextOut 0, Arial, 15, -348, 520, 9-я Парковая улица
AngleTextOut -90, Arial, 15, 714, 607, Измайловский бульвар
AngleTextOut -90, Arial, 15, -266, 599, 'к/т "Первомайский" >>'
AngleTextOut -90, Arial, 15, -301, 569, Первомайская улица


; Выходы
Angle -90
PenColor FFD900
BrushColor 615F56
SpotRect 46, 134, 30, 30, ShowMessage Выход №1
SpotRect 287, 133, 30, 30
SpotRect 285, 980, 30, 30
SpotRect 47, 980, 30, 30
BrushColor -1
TextOut Arial, 25, 54, 135, 1
TextOut Arial, 25, 295, 134, 2
TextOut Arial, 25, 293, 981, 3
TextOut Arial, 25, 55, 981, 4
