Size 855x950

Angle 60

;Пути
BrushColor 9CA4A4
Polygon -4,515, 446,515, 446,545, -4,545
Polygon -4,625, 446,625, 446,655, -4,655

BrushColor -1
PenColor 4C4C4C
AngleTextOut 0, Arial, 25, 97, 552, Петровско-Разумовская, 1
AngleTextOut 0, Arial, 20, -2, 492, << Тимирязевская
AngleTextOut 0, Arial, 20, 332, 655, Владыкино>>

;здание
PenColor DFDFDF
BrushColor FEFBF1
Polygon 727,648, 727,777, 718,786, 570,786, 570,771, 539,740, 539,700, 577,662, 576,548, 589,535, 613,535, 655,493, 711,493, 753,535, 753,622

; эскалатор 4
PenColor 7F7F7F
Stairs 409,560, 409,609, 618,560
PenColor 000000
BrushColor 9B5509
Polygon 404,556, 625,556, 625,560, 404,560
Polygon 404,568, 625,568, 625,573, 404,573
Polygon 404,581, 625,581, 625,586, 404,586
Polygon 404,595, 625,595, 625,600, 404,600
Polygon 404,609, 625,609, 625,613, 404,613


;правый вестибюль
PenColor 000000
Line 446,545, 446,551, 356,551, 356,561, 362,561, 362,556, 404,556
Line 446,625, 446,619, 356,619, 356,608, 362,608, 362,613, 404,613
Line 662,499, 662,493, 655,493, 613,535, 589,535, 579,545, 579,618, 588,627, 588,662, 617,662, 643,688, 643,747, 615,775, 615,786, 718,786, 727,777, 727,745, 722,745
Line 722,697, 727,697, 727,648, 753,622, 753,535, 711,493, 704,493, 704,499

;турникеты
Line 718,584, 627,584, 0.5
Line 625,611, 649,629, 0.5
Line 706,535, 706,499, 0.5
Line 660,499, 660,535, 625,558, 0.5
Line 649,632, 655,632, 655,626, 649,626, 649,632
Line 730,632, 736,632, 736,626, 730,626, 730,632
PenColor 009900
Stairs 659,626, 659,631, 729,626
PenColor FF0000
Stairs 663,536, 663,531, 705,536

;кассы
PenColor 000000
BrushColor -1
Line 643,696, 624,696, 624,739, 643,739
AngleTextOut -90, Arial, 12, 640, 703, кассы

;стрелки
PenColor FF0000
Arrow 629,564, 640,564
Arrow 371,574, 396,574
Arrow 681,556, 681,543
PenColor 009900
Arrow 685,658, 685,645
Arrow 737,722, 718,722
Arrow 640,605, 630,605
Arrow 396,593, 371,593

;левый торец
PenColor 000000
Line -4,545, -4,560, 89,560, 89,610, -4,610, -4,625

;на ж/д
PenColor 040464
BrushColor -1
SpotRect 663, 156, 15, 260, LoadVec PetrRazumRZD.vec
AngleTextOut -90, Arial, 12, 677, 160, 'Схема ж/д cтанции "Петровско-Разумовское"', 5

;названия улиц синим
PenColor 00AFAF
AngleTextOut -90, Arial, 15, 698, 161, '<< к ж/д ст. "Петровско-Разумовское"'
AngleTextOut -25, Arial, 15, 749, 256, Локомотивный проезд
AngleTextOut 30, Arial, 15, 257, 97, Дмитровское шоссе
AngleTextOut -90, Arial, 15, 661, 160, улица Октябрьской Ж.-Д. Линии

;инфососы
PenColor 34349C
BrushColor 34349C
Polygon 721,576, 721,581, 719,581, 719,576
Polygon 214,585, 214,580, 216,580, 216,585
PenColor FF0000
BrushColor FF0000
Polygon 721,571, 721,576, 719,576, 719,571
Polygon 214,590, 214,585, 216,585, 216,590
