Size 522x300
Angle 16

; перекресток
PenColor F5F5F5
BrushColor F5F5F5
;PenColor 000000
Polygon 36,-9, 252,-9, 444,46, 298,46, 298,317, 238,300, 238,46, 20,46



; пути

PenColor 000000
BrushColor 2C7CAC
Polygon 39,112, 39,82, 489,82, 489,112
Polygon 39,222, 39,192, 489,192, 489,222

BrushColor -1
PenColor 2C7CAC
AngleTextOut 0, Arial, 20, 41, 59, <<  унцевска€
AngleTextOut 0, Arial, 25, 192, 247, ѕионерска€, 1
AngleTextOut 0, Arial, 20, 330, 222, ‘илЄвский парк >>

; торцы
PenColor 000000
Line 489,112, 489,192
Line 39,192, 39,112

; нижний €рус
Line 141,168, 86,168, 86,134, 141,134
Line 394,134, 451,134, 451,168, 394,168
Stairs 177,164, 177,138, 143,164
Stairs 362,164, 362,138, 392,164

BrushColor D0D0D0
Polygon 394,134, 394,138, 358,138, 358,134
Polygon 358,168, 358,164, 394,164, 394,168
Polygon 180,168, 180,164, 141,164, 141,168
Polygon 180,134, 180,138, 141,138, 141,134

; верхний €рус

Opaque 80
PenColor FFFFFF
BrushColor FFFFFF
Polygon 229,109, 229,81, 307,81, 307,109, 451,109, 451,195, 307,195, 307,223, 229,223, 229,195, 86,195, 86,109, 0.5

PenColor 000000
Line 206,114, 206,109, 86,109, 86,195, 206,195, 206,188
Line 206,172, 206,130
Line 330,189, 330,195, 451,195, 451,109, 330,109, 330,114
Line 330,130, 330,172
Line 141,134, 149,134, 154,139, 180,139, 185,134, 189,134, 189,168, 141,168
Line 394,134, 346,134, 346,168, 350,168, 355,163, 381,163, 386,168, 394,168
Stairs 129,164, 129,138, 100,164
Stairs 406,163, 406,138, 435,163

BrushColor D0D0D0
Polygon 99,138, 99,134, 141,134, 141,168, 98,168, 98,164, 136,164, 136,138
Polygon 437,168, 437,163, 399,163, 399,138, 437,138, 437,134, 394,134, 394,168

; кассы
BrushColor -1
Line 355,163, 355,154, 381,154, 381,163
AngleTextOut 0, Arial, 10, 356, 152, кассы
Line 154,139, 154,147, 180,147, 180,139
AngleTextOut 0, Arial, 10, 155, 136, кассы

; турникеты
BrushColor -1
Polygon 389,169, 386,172, 389,175, 392,172
Polygon 147,128, 144,131, 147,134, 150,131
PenColor 009900
Stairs 389,179, 393,179, 389,194
Stairs 145,113, 149,113, 145,128
PenColor FF0000
Stairs 389,130, 393,130, 389,112
Stairs 149,172, 145,172, 149,194

; стрелки
PenColor FF0000
Arrow 339,123, 320,123
Arrow 195,180, 215,180
Arrow 115,157, 95,157
Arrow 424,145, 441,145
PenColor 009900
Arrow 214,123, 196,123
Arrow 320,181, 339,181
Arrow 96,145, 115,145
Arrow 441,157, 424,157
BrushColor FFFFFF

Opaque 100

; ”лицы
;Line 238,222, 238,46, 176,46
;Line 298,222, 298,46, 360,46

; Ќазвани€ улиц голубым
PenColor 00AFAF
BrushColor -1
AngleTextOut 0, Arial, 15, 194, 19, ћала€ ‘илЄвска€ улица

PenColor 000000
TextOut Arial, 8, 92, 112, верхний €рус
TextOut Arial, 8, 40, 112, нижний €рус

PenColor 000000
BrushColor FFFFFF
