Size 550x1100

Angle -80

; улица
PenColor F5F5F5
Line 775,1238, -214,664, -214,378, -232,362, -373,362, 40

; пути
PenColor 000000
BrushColor AC24AC
Polygon 126,415, 576,415, 576,445, 126,445
Polygon 126,525, 576,525, 576,555, 126,555

BrushColor -1
PenColor AC24AC
AngleTextOut 0, Arial, 20, 132, 388, << тупик
AngleTextOut 0, Arial, 20, 436, 555, Сходненская >>
AngleTextOut 0, Arial, 25, 291, 478, Планерная, 1

;инфосос
PenColor 34349C
BrushColor 34349C
Polygon 341,478, 341,474, 340,474, 340,478
PenColor FF0000
BrushColor FF0000
Polygon 341,482, 341,478, 340,478, 340,482

;левый вестибюль
PenColor 000000
BrushColor d0d0d0
Polygon -136,521, -136,450, -114,450, -114,435, -151,435, -151,536, -114,536, -114,521
Line 126,445, 126,451, 76,451, 76,454
Line 32,454, 32,451, 6,451, 6,404, -26,392, -26,410, -151,410, -151,389
Line 107,517, 6,517, 6,566, -26,578, -26,560, -151,560, -151,581
Line 126,525, 126,517, 110,517
Stairs 48,481, 48,517, 30,481
Stairs 76,481, 76,517, 58,481

; эскалатор 2 гор
PenColor 7F7F7F
Stairs 78,478, 78,457, 27,478
PenColor 000000
BrushColor 9B5509
Polygon 85,457, 22,457, 22,454, 85,454
Polygon 85,465, 85,470, 22,470, 22,465
Polygon 85,478, 22,478, 22,481, 85,481

; кассы
BrushColor -1
Line -61,560, -61,570, -92,570, -92,560
AngleTextOut 0, Arial, 10, -89, 558, кассы
Line -126,450, -126,521
AngleTextOut 90, Arial, 10, -138, 518, экспресс-касса

; турникеты
BrushColor -1
Line 22,481, -42,462, 0.5
Line 6,517, -41,517, 0.5
Line -42,458, -42,466, 0.5
Polygon -38,516, -44,516, -44,510, -38,510
PenColor 009900
Stairs -44,506, -39,506, -44,465
PenColor FF0000
Stairs -44,458, -39,458, -44,412

;стрелки
PenColor FF0000
Arrow -107,421, -148,421
Arrow 118,470, 98,470
PenColor 009900
Arrow -144,549, -107,549
Arrow 98,499, 118,499

;инфосос
PenColor 34349C
BrushColor 34349C
Polygon -70,523, -74,523, -74,524, -70,524
PenColor FF0000
BrushColor FF0000
Polygon -66,523, -70,523, -70,524, -66,524

;правый вестибюль

PenColor 000000
Line 642,456, 642,453, 655,453, 655,405, 687,392, 687,410, 812,410, 812,389
Line 576,525, 576,517, 655,517, 655,567, 687,578, 687,560, 812,560, 812,581
Line 576,445, 576,453, 591,453, 591,456
Stairs 591,483, 591,517, 609,483
Stairs 620,483, 620,517, 638,483

BrushColor d0d0d0
Polygon 797,450, 770,450, 770,435, 812,435, 812,536, 770,536, 770,521, 797,521

; эскалатор 2 гор
PenColor 7F7F7F
Stairs 638,480, 638,459, 588,480
PenColor 000000
BrushColor 9B5509
Polygon 645,459, 583,459, 583,456, 645,456
Polygon 645,467, 645,472, 583,472, 583,467
Polygon 645,480, 583,480, 583,483, 645,483

; кассы
BrushColor -1
Line 717,560, 717,570, 748,570, 748,560
AngleTextOut 0, Arial, 10, 720, 558, кассы

; турникеты
BrushColor -1
Line 645,483, 698,466, 0.5
Line 655,517, 700,517, 0.5
Polygon 697,516, 703,516, 703,510, 697,510
PenColor 009900
Stairs 703,506, 698,506, 703,465

;стрелки
PenColor FF0000
Arrow 768,421, 821,421
Arrow 553,469, 570,469
PenColor 009900
Arrow 570,503, 552,503
Arrow 814,548, 767,548

;инфосос
PenColor 34349C
BrushColor 34349C
Polygon 736,444, 732,444, 732,445, 736,445
PenColor FF0000
BrushColor FF0000
Polygon 740,444, 736,444, 736,445, 740,445

;названия улиц голубым
PenColor 00AFAF
BrushColor -1
AngleTextOut 90, Arial, 15, -225, 552, Планерная улица
PenColor 000000
