Size 1040x980
Angle -22

; пути

BrushColor E41C0C
Polygon 790,446, 340,446, 340,416, 790,416
Polygon 790,336, 340,336, 340,306, 790,306

BrushColor -1
PenColor E41C0C
AngleTextOut 0, Arial, 20, 645, 446, Черкизовская >>
AngleTextOut 0, Arial, 20, 343, 281, << тупик
AngleTextOut 0, Arial, 25, 453, 363, Бульвар, 1
AngleTextOut 0, Arial, 25, 570, 363, Рокоссовского, 1

;инфосос
PenColor 34349C
BrushColor 34349C
Polygon 562,379, 562,383, 563,383, 563,379
PenColor FF0000
BrushColor FF0000
Polygon 562,375, 562,379, 563,379, 563,375


; левый вестибюль

PenColor 000000
Line 340,336, 340,351, 290,351, 290,317, 205,317, 205,149, 225,149
Line 225,125, 156,125, 156,171, 176,171, 176,317, 164,317, 164,357, 157,357, 157,399, 164,399, 164,434, 174,434, 174,524, 132,524
Line 132,548, 205,548, 205,434, 290,434, 290,402, 340,402, 340,416
Line 132,543, 174,543
Line 205,149, 185,149
Line 185,144, 225,144
Stairs 338,351, 338,402, 292,351
Stairs 223,144, 223,125, 185,144
Stairs 134,543, 134,524, 172,543
Stairs 174,480, 205,480, 174,470
Stairs 176,194, 205,194, 176,185

PenColor 000000
BrushColor D0D0D0
Polygon 214,408, 205,408, 205,346, 214,346

; кассы
BrushColor -1
Line 290,402, 282,402, 282,434
AngleTextOut 90, Arial, 10, 279, 430, кассы

; турникеты
BrushColor -1
Line 282,402, 267,402, 0.5
Polygon 233,372, 237,368, 233,364, 229,368
Line 233,324, 233,317, 0.5
Line 229,368, 214,368, 0.5
PenColor 009900
Stairs 265,403, 268,400, 236,374
PenColor FF0000
Stairs 231,360, 235,360, 231,323

; стрелки
PenColor FF0000
Arrow 256,338, 244,338
PenColor 009900
Arrow 229,408, 238,399

;инфосос
PenColor 34349C
BrushColor 34349C
Polygon 265,355, 269,355, 269,356, 265,356
PenColor FF0000
BrushColor FF0000
Polygon 261,355, 265,355, 265,356, 261,356


; правый вестибюль

PenColor 000000
Line 790,416, 790,400, 798,400, 798,397, 851,397, 851,400, 862,400, 862,434, 946,434, 946,480, 933,480, 875,461
Line 869,479, 931,499, 946,499, 946,702, 941,702, 897,688
Line 888,710, 956,732, 940,782
Line 966,791, 985,732, 985,317, 862,317, 862,351, 851,351, 851,353
Line 800,353, 800,351, 790,351, 790,336
Line 959,788, 972,748
Line 891,706, 931,719
Stairs 894,707, 900,689, 931,719
Stairs 960,785, 941,779, 972,748
Stairs 803,378, 803,397, 849,378
Stairs 872,480, 878,462, 909,492

BrushColor D0D0D0
Polygon 946,406, 938,406, 938,346, 946,346

; эскалатор 2 гор
PenColor 7F7F7F
Stairs 849,375, 849,356, 801,375
PenColor 000000
BrushColor 9B5509
Polygon 854,356, 798,356, 798,353, 854,353
Polygon 854,363, 854,368, 798,368, 798,363
Polygon 854,375, 798,375, 798,378, 854,378

; кассы
BrushColor -1
Line 862,400, 870,400, 870,434
AngleTextOut 90, Arial, 10, 859, 430, кассы

; турникеты
BrushColor -1
Line 870,400, 885,400, 0.5
Polygon 919,370, 915,366, 919,362, 923,366
Line 919,326, 919,317, 0.5
Line 923,366, 938,366, 0.5
PenColor 009900
Stairs 887,401, 884,398, 917,371
PenColor FF0000
Stairs 921,358, 917,358, 921,325

; стрелки
PenColor FF0000
Arrow 895,340, 908,340
PenColor 009900
Arrow 921,409, 911,399

;инфосос
PenColor 34349C
BrushColor 34349C
Polygon 890,350, 894,350, 894,351, 890,351
PenColor FF0000
BrushColor FF0000
Polygon 886,350, 890,350, 890,351, 886,351


; Названия улиц голубым
PenColor 00AFAF
BrushColor -1
AngleTextOut 72, Arial, 15, 988, 803, Открытое шоссе
AngleTextOut 90, Arial, 15, 33, 649, ул. Подбельского
AngleTextOut 0, Arial, 15, 23, 376, Ивантеевская ул.
AngleTextOut -18, Arial, 15, 838, 570, Ивантеевская ул.
