Size 1750x1700
Angle 45

BrushColor C0C0C0
PenColor C0C0C0
Polygon 442,403, 588,403, 588,873, 512,873, 512,863, 512,863, 486,863, 440,863
Polygon 717,949, 866,949, 866,1467, 717,1467

PenColor 000000
Line 440,863, 440,661, 3
Line 588,403, 440,403, 3
Line 440,605, 440,403, 3
Line 868,1145, 868,1468, 3
Line 588,403, 587,873, 512,873, 3
Line 718,948, 866,948, 3
Line 868,949, 868,1031, 3
Line 866,1468, 717,1468, 3
Line 717,949, 717,1468, 3
Line 1356,1388, 951,1387, 3

Railway 24, 30, 7, 595,1722, 595,935
Railway 24, 30, 7, 595,902, 595,-84
Railway 24, 30, 7, 685,904, 684,-174
Railway 24, 30, 7, 686,1814, 686,935
Railway 24, 30, 7, 686,1814, 698,1767, 718,1730, 742,1697, 768,1666, 801,1629, 847,1580, 863,1557, 879,1530, 889,1498, 892,1464, 892,1367, 892,1270, 892,1180
Railway 24, 30, 7, 747,837, 747,-241
Railway 24, 30, 7, 797,837, 797,-283
Railway 24, 30, 7, 847,837, 847,-324
Railway 24, 30, 7, 537,1059, 537,1642
Railway 24, 30, 7, 487,1059, 487,1591
Railway 24, 30, 7, 1104,712, 1107,694, 1106,681, 1101,670, 1088,660, 1074,651, 1057,641, 1036,629, 1015,612, 990,591, 963,563, 938,526, 916,483, 891,427, 861,347, 847,249
Railway 24, 30, 7, 685,898, 688,843, 698,797, 737,743, 747,683
Railway 24, 30, 7, 747,74, 742,22, 726,-19, 713,-47, 699,-80, 687,-118, 684,-160

BrushColor 808080
Polygon 891,1169, 891,1180, 916,1180, 916,1169
Polygon 737,839, 876,839, 876,869, 737,869
Polygon 437,1008, 576,1008, 576,1059, 437,1059
Polygon 1117,470, 1299,470, 1299,439, 1117,439
Stairs 876,964, 907,964, 876,934
Stairs 876,933, 876,903, 847,933
Line 908,963, 908,904, 846,904, 3
Line 875,963, 875,933, 848,933, 3
Line 847,933, 488,933, 3
Line 846,904, 512,904, 3
Line 1133,649, 1349,649, 3
Line 1349,614, 1349,433, 3
Line 1450,403, 1467,386, 1523,386, 3
Line 1347,387, 1347,354, 1370,331, 1523,331, 3
Stairs 535,932, 535,905, 509,932
Line 1350,1088, 1350,974, 3
Line 1349,912, 1349,649, 3
Line 1450,1472, 1450,1163, 1506,1163, 3
Line 1505,1090, 1450,1090, 1450,403, 3
Line 512,903, 512,863, 3
Line 1347,615, 1116,615, 3
Line 1133,649, 1088,618, 3
Line 1063,590, 1006,524, 3
Line 486,933, 486,884, 403,884, 3
Line 403,863, 486,863, 512,863, 3
Stairs 432,864, 432,885, 403,863
Line 438,590, 356,590, 3
Dashed 457,394, 987,394, 3
Dashed 457,364, 987,364, 3
Line 356,590, 356,432, 438,432, 3
Line 436,900, 377,900, 3
Line 326,900, 181,900, 3
Line 180,703, 298,703, 298,346, 176,346, 3
Line 327,900, 327,1172, 278,1172, 3
Line 377,900, 377,1243, 327,1243, 279,1243, 3
Line 949,900, 949,611, 970,583, 3
Line 1057,912, 1057,670, 1133,649, 3
Line 993,550, 1006,524, 3
Line 1057,912, 1348,912, 3
Line 1350,974, 1052,974, 3
Line 1051,974, 1051,1088, 1350,1088, 3
Line 1356,1473, 1356,1189, 3
Spline 1047,1163, 1059,1175, 1083,1192, 1113,1200, 1160,1202, 1197,1202, 3
Spline 1232,1202, 1270,1201, 1299,1199, 1322,1195, 1356,1189, 3
Line 1047,1163, 881,1163, 881,1112, 3
Dashed 759,1472, 759,1548, 795,1586, 933,1624, 1007,1624, 3
Dashed 818,1470, 818,1540, 939,1575, 1007,1576, 3
Arrow 930,1600, 994,1600
Dashed -106,771, -86,791, 3
Dashed -116,781, -96,801, 3
Arrow 782,1493, 782,1529
Arrow 797,1529, 797,1492
Arrow 994,1600, 930,1600
Arrow 386,400, 449,378
Arrow 449,378, 386,400
Line 949,825, 1005,825, 3
Line 1029,825, 1056,825, 3

; Новый вокзал город
Line 918,1057, 918,1019, 869,1019, 2
Line 918,1086, 918,1111, 906,1111, 906,1133, 2
Line 883,1133, 883,1111, 878,1111, 878,1145, 868,1145, 2
Line 889,1133, 889,1111, 2
Line 931,1019, 931,1111, 2
Line 864,1111, 872,1111, 872,1135, 867,1135, 2
Line 867,1135, 867,1111, 2
Stairs 918,1019, 931,1019, 918,1057
Stairs 918,1111, 931,1111, 918,1086
Stairs 865,1032, 865,1111, 874,1032
Stairs 889,1133, 906,1133, 889,1111
PenColor 009900
Stairs 883,1103, 887,1103, 883,1033
PenColor 000000
Line 869,1031, 901,1031, 901,1043, 907,1043, 907,1019
Line 889,1111, 887,1103, 883,1103, 883,1111, 2
Line 878,1111, 878,1082, 2
Line 878,1063, 878,1031, 2
Polygon 869,1031, 901,1031, 901,1043, 907,1043, 907,1020, 869,1020

; Новый вокзал ЦМИС
Line 356,611, 356,661, 2
Line 386,605, 386,630, 2
Line 386,661, 386,650, 2
Line 371,661, 371,650, 2
Stairs 356,611, 386,611, 356,622
Stairs 371,661, 386,661, 371,650
Line 386,605, 427,605, 427,623, 2
Line 386,661, 427,661, 427,650, 2
PenColor 009900
Stairs 413,654, 417,654, 413,617
PenColor 000000
Line 415,654, 415,661
Polygon 386,613, 426,613, 426,605, 386,605
Line 415,618, 415,605
Line 427,661, 440,661, 2
Line 427,623, 430,623, 430,605, 440,605, 2
Line 440,610, 435,610, 435,623, 440,623, 440,610, 2
Stairs 440,661, 440,623, 434,661

Polygon 423,784, 367,784, 367,724, 423,724, 3
Polygon 450,676, 403,676, 403,695, 450,695
Polygon 576,1008, 437,1008, 437,895, 483,895, 483,936, 576,936
Polygon 737,869, 876,869, 876,901, 737,901
Polygon 437,944, 397,944, 397,904, 437,904
Polygon 277,1324, 277,1104, 178,1104, 178,1324
Polygon 911,964, 947,964, 947,904, 911,904
Polygon 969,399, 969,470, 947,470, 917,399
Polygon 1006,399, 1006,483, 992,486, 992,399
Polygon 1059,910, 1059,673, 1347,673, 1347,910
Polygon 1006,483, 957,483, 978,524, 1006,524
Polygon 937,311, 937,357, 1007,357, 1007,328, 1272,328, 1272,311
Polygon 1347,613, 1115,613, 1115,545, 1347,545
Polygon -46,711, -26,731, -46,751, -66,731
Polygon 1053,833, 1053,904, 1033,904, 1033,833
Polygon 953,1205, 983,1205, 983,1374, 953,1374
Polygon 1032,1207, 1066,1207, 1066,1375, 1032,1375
Polygon 1141,1219, 1141,1374, 1173,1374, 1173,1219
Polygon 1263,1219, 1263,1372, 1300,1372, 1300,1219

BrushColor -1
PenColor 000000
AngleTextOut -90, Arial, 28, 824, 1113, Платформа №2 \n    (на Тверь), 1
AngleTextOut -90, Arial, 28, 550, 496, Платформа №1\n   (на Москву), 1
AngleTextOut 0, Arial, 20, 587, 906, Надземный переход
AngleTextOut -45, Arial, 20, -29, 673, УСЛОВНЫЕ ОБОЗНАЧЕНИЯ:
AngleTextOut -45, Arial, 18, -16, 741, "- здания, объекты."
AngleTextOut -45, Arial, 18, -46, 771, - зелёные насаждения и пр.
AngleTextOut -45, Arial, 18, -76, 801, '"Неофициальные" переходы'
AngleTextOut -90, Arial, 20, 688, 970, << Тверь, 1
AngleTextOut -90, Arial, 20, 645, 774, Москва >>, 1
AngleTextOut -90, Arial, 20, 891, 1351, Москва >>, 1
AngleTextOut 0, Arial, 30, 1032, 1550, Солнечногорский
AngleTextOut 0, Arial, 30, 1033, 1575, рынок
AngleTextOut -90, Arial, 18, 981, 1032, Ж/д вокзал
AngleTextOut -90, Arial, 18, 959, 1042, (новый), 2
AngleTextOut -45, Arial, 18, -124, 789, WC, 3
AngleTextOut -45, Arial, 18, -94, 819, - туалеты
AngleTextOut -45, Arial, 18, -111, 836, "- нажмите мышью,\nчтобы получить информацию"
AngleTextOut -45, Arial, 20, 1077, 1251, Мини-рынок

PenColor FFFFFF
AngleTextOut 0, Arial, 9, 388, 603, Кассы
AngleTextOut 0, Arial, 11, 872, 1020, Кассы
AngleTextOut 0, Arial, 20, 1183, 567, Автостанция
AngleTextOut 0, Arial, 20, 1176, 586, Солнечногорск
AngleTextOut -90, Arial, 30, 1221, 764, Депо
AngleTextOut -90, Arial, 20, 266, 1125, Магазин хозтоваров
AngleTextOut -90, Arial, 20, 233, 1147, '"Всё для дома"'
AngleTextOut 0, Arial, 18, 405, 914, WC, 3
AngleTextOut 0, Arial, 18, 939, 338, WC, 3
AngleTextOut -90, Arial, 13, 1051, 840, Магазины, 2
AngleTextOut 0, Arial, 9, 404, 681, Закусочная, 2


PenColor 00AFAF
AngleTextOut 0, Arial, 25, 127, 768, ул. Обуховская, 3
AngleTextOut -90, Arial, 25, 340, 441, ул. 1-я Урицкого, 3
AngleTextOut -90, Arial, 25, 1420, 1212, ул. Железнодорожная, 3
AngleTextOut -90, Arial, 25, 1413, 688, ул. Крестьянская, 3
AngleTextOut 0, Arial, 20, 1449, 1105, ул. Советская\n(к кинотеатру >>), 2

BrushColor 84AC94
PenColor 004AC9
Polygon 438,588, 358,588, 358,434, 438,434
Polygon 180,701, 296,701, 296,348, 178,348
Polygon 947,901, 878,901, 878,415, 947,589
Polygon 1054,977, 1347,977, 1347,1085, 1054,1085
Polygon 923,1167, 952,1167, 952,1475, 923,1475
Polygon -76,741, -56,761, -76,781, -96,761

BrushColor 0000FF
SpotCircle 10, 243, 886, ShowMessage Автобусы\n1\n5
SpotCircle 10, 1364, 1069, ShowMessage Автобусы (от автовокзала)\n2\n4 (в т.ч. и маршр. такси)\n5\n11 (маршр. такси)\n22\n29 (в т.ч. и маршр. такси)\n312 (в т.ч. и маршр. такси)\n440
SpotCircle 10, 1437, 1031, ShowMessage Автобусы (к автовокзалу)\n2\n4 (в т.ч. и маршр. такси)\n5\n11 (маршр. такси)\n22\n29 (в т.ч. и маршр. такси)\n312 (в т.ч. и маршр. такси)\n440
SpotCircle 10, 1206, 450, ShowMessage Автобусы\n21\n31
SpotCircle 10, 1000, 471, ShowMessage Автобусы\n24\n25 (в т.ч. и маршр. такси)\n26 (на летний период)
SpotCircle 10, 1131, 557, ShowMessage Автобусы\n22\n29 (в т.ч. и маршр. такси)\n30 (в т.ч. и маршр. такси)\n37
SpotCircle 10, 1362, 514, ShowMessage Автобусы\n2\n4 (в т.ч. и маршр. такси)\n5\n11 (маршр. такси)
SpotCircle 10, 1436, 573, ShowMessage Автобусы\n2\n4 (в т.ч. и маршр. такси)\n5\n11 (маршр. такси)
SpotCircle 10, 1307, 559, ShowMessage Автобусы\n45\n312 (в т.ч. и маршр. такси)\n440 (в т.ч. и маршр. такси)
SpotCircle 10, 998, 411, ShowMessage Автобусы\n27\n34\n497
SpotCircle 10, -140, 825
BrushColor FF0000

BrushColor -1
PenColor FFFFFF
AngleTextOut -45, Arial, 20, 246, 875, A, 1
AngleTextOut -45, Arial, 20, 1208, 439, A, 1
AngleTextOut -45, Arial, 20, 1133, 546, A, 1
AngleTextOut -45, Arial, 20, 1003, 461, A, 1
AngleTextOut -45, Arial, 20, 1364, 503, A, 1
AngleTextOut -45, Arial, 20, 1439, 562, A, 1
AngleTextOut -45, Arial, 20, 1367, 1058, A, 1
AngleTextOut -45, Arial, 20, 1440, 1020, A, 1
AngleTextOut -45, Arial, 20, 1001, 400, A, 1
AngleTextOut -45, Arial, 20, 1310, 548, A, 1
AngleTextOut -45, Arial, 20, -137, 814, A, 1
