Size 560x950
Angle -70

;Пути
BrushColor 9CA4A4
Polygon -197,434, 253,434, 253,464, -197,464
Polygon -197,544, 253,544, 253,574, -197,574

BrushColor -1
PenColor 4C4C4C
AngleTextOut 0, Arial, 25, -11, 475, Полянка, 1
AngleTextOut 0, Arial, 20, -194, 409, << Боровицкая
AngleTextOut 0, Arial, 20, 105, 574, Серпуховская >>

; правый вестибюль
PenColor 000000
Line 676,550, 676,617, 582,617, 582,576, 407,576, 407,540, 361,540, 361,527
Line 647,550, 647,586, 616,586, 616,434, 407,434, 407,470, 361,470, 361,482
Line 253,474, 253,464
Line 253,464, 253,474, 170,474, 170,485, 180,485, 180,482, 229,482
Line 253,544, 253,535, 170,535, 170,524, 178,524, 178,527, 229,527
Stairs 647,552, 676,552, 647,586
Stairs 638,617, 638,586, 620,617
Stairs 556,576, 556,434, 581,576

BrushColor D0D0D0
Polygon 525,536, 515,536, 515,474, 525,474

; кассы
BrushColor -1
Line 515,482, 504,482, 504,528, 515,528
AngleTextOut 90, Arial, 10, 503, 516, кассы

; турникеты
Polygon 467,478, 473,481, 470,487, 464,484
Line 467,475, 514,475, 0.5
Line 408,540, 444,540, 0.5
PenColor 009900
Stairs 468,491, 462,488, 445,541
PenColor FF0000
Stairs 474,436, 468,436, 474,474

; эскалатор
PenColor 7F7F7F
Stairs 234,484, 234,524, 369,484
PenColor 000000
BrushColor 9B5509
Polygon 229,482, 371,482, 371,486, 229,486
Polygon 229,495, 371,495, 371,500, 229,500
Polygon 229,509, 371,509, 371,514, 229,514
Polygon 229,523, 371,523, 371,527, 229,527

; торец
Line -197,464, -197,474, -127,474, -127,482, -136,482, -136,527, -127,527, -127,535, -197,535, -197,544

; стрелки
PenColor FF0000
Arrow 194,493, 214,493
Arrow 379,491, 396,491
Arrow 510,454, 523,454
PenColor 009900
Arrow 214,517, 194,517
Arrow 396,518, 379,518
Arrow 477,535, 465,529

;инфососы
PenColor 34349C
BrushColor 34349C
Polygon 426,475, 431,475, 431,473, 426,473
Polygon 34,505, 34,500, 32,500, 32,505
PenColor FF0000
BrushColor FF0000
Polygon 421,475, 426,475, 426,473, 421,473
Polygon 34,510, 34,505, 32,505, 32,510

;Улицы голубым
PenColor 00AFAF
BrushColor -1
AngleTextOut 0, Arial, 15, 544, 343, улица Большая Полянка
AngleTextOut 90, Arial, 15, 718, 607, 2-й Полянский переулок
AngleTextOut -25, Arial, 15, 503, 807, улица Малая Полянка

; Выходы
Angle 70
PenColor FFD900
BrushColor 615F56
SpotRect 330, 883, 30, 30, ShowMessage Выход №1
BrushColor -1
TextOut Arial, 25, 338, 884, 1
