Size 650x1180

Angle 80

;Пути
BrushColor 9CA4A4
Polygon 209,774, 209,744, 659,744, 659,774
Polygon 659,664, 659,634, 209,634, 209,664

BrushColor -1
PenColor 4C4C4C
AngleTextOut 0, Arial, 25, 366, 674, Пражская, 1
AngleTextOut 0, Arial, 20, 212, 611, << Улица Академика Янгеля
AngleTextOut 0, Arial, 20, 569, 774, Южная >>

; левый вестибюль
PenColor 000000
Line 105,538, 69,538, 69,621, 40,621, 40,642, 139,642, 139,674, 209,674, 209,664
Line 101,791, 40,791, 40,765, 139,765, 139,734, 209,734, 209,744
Line 105,517, 40,517, 40,456
Line 16,456, 16,517, -100,517, -90,507, -90,457
Line -183,553, -135,553, -120,538, 16,538, 16,791, -96,791, -123,764
Line -183,531, -147,531, -114,498, -114,457
Line 101,812, 40,812, 40,849
Line 16,849, 16,812, -88,812, -88,847
Line -139,780, -112,807, -112,847
Stairs 142,703, 142,734, 207,703
Stairs -88,845, -112,845, -88,812
Stairs -121,766, -137,782, -97,790
Stairs 103,517, 103,538, 69,517
Stairs 40,458, 16,458, 40,492
Stairs 16,815, 40,815, 16,849
Stairs 67,812, 67,791, 101,812
Stairs -181,553, -181,531, -147,553
Stairs -114,459, -90,459, -114,493

BrushColor D0D0D0
Polygon 50,675, 42,675, 42,732, 50,732

;эскалаторы
PenColor 7F7F7F
Stairs 144,677, 144,701, 206,677
PenColor 000000
BrushColor 9B5509
Polygon 209,686, 140,686, 140,691, 209,691
Polygon 209,700, 140,700, 140,703, 209,703
Polygon 209,674, 140,674, 140,677, 209,677

; кассы
BrushColor -1
Line 139,736, 147,736, 147,763, 139,763
AngleTextOut -90, Arial, 10, 150, 737, кассы

; турникеты
Line 139,735, 108,735, 0.5
Polygon 80,677, 82,682, 87,680, 85,675
Line 85,675, 50,675, 0.5
PenColor 009900
Stairs 83,686, 88,684, 107,736
PenColor FF0000
Stairs 86,646, 81,646, 86,672


; правый вестибюль
PenColor 000000
Line 791,616, 828,616, 828,642, 729,642, 729,674, 659,674, 659,664
Line 898,539, 861,539, 861,596, 898,596
Line 898,616, 861,616, 861,765, 729,765, 729,734, 659,734, 659,744
Line 898,519, 791,519
Line 791,596, 828,596, 828,539, 791,539
Stairs 864,616, 864,596, 898,616
Stairs 793,596, 793,616, 828,596
Stairs 864,539, 864,519, 898,539
Stairs 825,539, 825,519, 791,539
Stairs 724,704, 724,734, 662,704

BrushColor D0D0D0
Polygon 828,675, 820,675, 820,732, 828,732

;эскалаторы
PenColor 7F7F7F
Stairs 722,677, 722,701, 661,677
PenColor 000000
BrushColor 9B5509
Polygon 660,686, 727,686, 727,692, 660,692
Polygon 660,701, 727,701, 727,704, 660,704
Polygon 659,674, 727,674, 727,677, 659,677

; турникеты
BrushColor -1
Line 729,735, 759,735, 0.5
Polygon 790,677, 788,682, 783,680, 785,675
Line 785,675, 820,675, 0.5
PenColor 009900
Stairs 781,683, 786,685, 758,732
PenColor FF0000
Stairs 790,646, 785,646, 790,673

; кассы
BrushColor -1
PenColor 000000
Line 729,736, 721,736, 721,763, 729,763
AngleTextOut -90, Arial, 10, 732, 737, кассы

;стрелки
PenColor FF0000
Arrow 805,660, 817,660
Arrow 715,682, 727,682
Arrow 65,659, 53,659
Arrow 151,682, 140,682
PenColor 009900
Arrow 738,719, 726,719
Arrow 801,731, 788,726
Arrow 63,739, 73,735
Arrow 130,718, 140,718

;инфососы
PenColor 34349C
BrushColor 34349C
Polygon 613,677, 618,677, 618,675, 613,675
Polygon 419,707, 419,702, 417,702, 417,707
Polygon 247,736, 242,736, 242,734, 247,734
PenColor FF0000
BrushColor FF0000
Polygon 608,677, 613,677, 613,675, 608,675
Polygon 419,712, 419,707, 417,707, 417,712
Polygon 252,736, 247,736, 247,734, 252,734

;названия улиц синим
PenColor 00AFAF
BrushColor -1
AngleTextOut 0, Arial, 15, 595, 558, Кировоградская улица
AngleTextOut 0, Arial, 15, -260, 570, Кировоградская улица
AngleTextOut -90, Arial, 15, -24, 352, улица Красного Маяка
AngleTextOut -90, Arial, 15, -24, 824, улица Красного Маяка

; Выходы
Angle -80
PenColor FFD900
BrushColor 615F56
SpotRect 514, 831, 30, 30, ShowMessage Выход №1
SpotRect 535, 885, 30, 30
SpotRect 481, 1069, 30, 30
SpotRect 434, 1084, 30, 30
SpotRect 144, 813, 30, 30
SpotRect 242, 795, 30, 30
SpotRect 142, 1053, 30, 30
SpotRect 112, 1009, 30, 30
SpotRect 379, 103, 30, 30
SpotRect 457, 31, 30, 30
SpotRect 300, 87, 30, 30
SpotRect 315, 11, 30, 30
BrushColor -1
TextOut Arial, 25, 522, 832, 1
TextOut Arial, 25, 543, 886, 2
TextOut Arial, 25, 489, 1070, 3
TextOut Arial, 25, 442, 1085, 4
TextOut Arial, 25, 152, 814, 5
TextOut Arial, 25, 250, 796, 6
TextOut Arial, 25, 150, 1054, 7
TextOut Arial, 25, 120, 1010, 8
TextOut Arial, 25, 387, 104, 9
TextOut Arial, 25, 459, 32, 10
TextOut Arial, 25, 302, 88, 11
TextOut Arial, 25, 317, 12, 12
