Size 620x950
Angle 62

;Пути
BrushColor FC9C54
Polygon 86,539, 86,509, 536,509, 536,539
Polygon 536,429, 536,399, 86,399, 86,429

BrushColor -1
PenColor F7782E
AngleTextOut 0, Arial, 25, 217, 441, Профсоюзная, 1
AngleTextOut 0, Arial, 20, 89, 374, << Новые Черёмушки
AngleTextOut 0, Arial, 20, 386, 539, Академическая >>

; левый вестибюль
PenColor 000000
Line -4,382, -41,382, -41,440, -37,440, -37,424, 35,424, 35,443, 86,443, 86,429
Line -4,561, -41,561, -41,499, -37,499, -37,514, 35,514, 35,495, 86,495, 86,509
Line -4,360, -105,360
Line -4,583, -105,583
Line -105,561, -69,561, -69,382, -105,382
Stairs 38,443, 38,495, 84,443
Stairs -38,360, -38,382, -5,360
Stairs -103,360, -103,382, -69,360
Stairs -38,561, -38,583, -4,561
Stairs -104,561, -104,583, -71,561

BrushColor D0D0D0
Polygon -36,467, -41,467, -41,472, -36,472

; кассы
BrushColor -1
Line -17,424, -17,413, 11,413, 11,424
AngleTextOut 0, Arial, 10, -15, 412, кассы

; турникеты
Polygon 28,444, 24,440, 28,436, 32,440
Line -36,470, -4,470, 0.5
PenColor 009900
Stairs 25,446, 22,443, -3,472
PenColor FF0000
Stairs -4,474, -8,474, -4,511


; правый вестибюль
PenColor 000000
Line 626,382, 662,382, 662,440, 658,440, 658,424, 588,424, 588,443, 536,443, 536,429
Line 726,382, 690,382, 690,559, 726,559
Line 626,559, 662,559, 662,498, 658,498, 658,514, 588,514, 588,495, 536,495, 536,509
Line 726,581, 626,581
Line 626,360, 726,360
BrushColor D0D0D0
Polygon 662,467, 658,467, 658,472, 662,472
Stairs 724,360, 724,382, 690,360
Stairs 692,559, 692,581, 726,559
Stairs 628,360, 628,382, 662,360
Stairs 628,581, 628,559, 662,581
Stairs 585,443, 585,495, 539,443


; турникеты
BrushColor -1
Polygon 596,498, 590,498, 590,492, 596,492
PenColor 009900
Stairs 591,468, 595,468, 591,489
PenColor FF0000
Stairs 591,444, 595,444, 591,466


; кассы
BrushColor -1
PenColor 000000
Line 610,514, 610,525, 640,525, 640,514
AngleTextOut 0, Arial, 10, 613, 513, кассы


;стрелки
PenColor FF0000
Arrow 601,455, 611,455
Arrow -26,486, -37,486
PenColor 009900
Arrow 611,478, 601,478
Arrow -37,453, -26,453


;инфососы
PenColor 34349C
BrushColor 34349C
Polygon 512,446, 517,446, 517,444, 512,444
Polygon 296,481, 296,471, 294,471, 294,481
Polygon 110,492, 105,492, 105,494, 110,494
PenColor FF0000
BrushColor FF0000
Polygon 507,446, 512,446, 512,444, 507,444
Polygon 296,476, 296,481, 294,481, 294,476
Polygon 115,492, 110,492, 110,494, 115,494

;названия улиц синим
PenColor 00AFAF
BrushColor -1
AngleTextOut 0, Arial, 15, 704, 463, Профсоюзная улица
AngleTextOut 0, Arial, 15, -216, 459, Профсоюзная улица
AngleTextOut -105, Arial, 15, 416, 133, Нахимовский проспект
AngleTextOut -90, Arial, 15, 355, 614, Нахимовский проспект
