Size 1230x1030
Angle -5

; Пролетарская

;Пути
BrushColor AC1CAC
Polygon 278,631, 278,601, 728,601, 728,631
Polygon 278,741, 278,711, 728,711, 728,741

BrushColor -1
PenColor AC24AC
AngleTextOut 0, Arial, 20, 285, 575, << Таганская
AngleTextOut 0, Arial, 20, 490, 741, Волгоградский проспект >>
AngleTextOut 0, Arial, 25, 420, 674, Пролетарская, 1

;инфосос
PenColor 34349C
BrushColor 34349C
Polygon 432,667, 432,663, 433,663, 433,667
PenColor FF0000
BrushColor FF0000
Polygon 432,671, 432,667, 433,667, 433,671

; правый вестибюль
PenColor 000000
Line 1006,549, 975,518, 1043,450, 1073,480
Line 1087,466, 1005,384
Line 728,711, 728,696, 793,696, 793,735, 943,735, 943,552, 962,533, 992,563
Line 991,398, 1021,428, 898,551, 898,607, 793,607, 793,645, 728,645, 728,631
Stairs 991,562, 1005,548, 964,535
Stairs 1072,479, 1086,465, 1045,452
Stairs 992,399, 1006,385, 1019,426
Stairs 898,585, 943,585, 898,603
Stairs 786,696, 786,645, 733,696

BrushColor d0d0d0
Polygon 887,634, 899,634, 899,708, 887,708

; кассы
BrushColor -1
Line 802,607, 802,636, 793,636
AngleTextOut 90, Arial, 10, 791, 633, кассы

; турникеты
Line 802,636, 813,636
Polygon 844,702, 850,702, 850,708, 844,708
Line 850,708, 887,708
PenColor 009900
Stairs 811,637, 815,635, 841,701

;инфосос
PenColor 34349C
BrushColor 34349C
Polygon 803,647, 807,647, 807,648, 803,648
PenColor FF0000
BrushColor FF0000
Polygon 799,647, 803,647, 803,648, 799,648


; левый вестибюль

PenColor 000000
Line 278,631, 278,645, 224,645, 224,607, 74,607, 74,781, 83,804, 42,819
Line 278,711, 278,696, 224,696, 224,735, 117,735, 117,770, 124,789, 169,773
Line 238,922, 113,967
Line 175,790, 131,806, 134,815, 184,903, 190,920, 232,905
Line 48,836, 89,821, 93,833, 100,845, 78,851
Line 81,863, 107,856, 119,876, 87,884
Line 91,898, 126,889, 145,922, 150,935, 107,950
Stairs 230,696, 230,645, 276,696
Stairs 94,847, 97,859, 82,850
Stairs 166,774, 172,791, 130,787
Stairs 103,880, 107,894, 91,883
Stairs 229,906, 235,923, 193,919
Stairs 80,805, 86,822, 45,818
Stairs 151,953, 145,937, 115,966

BrushColor d0d0d0
Polygon 117,633, 131,633, 131,708, 117,708

; кассы
BrushColor -1
Line 214,607, 214,636, 224,636
AngleTextOut 90, Arial, 10, 212, 634, кассы

; турникеты
Line 214,636, 195,636
Polygon 167,702, 161,702, 161,708, 167,708
Line 161,708, 131,708
PenColor 009900
Stairs 197,638, 193,636, 168,700

;инфосос
PenColor 34349C
BrushColor 34349C
Polygon 210,695, 206,695, 206,696, 210,696
PenColor FF0000
BrushColor FF0000
Polygon 214,695, 210,695, 210,696, 214,696


; Крестьянская застава

;Пути
PenColor 000000
BrushColor 7CBC54
Polygon 609,325, 588,304, 906,-14, 927,7
Polygon 686,402, 665,381, 983,63, 1004,84

BrushColor -1
PenColor 5C9F2E
AngleTextOut 45, Arial, 25, 690, 273, Крестьянская застава, 1
AngleTextOut 45, Arial, 20, 571, 285, << Дубровка
AngleTextOut 45, Arial, 20, 936, 152, Римская >>

;инфосос
PenColor 34349C
BrushColor 34349C
Polygon 853,161, 850,164, 851,165, 854,162
PenColor FF0000
BrushColor FF0000
Polygon 856,158, 853,161, 854,162, 857,159


; правый вестибюль

PenColor 000000
Line 927,7, 935,15, 892,58, 900,66, 909,57, 933,81, 924,90, 932,98, 975,55, 983,63

; левый вестибюль / переход
Opaque 80
PenColor FFFFFF
BrushColor FFFFFF
Polygon 538,600, 572,600, 539,632, 506,632
Opaque 100

PenColor 000000
Line 665,381, 661,377, 698,340, 695,337, 684,348
Line 609,325, 613,329, 650,292, 653,295, 642,306
Line 583,365, 552,334, 454,432, 452,430, 450,432, 420,402
Line 405,417, 435,447, 433,449, 435,451, 431,455, 539,563, 600,502, 595,497, 609,483, 632,506, 480,658, 448,658
Line 625,407, 639,421, 639,427, 633,433, 686,486, 514,658, 550,658
Line 448,679, 550,679
Stairs 453,679, 453,658, 474,679
Stairs 525,679, 525,658, 546,679
Stairs 561,611, 544,594, 573,599
Stairs 608,564, 591,547, 601,571
Stairs 573,529, 465,421, 566,536
Stairs 407,419, 422,404, 434,446

BrushColor d0d0d0
Polygon 509,451, 541,483, 538,486, 546,494, 557,483, 549,475, 546,478, 514,446, 517,443, 509,435, 498,446, 506,454

; эскалатор 4
PenColor 7F7F7F
Stairs 590,364, 626,400, 642,312
PenColor 000000
BrushColor 9B5509
Polygon 583,365, 642,306, 645,309, 586,368
Polygon 592,374, 651,315, 655,319, 596,378
Polygon 602,384, 661,325, 665,329, 606,388
Polygon 612,394, 671,335, 675,339, 616,398
Polygon 622,404, 681,345, 684,348, 625,407

; кассы
BrushColor -1
Line 572,354, 565,361, 545,341
AngleTextOut -45, Arial, 10, 555, 334, кассы

; турникеты
Line 565,361, 549,377
Polygon 549,440, 553,436, 557,440, 553,444
Line 595,482, 602,489
PenColor 009900
Stairs 547,377, 551,377, 547,434
PenColor FF0000
Stairs 556,446, 559,443, 594,484

;инфосос
PenColor 34349C
BrushColor 34349C
Polygon 625,440, 628,437, 629,438, 626,441
PenColor FF0000
BrushColor FF0000
Polygon 622,443, 625,440, 626,441, 623,444


;Улицы голубым
PenColor 00AFAF
BrushColor -1
AngleTextOut -10, Arial, 15, 1016, 493, площадь Крестьянской заставы
AngleTextOut 70, Arial, 15, 243, 1046, улица Крутицкий вал
AngleTextOut -45, Arial, 15, 1073, 38, Волгоградский проспект
AngleTextOut 50, Arial, 15, 1099, 702, 1-я Дубровская улица
AngleTextOut 20, Arial, 15, 191, 849, 3-й Крутицкий переулок
AngleTextOut -10, Arial, 15, 303, 282, Воронцовская улица

; стрелки
PenColor FF0000
Arrow 145,721, 108,721
Arrow 870,720, 903,720
Arrow 559,508, 546,521
Arrow 583,461, 571,473
Arrow 639,490, 621,472
Arrow 512,637, 530,619
PenColor 009900
Arrow 115,620, 151,620
Arrow 902,621, 869,621
Arrow 544,399, 559,399
Arrow 639,462, 657,480
Arrow 537,625, 519,643
Arrow 470,443, 485,428

