Size 930x1370

Angle -10

; КРЛ

; пути

BrushColor FC9C54
Polygon 68,360, 98,360, 98,810, 68,810
Polygon 178,360, 208,360, 208,810, 178,810

PenColor F7782E
BrushColor -1
AngleTextOut 90, Arial, 20, 208, 463, Рижская >>
AngleTextOut 90, Arial, 20, 43, 809, << Сухаревская
AngleTextOut 90, Arial, 25, 130, 723, Проспект Мира, 1

;инфосос
PenColor 34349C
BrushColor 34349C
Polygon 132,630, 128,630, 128,631, 132,631
PenColor FF0000
BrushColor FF0000
Polygon 136,630, 132,630, 132,631, 136,631


; КЛ

; пути

PenColor 000000
BrushColor 9B5509
Polygon 270,1125, 270,1095, 720,1095, 720,1125
Polygon 270,1205, 270,1235, 720,1235, 720,1205

PenColor 543C04
BrushColor -1
AngleTextOut 0, Arial, 20, 271, 1070, << Новослободская
AngleTextOut 0, Arial, 20, 561, 1235, Комсомольская >>
AngleTextOut 0, Arial, 25, 417, 1153, Проспект Мира, 1
PenColor 00AFAF

;инфосос
PenColor 34349C
BrushColor 34349C
Polygon 494,1155, 494,1151, 495,1151, 495,1155
PenColor FF0000
BrushColor FF0000
Polygon 494,1159, 494,1155, 495,1155, 495,1159


; северный вестибюль

;Здания беж
BrushColor FEFBF1
PenColor BBBBBB
Polygon 312,79, 42,79, 42,340, 312,270

PenColor D0D0D0
BrushColor D0D0D0
Polygon 150,312, 258,284, 258,263, 254,263, 254,223, 218,212, 212,224, 203,235, 193,245, 180,253, 166,260, 152,263
Polygon 123,263, 123,319, 42,340, 42,79, 312,79, 312,92, 285,92, 285,84, 254,84, 254,127, 217,136, 211,125, 203,116, 196,108, 185,101, 174,95, 161,90, 147,87, 136,87, 120,88, 106,93, 94,97, 83,105, 72,115, 63,128, 56,141, 51,155, 49,165, 49,181, 51,195, 55,208, 60,219, 66,228, 74,237, 83,245, 91,251, 101,256, 112,261

PenColor 000000
Polygon 285,123, 312,123, 312,218, 285,218
Polygon 312,249, 287,249, 287,263, 282,263, 282,278, 312,270
Polygon 216,169, 245,164, 245,188, 216,183
Polygon 254,197, 254,152, 260,158, 260,191

PenColor 000000
Line 312,96, 312,92
Line 312,119, 312,123
Line 312,218, 312,222
Line 312,245, 312,249
Line 282,278, 278,279
Line 262,283, 258,284
Line 217,136, 254,127, 254,84, 285,84, 285,92, 312,92, 312,79, 42,79, 42,340, 123,319
Line 150,312, 258,284, 258,263, 254,263, 254,223, 218,212
Line 152,478, 158,478, 158,576, 168,576, 168,360, 178,360
Line 123,478, 117,478, 117,576, 107,576, 107,360, 98,360
Spline 217,136, 185,101, 136,87, 83,105, 51,155, 55,208, 83,245, 123,263
Spline 152,263, 180,253, 203,235, 218,212

; эскалатор 3 верт
PenColor 7F7F7F
Stairs 126,480, 149,480, 126,258
PenColor 000000
BrushColor 9B5509
Polygon 123,486, 123,254, 126,254, 126,486
Polygon 131,486, 131,254, 135,254, 135,486
Polygon 140,486, 140,254, 144,254, 144,486
Polygon 149,486, 149,254, 152,254, 152,486

; кассы
BrushColor FFFFFF
Polygon 285,152, 295,152, 295,181, 285,181
BrushColor -1
AngleTextOut 90, Arial, 10, 283, 178, кассы

; турникеты
BrushColor -1
Polygon 54,179, 54,172, 61,172, 61,179
Line 216,176, 170,176, 133,213, 133,254, 0.5
PenColor 009900
Stairs 65,173, 65,178, 167,173
PenColor FF0000
Stairs 210,212, 215,212, 210,182

; стрелки
PenColor FF0000
Arrow 290,233, 309,233
Arrow 188,202, 206,202
Arrow 128,511, 128,495
PenColor 009900
Arrow 307,107, 288,107
Arrow 115,150, 115,168
Arrow 147,495, 147,511

;инфосос
PenColor 34349C
BrushColor 34349C
Polygon 137,91, 141,91, 141,92, 137,92
PenColor FF0000
BrushColor FF0000
Polygon 133,91, 137,91, 137,92, 133,92


; правый вестибюль

;Здания беж
BrushColor FEFBF1
PenColor BBBBBB
Polygon 807,1068, 976,1068, 976,1261, 807,1261

PenColor 000000
BrushColor D0D0D0
Polygon 807,1116, 807,1150, 888,1150, 888,1116
Polygon 807,1179, 807,1212, 888,1212, 888,1179
Polygon 807,1261, 946,1261, 946,1246, 976,1246, 976,1068, 807,1068, 807,1062, 983,1062, 983,1277, 807,1277

PenColor 000000
Line 720,1205, 720,1197, 676,1197, 676,1189, 734,1189, 734,1179
Line 734,1150, 734,1140, 676,1140, 676,1132, 720,1132, 720,1125
Line 807,1068, 807,1073
Line 807,1261, 807,1256
Line 807,1116, 807,1110
Line 807,1212, 807,1217

; эскалатор 3 гор
PenColor 7F7F7F
Stairs 905,1176, 905,1153, 727,1176
PenColor 000000
BrushColor 9B5509
Polygon 912,1153, 722,1153, 722,1150, 912,1150
Polygon 912,1158, 912,1162, 722,1162, 722,1158
Polygon 912,1167, 912,1171, 722,1171, 722,1167
Polygon 912,1176, 722,1176, 722,1179, 912,1179

; кассы
BrushColor FFFFFF
Polygon 941,1261, 941,1270, 900,1270, 900,1261
BrushColor -1
AngleTextOut 0, Arial, 10, 909, 1259, кассы

; турникеты
BrushColor -1
Polygon 944,1242, 944,1235, 951,1235, 951,1242
Line 912,1160, 976,1160, 0.5
PenColor 009900
Stairs 945,1230, 950,1230, 945,1188
Stairs 942,1187, 942,1182, 913,1187


; стрелки
PenColor FF0000
Arrow 838,1085, 818,1085
Arrow 686,1155, 702,1155
PenColor 009900
Arrow 702,1175, 686,1175
Arrow 818,1243, 837,1243

;инфосос
PenColor 34349C
BrushColor 34349C
Polygon 970,1169, 970,1173, 971,1173, 971,1169
PenColor FF0000
BrushColor FF0000
Polygon 970,1165, 970,1169, 971,1169, 971,1165


; переход

PenColor 000000
Line 98,810, 107,810, 107,703, 117,703, 117,817, 114,817, 114,866, 119,866
Line 157,866, 162,866, 162,817, 159,817, 159,702, 169,702, 169,810, 178,810
Line 157,938, 167,938, 167,1141, 314,1141, 314,1132, 270,1132, 270,1125
Line 119,938, 102,938, 102,1188, 314,1188, 314,1199, 270,1199, 270,1205
Stairs 263,1141, 263,1188, 236,1141
Stairs 215,1141, 215,1188, 190,1141

BrushColor D0D0D0
Polygon 124,985, 148,985, 148,1020, 144,1020, 144,1140, 128,1140, 128,1020, 124,1020

; эскалатор 4 верт
PenColor 7F7F7F
Stairs 122,942, 154,942, 122,862
PenColor 000000
BrushColor 9B5509
Polygon 119,948, 119,858, 122,858, 122,948
Polygon 127,948, 127,858, 131,858, 131,948
Polygon 136,948, 136,858, 140,858, 140,948
Polygon 145,948, 145,858, 149,858, 149,948
Polygon 154,948, 154,858, 157,858, 157,948


; Названия улиц голубым
PenColor 00AFAF
BrushColor -1
AngleTextOut 90, Arial, 15, 474, 716, проспект Мира


