Size 1390x1070
Angle -40

;Здания беж
PenColor DFDFDF
BrushColor FEFBF1
Polygon 353,145, 521,145, 521,332, 457,332, 457,377, 415,377, 415,332, 353,332

; Пушкинская
; --------------------
; пути

PenColor 000000
BrushColor AC1CAC
Polygon 806,185, 825,208, 480,497, 461,474
Polygon 552,581, 533,558, 878,269, 897,292

PenColor AC24AC
BrushColor -1
AngleTextOut 40, Arial, 20, 446, 456, << Баррикадная
AngleTextOut 40, Arial, 20, 773, 396, Кузнецкий мост >>
AngleTextOut 40, Arial, 25, 606, 417, Пушкинская, 1

;инфосос
PenColor 34349C
BrushColor 34349C
Polygon 706,362, 709,360, 710,361, 707,363
PenColor FF0000
BrushColor FF0000
Polygon 703,364, 706,362, 707,363, 704,365

; левый вестибюль

PenColor 000000
Line 480,497, 488,506, 539,463, 546,471, 476,530, 478,532
Line 497,555, 499,557, 568,499, 576,508, 526,550, 533,558
Line 404,636, 429,615, 427,613

; эскалатор 3 гор
PenColor 7F7F7F
Stairs 497,551, 482,533, 422,614
PenColor 000000
BrushColor 9B5509
Polygon 488,528, 403,599, 401,597, 486,526
Polygon 491,532, 493,535, 408,606, 406,603
Polygon 497,539, 499,542, 414,613, 412,610
Polygon 503,546, 418,617, 420,619, 505,548

; стрелки
PenColor FF0000
Arrow 512,511, 498,523
PenColor 009900
Arrow 510,535, 524,523


; правый вестибюль

PenColor 000000
Line 825,208, 838,224, 885,184, 885,168
Line 878,269, 865,254, 920,208, 920,177
Stairs 858,207, 884,238, 875,193

; Чеховская
; --------------------
; пути

PenColor 000000
BrushColor 9CA4A4
Polygon 1255,203, 1285,203, 1285,653, 1255,653
Polygon 1145,653, 1175,653, 1175,203, 1145,203

PenColor 4C4C4C
BrushColor -1
AngleTextOut 90, Arial, 20, 1122, 651, << Боровицкая
AngleTextOut 90, Arial, 20, 1287, 382, Цветной бульвар >>
AngleTextOut 90, Arial, 25, 1205, 480, Чеховская, 1

;инфосос
PenColor 34349C
BrushColor 34349C
Polygon 1220,543, 1224,543, 1224,544, 1220,544
PenColor FF0000
BrushColor FF0000
Polygon 1216,543, 1220,543, 1220,544, 1216,544


; правый вестибюль

PenColor 000000
Line 1148,169, 1148,172, 1195,172, 1195,228, 1185,228, 1185,203, 1175,203
Line 1148,131, 1148,128, 1233,128, 1233,228, 1244,228, 1244,203, 1255,203
Stairs 1233,225, 1195,225, 1233,174


; Тверская
; --------------------
; пути

PenColor 000000
BrushColor 047C54
Polygon 506,668, 506,698, 956,698, 956,668
Polygon 506,778, 506,808, 956,808, 956,778

PenColor 046434
BrushColor -1
AngleTextOut 0, Arial, 20, 505, 646, << Маяковская
AngleTextOut 0, Arial, 20, 817, 808, Театральная >>
AngleTextOut 0, Arial, 25, 703, 746, Тверская, 1

;инфосос
PenColor 34349C
BrushColor 34349C
Polygon 750,740, 750,736, 751,736, 751,740
PenColor FF0000
BrushColor FF0000
Polygon 750,744, 750,740, 751,740, 751,744

; левый вестибюль

PenColor 000000
Line 506,778, 506,765, 630,765, 630,756, 581,756, 581,753
Line 581,724, 581,721, 630,721, 630,711, 506,711, 506,698

; эскалатор 3 гор
PenColor 7F7F7F
Stairs 583,750, 583,727, 405,750
PenColor 000000
BrushColor 9B5509
Polygon 590,727, 400,727, 400,724, 590,724
Polygon 590,732, 590,736, 400,736, 400,732
Polygon 590,741, 590,745, 400,745, 400,741
Polygon 590,750, 400,750, 400,753, 590,753

; стрелки
PenColor FF0000
Arrow 619,747, 600,747
PenColor 009900
Arrow 366,718, 382,718
Arrow 365,657, 381,657
Arrow 600,729, 618,729


; --------------------

; вестибюль Тверская - Пушкинская

PenColor 000000
Line 322,885, 322,910, 303,910, 280,997, 302,997
Line 302,1015, 232,1015
Line 232,997, 254,997, 277,910, 254,910
Line 254,892, 280,892, 280,742, 285,742, 285,724, 288,724
Line 288,703, 285,703, 285,690, 271,690, 271,687
Line 231,687, 231,690, 202,690, 202,675, 196,675, 196,700
Line 158,700, 158,632, 231,632, 231,635
Line 271,635, 271,632, 352,632, 352,598, 395,598, 406,589, 408,591
Line 322,867, 322,743, 352,743, 352,771, 404,771, 404,753
Line 404,724, 404,636
Stairs 256,892, 256,910, 274,892
Stairs 234,997, 234,1015, 252,997
Stairs 300,997, 300,1015, 282,997
Stairs 322,761, 280,761, 322,744

BrushColor D0D0D0
Polygon 352,660, 352,718, 342,718, 342,709, 332,709, 332,670, 342,670, 342,660
Polygon 175,700, 175,673, 179,673, 179,700
Polygon 234,665, 234,657, 270,657, 270,665

; эскалатор 2 гор
PenColor 7F7F7F
Stairs 273,684, 273,668, 228,684
PenColor 000000
BrushColor 9B5509
Polygon 279,668, 224,668, 224,665, 279,665
Polygon 279,674, 279,678, 224,678, 224,674
Polygon 279,684, 224,684, 224,687, 279,687

; эскалатор 2 гор
PenColor 7F7F7F
Stairs 273,654, 273,638, 228,654
PenColor 000000
BrushColor 9B5509
Polygon 279,638, 224,638, 224,635, 279,635
Polygon 279,644, 279,648, 224,648, 224,644
Polygon 279,654, 224,654, 224,657, 279,657

;инфосос
PenColor 34349C
BrushColor 34349C
Polygon 402,677, 402,673, 401,673, 401,677
PenColor FF0000
BrushColor FF0000
Polygon 402,681, 402,677, 401,677, 401,681



; кассы
PenColor 000000
BrushColor FFFFFF
Polygon 332,676, 341,676, 341,703, 332,703
BrushColor -1
AngleTextOut 90, Arial, 10, 330, 702, кассы

; турникеты
BrushColor -1
Line 407,605, 375,632, 0.5
Polygon 369,629, 375,629, 375,635, 369,635
Line 372,675, 372,700, 0.5
Polygon 369,732, 375,732, 375,738, 369,738
Line 375,738, 400,743, 0.5
PenColor 009900
Stairs 370,700, 374,700, 370,729
Stairs 370,639, 374,639, 370,676

; стрелки
PenColor FF0000
Arrow 167,683, 167,709
Arrow 295,713, 282,713
PenColor 009900
Arrow 188,709, 188,683


; подземные переходы Тверская - Пушкинская

PenColor 000000
Stairs 498,853, 498,837, 516,853
Stairs 754,826, 768,826, 754,839
Stairs 754,862, 768,862, 754,852
Stairs 828,979, 844,979, 828,997
Stairs 769,1051, 769,1033, 788,1051
Stairs 805,1015, 805,997, 822,1015
Stairs 805,1015, 788,1015, 805,1029
Line 419,853, 399,853, 399,867, 516,867, 516,853, 496,853
Line 496,837, 535,837, 535,867, 732,867, 732,839, 754,839, 754,824
Line 768,824, 768,839, 790,839, 790,867, 805,867, 805,997, 828,997, 828,977
Line 844,977, 844,1000, 828,1041, 788,1051, 767,1051
Line 767,1033, 788,1033, 788,885, 322,885
Line 754,864, 754,851, 748,851, 748,867, 774,867, 774,851, 768,851, 768,864
Line 419,837, 380,837, 380,867, 322,867
Stairs 417,853, 417,837, 399,853

BrushColor D0D0D0
Polygon 805,1015, 822,1015, 817,1027, 805,1029, 805,1015

; переход Тверская - Пушкинская

PenColor D0D0D0
Line 717,699, 717,726
Line 778,699, 778,726
Line 778,748, 717,748

BrushColor E0E0E0
Polygon 741,699, 741,726, 754,726, 754,699

PenColor 000000
Line 717,729, 717,745
Line 778,729, 778,745
;Line 714,695, 714,718, 701,718, 701,695
Line 717,668, 729,648, 729,619, 734,619, 734,547
Line 764,550, 764,619, 768,619, 768,648, 778,668
Arrow 638,737, 663,737
Arrow 849,737, 877,737

BrushColor D0D0D0
Polygon 741,668, 748,656, 754,668

; эскалатор 2 гор
PenColor 7F7F7F
Stairs 830,745, 830,729, 783,745
PenColor 000000
BrushColor 9B5509
Polygon 837,729, 778,729, 778,726, 837,726
Polygon 837,735, 837,739, 778,739, 778,735
Polygon 837,745, 778,745, 778,748, 837,748

; эскалатор 2 гор
PenColor 7F7F7F
Stairs 710,745, 710,729, 677,745
PenColor 000000
BrushColor 9B5509
Polygon 717,729, 672,729, 672,726, 717,726
Polygon 717,735, 717,739, 672,739, 672,735
Polygon 717,745, 672,745, 672,748, 717,748



; переход Пушкинская - Тверская

Opaque 80
PenColor FFFFFF
BrushColor FFFFFF
Polygon 651,458, 660,450, 669,460, 675,455, 667,445, 676,437, 697,461, 672,483
Opaque 100

PenColor 000000
Stairs 634,438, 644,430, 645,451
Stairs 650,425, 660,417, 661,438
Line 734,547, 688,493, 678,491, 634,438
Line 660,417, 704,469, 705,479, 764,550
Line 650,425, 675,455, 669,460, 644,430


; переход Тверская - Чеховская

Line 1175,653, 1184,653, 1184,593, 1193,593, 1193,641, 1196,641
Line 1196,701, 1193,701, 1193,716, 1124,716, 1124,719
Line 1028,719, 1028,716, 913,716, 913,707, 956,707, 956,698
Line 1255,653, 1246,653, 1246,593, 1237,593, 1237,641, 1234,641
Line 1234,701, 1237,701, 1237,760, 1124,760, 1124,757
Line 1028,757, 1028,760, 913,760, 913,769, 956,769, 956,778

; эскалатор 4 гор
PenColor 7F7F7F
Stairs 1026,722, 1026,754, 1127,722
PenColor 000000
BrushColor 9B5509
Polygon 1020,719, 1131,719, 1131,722, 1020,722
Polygon 1020,727, 1131,727, 1131,731, 1020,731
Polygon 1020,736, 1131,736, 1131,740, 1020,740
Polygon 1020,745, 1131,745, 1131,749, 1020,749
Polygon 1020,754, 1131,754, 1131,757, 1020,757

; эскалатор 4 верт
PenColor 7F7F7F
Stairs 1199,703, 1231,703, 1199,638
PenColor 000000
BrushColor 9B5509
Polygon 1196,709, 1196,635, 1199,635, 1199,709
Polygon 1204,709, 1204,635, 1208,635, 1208,709
Polygon 1213,709, 1213,635, 1217,635, 1217,709
Polygon 1222,709, 1222,635, 1226,635, 1226,709
Polygon 1231,709, 1231,635, 1234,635, 1234,709


; переход Пушкинская - Чеховская

Opaque 80
PenColor FFFFFF
BrushColor FFFFFF
Polygon 739,426, 719,402, 728,394, 736,403, 742,398, 734,388, 743,380, 765,405
Polygon 1176,423, 1176,411, 1144,411, 1144,423
Polygon 1176,400, 1176,388, 1144,388, 1144,400
Opaque 100

PenColor 000000
Line 1196,388, 1106,388, 1106,391, 903,391, 881,409, 883,411
Line 834,452, 832,450, 815,464, 727,360
Line 717,368, 742,398, 736,403, 711,373
Line 701,381, 817,519, 860,483, 858,481
Line 907,440, 909,442, 937,419, 1106,419, 1106,423, 1196,423
Line 1196,411, 1126,411, 1126,400, 1196,400
Stairs 701,381, 711,373, 712,394
Stairs 717,368, 727,360, 728,381
Stairs 1194,388, 1194,400, 1173,388
Stairs 1194,423, 1194,411, 1173,423

; эскалатор 4 гор
PenColor 7F7F7F
Stairs 834,455, 855,480, 887,411
PenColor 000000
BrushColor 9B5509
Polygon 827,458, 888,407, 890,409, 829,460
Polygon 832,463, 893,412, 896,415, 835,466
Polygon 838,470, 899,419, 902,422, 841,473
Polygon 844,477, 905,426, 908,429, 847,480
Polygon 850,484, 911,433, 913,435, 852,486


; вестибюль Пушкинская - Чеховская

Opaque 80
PenColor FFFFFF
BrushColor FFFFFF
Polygon 735,243, 735,286, 719,299, 718,269, 704,268
Opaque 100

PenColor 000000
Line 885,168, 869,168, 869,165
Line 920,177, 992,177, 992,172, 1044,172, 1044,169
Line 869,127, 869,124, 992,124, 992,128, 1044,128, 1044,131
Line 561,304, 561,204
Line 578,304, 578,269, 718,269, 718,304
Line 735,304, 735,204
Line 718,204, 718,242, 650,242, 650,220, 643,220, 643,210, 640,210
Line 640,178, 643,178, 643,169, 665,169, 665,165
Line 665,127, 665,113, 580,113, 580,133, 574,133, 574,169, 585,169, 585,179, 588,179
Line 588,210, 585,210, 585,220, 578,220
Line 578,239, 578,204
Stairs 578,302, 561,302, 578,269
Stairs 578,206, 561,206, 578,239
Stairs 718,206, 735,206, 718,240
Stairs 718,302, 735,302, 718,269

BrushColor D0D0D0
Polygon 1166,147, 1166,154, 1202,154, 1202,147
Polygon 610,182, 618,182, 618,206, 610,206

; эскалатор 4 гор
PenColor 7F7F7F
Stairs 1042,134, 1042,166, 1151,134
PenColor 000000
BrushColor 9B5509
Polygon 1036,131, 1155,131, 1155,134, 1036,134
Polygon 1036,139, 1155,139, 1155,143, 1036,143
Polygon 1036,148, 1155,148, 1155,152, 1036,152
Polygon 1036,157, 1155,157, 1155,161, 1036,161
Polygon 1036,166, 1155,166, 1155,169, 1036,169

; эскалатор 4 гор
PenColor 7F7F7F
Stairs 663,130, 663,162, 872,130
PenColor 000000
BrushColor 9B5509
Polygon 657,127, 876,127, 876,130, 657,130
Polygon 657,135, 876,135, 876,139, 657,139
Polygon 657,144, 876,144, 876,148, 657,148
Polygon 657,153, 876,153, 876,157, 657,157
Polygon 657,162, 876,162, 876,165, 657,165

; эскалатор 2 верт
PenColor 7F7F7F
Stairs 637,176, 621,176, 637,213
PenColor 000000
BrushColor 9B5509
Polygon 621,173, 621,215, 618,215, 618,173
Polygon 627,173, 631,173, 631,215, 627,215
Polygon 637,173, 637,215, 640,215, 640,173

; эскалатор 2 верт
PenColor 7F7F7F
Stairs 607,176, 591,176, 607,213
PenColor 000000
BrushColor 9B5509
Polygon 591,173, 591,215, 588,215, 588,173
Polygon 597,173, 601,173, 601,215, 597,215
Polygon 607,173, 607,215, 610,215, 610,173

; кассы
BrushColor -1
Line 591,113, 591,105, 619,105, 619,113
AngleTextOut 0, Arial, 10, 593, 102, кассы

; турникеты
BrushColor -1
Polygon 621,145, 627,145, 627,151, 621,151
PenColor 009900
Stairs 622,117, 626,117, 622,142
PenColor FF0000
Stairs 629,156, 632,153, 641,168

; стрелки
PenColor FF0000
Arrow 650,149, 641,158
PenColor 009900
Arrow 605,127, 618,127

;инфосос
PenColor 34349C
BrushColor 34349C
Polygon 650,163, 650,159, 651,159, 651,163
PenColor FF0000
BrushColor FF0000
Polygon 650,167, 650,163, 651,163, 651,167

; Названия улиц голубым
PenColor 00AFAF
BrushColor -1
AngleTextOut 0, Arial, 15, 564, 934, улица Тверская
AngleTextOut 0, Arial, 15, 219, 701, Тверской
AngleTextOut 0, Arial, 15, 219, 713, пассаж
AngleTextOut 90, Arial, 15, 411, 553, Пушкинская площадь
AngleTextOut 90, Arial, 15, 345, 1150, Большая Бронная улица
AngleTextOut 90, Arial, 15, 713, 1114, Тверской бульвар
AngleTextOut 90, Arial, 15, 600, 73, Страстной бульвар
PenColor 000000
AngleTextOut 90, Arial, 15, 424, 283, к/т Пушкинский
