Size 1400x1300
Angle 45

; пути
BrushColor FCDC04
Polygon 905,591, 455,591, 455,561, 905,561
Polygon 455,701, 455,671, 905,671, 905,701

BrushColor -1
PenColor 000000
AngleTextOut 0, Arial, 20, 460, 537, << Тупик
AngleTextOut 0, Arial, 20, 671, 702, Ломоносовский проспект >>
AngleTextOut 0, Arial, 25, 634, 629, Раменки, 1
PenColor FCDC04
AngleTextOut 0, Arial, 20, 459, 536, << Тупик
AngleTextOut 0, Arial, 20, 670, 701, Ломоносовский проспект >>
AngleTextOut 0, Arial, 25, 632, 627, Раменки, 1

;инфосос
PenColor 34349C
BrushColor 34349C
Polygon 679,621, 679,617, 680,617, 680,621
PenColor FF0000
BrushColor FF0000
Polygon 679,625, 679,621, 680,621, 680,625

; правый вестибюль

PenColor 000000
BrushColor D0D0D0
Polygon 1231,657, 1253,657, 1251,669, 1230,665
Polygon 1253,609, 1231,609, 1230,601, 1251,597
PenColor D0D0D0
Polygon 1204,623, 1176,659, 1170,662, 1164,663, 1158,662, 1150,660, 1098,642, 1093,638, 1089,634, 1087,629, 1087,624, 1091,617, 1095,613, 1102,609, 1110,606, 1125,602, 1135,600, 1147,598, 1159,598, 1169,599, 1181,600, 1190,602, 1198,605, 1204,610, 1205,615

; кассы
PenColor 000000
BrushColor FFFFFF
Polygon 1190,620, 1200,628, 1180,654, 1169,646
BrushColor -1
AngleTextOut 50, Arial, 10, 1172, 642, кассы

PenColor 000000
Line 905,671, 905,669, 965,669
Line 927,654, 905,654
Line 905,591, 905,609, 927,609
Line 980,669, 1003,669

Spline 1016,609, 1026,604, 1033,596
Line 1033,596, 1050,561, 1254,561, 1254,510, 1238,465, 1142,465
Spline 1003,669, 1025,673, 1047,683
Line 1047,683, 1078,701, 1254,701, 1254,802, 1400,802

Line 1204,623, 1176,659
Spline 1176,659, 1164,663, 1147,659
Line 1147,659, 1098,642
Spline 1098,642, 1087,631, 1089,619, 1106,607, 1145,598, 1181,600, 1202,607, 1204,623
Line 1400,770, 1289,770, 1289,701, 1301,701, 1301,561, 1288,561, 1288,509, 1305,465, 1400,465
Line 1400,433, 1142,433
Line 1253,609, 1253,657

Stairs 1397,465, 1397,433, 1376,465
Stairs 1366,465, 1366,433, 1343,465
Stairs 1335,465, 1335,433, 1312,465

Stairs 1227,465, 1227,433, 1206,465
Stairs 1196,465, 1196,433, 1173,465
Stairs 1165,465, 1165,433, 1142,465

Stairs 1397,802, 1397,770, 1376,802
Stairs 1366,802, 1366,770, 1343,802
Stairs 1335,802, 1335,770, 1312,802

; эскалатор 3
PenColor 7F7F7F
Stairs 1009,650, 1009,613, 933,650
PenColor 000000
BrushColor 9B5509
Polygon 1016,613, 927,613, 927,609, 1016,609
Polygon 1016,622, 1016,627, 927,627, 927,622
Polygon 1016,636, 1016,641, 927,641, 927,636
Polygon 1016,650, 927,650, 927,654, 1016,654

; турникеты
BrushColor -1
Polygon 1076,688, 1082,691, 1079,697, 1073,694
PenColor 009900
Stairs 1102,651, 1098,649, 1083,687
PenColor FF0000
Stairs 1095,565, 1090,566, 1103,603

; стрелки
PenColor FF0000
Arrow 1069,599, 1084,594
PenColor 009900
Arrow 1121,678, 1106,673

; инфосос
PenColor 34349C
BrushColor 34349C
Polygon 1061,620, 1057,620, 1057,621, 1061,621
PenColor FF0000
BrushColor FF0000
Polygon 1065,620, 1061,620, 1061,621, 1065,621

; лифты
PenColor 000000
BrushColor D0EFFF
Polygon 965,654, 980,654, 980,669, 965,669
Polygon 1264,450, 1279,450, 1279,465, 1264,465
Polygon 1239,770, 1254,770, 1254,785, 1239,785
BrushColor -1
AngleTextOut 0, Arial, 6, 966, 658, лифт
AngleTextOut 0, Arial, 6, 1265, 454, лифт
AngleTextOut 0, Arial, 6, 1240, 774, лифт

; левый вестибюль

PenColor 000000
BrushColor D0D0D0
Polygon 123,657, 101,657, 103,669, 124,665
Polygon 101,609, 123,609, 124,601, 103,597
PenColor D0D0D0
Polygon 180,657, 151,621, 149,614, 150,608, 155,603, 164,600, 175,598, 190,596, 203,596, 217,597, 241,602, 254,607, 263,612, 268,619, 269,624, 268,629, 265,633, 257,639, 209,657, 201,660, 194,661, 187,660

; кассы
PenColor 000000
BrushColor FFFFFF
Polygon 155,626, 165,618, 186,644, 176,652
BrushColor -1
AngleTextOut -50, Arial, 10, 168, 621, кассы

PenColor 000000
Line 455,591, 455,610, 430,610
Line 430,655, 455,655, 455,671

Spline 317,596, 328,606, 341,610
Line 317,596, 304,561, 101,561, 101,509, 118,465, 213,465

Line 440,670, 354,676
Spline 354,676, 337,678, 321,682
Line 321,682, 278,702, 101,702, 101,770, 377,770

Line -45,465, 51,465, 67,509, 67,770, -45,770
Line -45,802, 67,802
Line 16,817, 101,817, 101,802, 377,802

Line 151,621, 180,657
Spline 209,657, 194,661, 180,657
Line 209,657, 257,639
Spline 257,639, 268,629, 267,617, 250,605, 211,596, 175,598, 152,605, 151,621

Line 213,433, -45,433
Line 101,609, 101,657

Stairs 210,465, 210,433, 189,465
Stairs 179,465, 179,433, 156,465
Stairs 148,465, 148,433, 125,465

Stairs 40,465, 40,433, 19,465
Stairs 9,465, 9,433, -14,465
Stairs -22,465, -22,433, -45,465

Stairs 40,802, 40,770, 19,802
Stairs 9,802, 9,770, -14,802
Stairs -22,802, -22,770, -45,802

Stairs 374,802, 374,770, 353,802
Stairs 343,802, 343,770, 320,802
Stairs 312,802, 312,770, 289,802

; эскалатор 3
PenColor 7F7F7F
Stairs 423,651, 423,614, 347,651
PenColor 000000
BrushColor 9B5509
Polygon 430,614, 341,614, 341,610, 430,610
Polygon 430,623, 430,628, 341,628, 341,623
Polygon 430,637, 430,642, 341,642, 341,637
Polygon 430,651, 341,651, 341,655, 430,655

; турникеты
BrushColor -1
Polygon 281,688, 284,694, 278,697, 275,691
PenColor 009900
Stairs 257,644, 253,646, 278,684
PenColor FF0000
Stairs 273,568, 268,566, 259,602

; стрелки
PenColor FF0000
Arrow 298,605, 281,595
PenColor 009900
Arrow 238,677, 255,671

; инфосос
PenColor 34349C
BrushColor 34349C
Polygon 294,618, 290,618, 290,619, 294,619
PenColor FF0000
BrushColor FF0000
Polygon 298,618, 294,618, 294,619, 298,619

; лифты
PenColor 000000
BrushColor D0EFFF
Polygon 440,655, 455,655, 455,670, 440,670
Polygon 77,450, 92,450, 92,465, 77,465
Polygon 16,802, 31,802, 31,817, 16,817
BrushColor -1
AngleTextOut 0, Arial, 6, 441, 659, лифт
AngleTextOut 0, Arial, 6, 78, 454, лифт
AngleTextOut 0, Arial, 6, 17, 806, лифт

; Названия улиц голубым
PenColor 00AFAF
BrushColor -1
PenColor 00AFAF
AngleTextOut -90, Arial, 15, 1491, 557, Раменский бульвар
AngleTextOut 0, Arial, 15, 372, 729, Мичуринский проспект
AngleTextOut 0, Arial, 15, 844, 506, Мичуринский проспект
AngleTextOut -90, Arial, 15, 719, 336, Винницкая улица

; Закрытые объекты
Opaque 70
PenColor FFD0D0
BrushColor FFD0D0
Polygon 1233,738, 1233,811, 1406,811, 1406,738

Opaque 100
PenColor FF4040
BrushColor -1
AngleTextOut 0, Arial, 15, 1302, 745, Строится
Dashed 1233,738, 1233,811, 1406,811, 1406,738, 1233,738

; Выходы
Angle -45
PenColor FFD900
BrushColor 615F56
SpotRect 569, 1008, 30, 30, ShowMessage Выход №1
SpotRect 314, 1263, 30, 30
SpotRect 7, 966, 30, 30
SpotRect 158, 823, 30, 30
SpotRect 844, 130, 30, 30
SpotRect 976, 4, 30, 30
SpotRect 1304, 288, 30, 30
BrushColor -1
TextOut Arial, 25, 577, 1009, 1
TextOut Arial, 25, 322, 1264, 2
TextOut Arial, 25, 15, 967, 3
TextOut Arial, 25, 166, 824, 4
TextOut Arial, 25, 852, 131, 5
TextOut Arial, 25, 984, 5, 6
TextOut Arial, 25, 1312, 289, 7
