Size 1210x1320

Angle 15

; Площадь Ильича

;Пути
BrushColor FCDC04
Polygon 625,587, 1074,587, 1074,617, 625,617
;Polygon 625,696, 776,696, 776,726, 625,726
;Polygon 801,696, 813,696, 813,726, 801,726
;Polygon 840,696, 852,696, 852,726, 840,726
Polygon 625,696, 1074,696, 1074,726, 625,726

BrushColor -1
PenColor 000000
AngleTextOut 0, Arial, 20, 627, 564, << Марксистская
AngleTextOut 0, Arial, 20, 927, 727, Авиамоторная >>
AngleTextOut 0, Arial, 25, 741, 639, Площадь Ильича, 1
PenColor FCDC04
AngleTextOut 0, Arial, 20, 625, 563, << Марксистская
AngleTextOut 0, Arial, 20, 925, 726, Авиамоторная >>
AngleTextOut 0, Arial, 25, 739, 638, Площадь Ильича, 1

;инфосос
PenColor 34349C
BrushColor 34349C
Polygon 969,657, 969,661, 968,661, 968,657
PenColor FF0000
BrushColor FF0000
Polygon 969,653, 969,657, 968,657, 968,653


; правый вестибюль

PenColor 000000
Line 1074,617, 1074,631, 974,631, 974,644, 985,644, 985,670, 974,670, 974,683, 1074,683, 1074,696


; левый вестибюль

Line 625,617, 625,631, 692,631, 692,640, 680,640, 680,642
Line 625,696, 625,683, 692,683, 692,674, 680,674, 680,672
Line 463,904, 393,904, 393,729, 531,729, 531,718, 545,704, 595,704, 595,672
Line 150,709, 42,817, 367,904, 367,567, 399,536
Line 133,692, 15,810, -41,795
Line 413,550, 391,572, 391,585, 531,585, 531,595, 545,609, 595,609, 595,642

Stairs -43,819, -37,796, -17,826
Stairs 116,709, 133,726, 131,694
Stairs 433,929, 433,904, 460,929
Stairs 395,567, 381,553, 410,553
Stairs 400,585, 400,729, 413,585

BrushColor D0D0D0
Polygon 439,633, 439,681, 450,681, 450,633

; эскалатор 3
PenColor 7F7F7F
Stairs 585,644, 585,670, 679,644
PenColor 000000
BrushColor 9B5509
Polygon 578,642, 684,642, 684,644, 578,644
Polygon 578,650, 684,650, 684,654, 578,654
Polygon 578,660, 684,660, 684,664, 578,664
Polygon 578,670, 684,670, 684,672, 578,672

; кассы
BrushColor FFFFFF
Polygon 450,643, 441,643, 441,671, 450,671
BrushColor -1
AngleTextOut -90, Arial, 10, 453, 644, кассы

; турникеты
BrushColor -1
Line 545,609, 529,625, 0.5
Polygon 479,675, 485,675, 485,681, 479,681
Line 476,681, 453,681, 0.5
Line 482,721, 482,729, 0.5
PenColor 009900
Stairs 527,624, 530,627, 481,670
PenColor FF0000
Stairs 480,685, 484,685, 480,722

;инфосос
PenColor 34349C
BrushColor 34349C
Polygon 457,638, 453,638, 453,637, 457,637
PenColor FF0000
BrushColor FF0000
Polygon 461,638, 457,638, 457,637, 461,637


; Римская

;Пути
PenColor 000000
BrushColor 7CBC54
Polygon 756,819, 786,819, 786,1269, 756,1269
Polygon 866,819, 896,819, 896,1269, 866,1269

BrushColor -1
PenColor 5C9F2E
AngleTextOut -90, Arial, 25, 843, 956, Римская, 1
AngleTextOut -90, Arial, 20, 920, 825, << Чкаловская
AngleTextOut -90, Arial, 20, 756, 935, Крестьянская застава >>

;инфосос
PenColor 34349C
BrushColor 34349C
Polygon 815,1022, 815,1018, 814,1018, 814,1022
PenColor FF0000
BrushColor FF0000
Polygon 815,1026, 815,1022, 814,1022, 814,1026


; южный вестибюль

Opaque 80
PenColor FFFFFF
BrushColor FFFFFF
Polygon 755,1175, 787,1175, 787,1206, 755,1206
Opaque 100

PenColor 000000
Line 631,1165, 631,1128, 604,1128, 604,1104, 441,1104, 441,1242, 393,1242, 393,929, 464,929
Line 800,1206, 741,1206, 741,1199, 733,1199, 733,1213, 728,1213
Line 632,1213, 632,1239, 604,1239, 604,1268, 368,1268, 368,929, -47,818
Line 728,1165, 733,1165, 733,1180, 741,1180, 741,1175, 805,1175, 805,1124, 799,1124, 799,1175
Line 866,1269, 851,1269, 851,1124, 845,1124, 845,1206, 800,1206, 800,1269, 786,1269
Stairs 845,1129, 805,1129, 845,1142
Stairs 805,1157, 845,1157, 805,1170
Stairs 502,1268, 502,1104, 489,1268
Stairs 413,1268, 413,1242, 400,1268
Stairs 393,1219, 368,1219, 393,1196

BrushColor D0D0D0
Polygon 542,1151, 542,1138, 519,1138, 519,1232, 542,1232, 542,1220, 525,1220, 525,1151
Polygon 749,1187, 749,1193, 805,1193, 805,1187

; кассы
Line 604,1239, 595,1239, 595,1268
BrushColor -1
AngleTextOut -90, Arial, 10, 606, 1241, кассы

; турникеты
BrushColor -1
Line 595,1239, 591,1235, 0.5
Line 564,1203, 564,1182, 0.5
Line 564,1118, 564,1104, 0.5
Polygon 561,1209, 567,1209, 567,1203, 561,1203
PenColor 009900
Stairs 589,1236, 592,1233, 563,1214
PenColor FF0000
Stairs 562,1182, 566,1182, 562,1117

; эскалатор 4
PenColor 7F7F7F
Stairs 625,1167, 625,1211, 723,1167
PenColor 000000
BrushColor 9B5509
Polygon 618,1165, 728,1165, 728,1167, 618,1167
Polygon 618,1175, 728,1175, 728,1179, 618,1179
Polygon 618,1187, 728,1187, 728,1191, 618,1191
Polygon 618,1199, 728,1199, 728,1203, 618,1203
Polygon 618,1211, 728,1211, 728,1213, 618,1213

;инфосос
PenColor 34349C
BrushColor 34349C
Polygon 595,1127, 599,1127, 599,1128, 595,1128
PenColor FF0000
BrushColor FF0000
Polygon 591,1127, 595,1127, 595,1128, 591,1128


; переход

Opaque 80
PenColor FFFFFF
BrushColor FFFFFF
Polygon 782,695, 804,695, 804,727, 782,727
Polygon 815,695, 837,695, 837,727, 815,727
Polygon 848,695, 870,695, 870,727, 848,727
Opaque 100

PenColor 000000
Line 866,819, 854,819, 854,860, 848,860, 848,858
Line 848,793, 855,793, 855,781, 870,735, 870,672
Line 786,819, 798,819, 798,860, 804,860, 804,858
Line 804,793, 795,793, 795,781, 782,735, 782,672
Line 804,672, 804,735, 809,749, 815,749, 815,672
Line 837,672, 837,749, 843,749, 848,735, 848,672

Stairs 782,674, 804,674, 782,703
Stairs 815,674, 837,674, 815,703
Stairs 848,674, 870,674, 848,703

; эскалатор 4
PenColor 7F7F7F
Stairs 806,851, 846,851, 806,788
PenColor 000000
BrushColor 9B5509
Polygon 804,858, 804,783, 806,783, 806,858
Polygon 813,858, 813,783, 817,783, 817,858
Polygon 824,858, 824,783, 828,783, 828,858
Polygon 835,858, 835,783, 839,783, 839,858
Polygon 846,858, 846,783, 848,783, 848,858

; Серп и Молот

PenColor C0C0C0
BrushColor C0C0C0
Polygon 559,-7, 636,58, 699,112, 761,166, 819,221, 878,278, 939,339, 989,391, 1047,453, 1110,525, 1175,602, 1151,622, 1097,559, 1050,505, 953,401, 916,363, 856,302, 799,247, 740,191, 679,137, 619,85, 540,17

PenColor 000000
Spline 1151,622, 1097,559, 1050,505, 991,442, 953,401, 916,363, 856,302, 799,247, 740,191, 679,137, 619,85, 540,17
Railway 10, 14, 4, 571,-20, 892,266, 1189,588
Railway 10, 14, 4, 535,24, 766,226, 926,384, 1074,543, 1145,627

BrushColor FFFFFF
PenColor FFFFFF
Polygon 942,376, 951,367, 996,412, 961,446, 950,434, 975,409

PenColor 000000
Spline 559,-7, 636,58, 699,112, 761,166, 819,221, 878,278, 939,339, 989,391, 1047,453, 1110,525, 1175,602
Line 1175,602, 1151,622
Line 559,-7, 540,17
Line 951,367, 996,412, 906,502, 865,461, 851,475, 821,445, 830,436
Line 838,428, 846,420
Line 942,376, 975,409, 905,479, 876,450, 893,433, 863,403, 853,413
Stairs 969,403, 978,394, 944,378
Stairs 902,476, 891,487, 878,452

BrushColor -1
PenColor 000000
AngleTextOut -45, Arial, 25, 831, 232, Серп и Молот, 1
AngleTextOut -40, Arial, 20, 565, -8, << Москва Курская
AngleTextOut -50, Arial, 20, 1081, 505, Карачарово >>

; стрелки
PenColor 000000
Arrow 793,708, 793,738
Arrow 859,738, 859,708
Arrow 834,884, 834,867
Arrow 816,867, 816,884
PenColor FF0000
Arrow 509,703, 494,703
Arrow 569,1152, 554,1152
PenColor 009900
Arrow 474,613, 487,626
Arrow 572,1233, 587,1218

;Улицы голубым
PenColor 00AFAF
BrushColor -1
AngleTextOut 0, Arial, 15, 486, 823, бульвар  Энтузиастов
AngleTextOut 0, Arial, 15, 1036, 823, шоссе Энтузиастов
AngleTextOut 45, Arial, 15, 291, 597, улица Золоторожский Вал
AngleTextOut 45, Arial, 15, -104, 992, улица Рогожский Вал
AngleTextOut -70, Arial, 15, 297, 1036, Рабочая улица
AngleTextOut -40, Arial, 15, 422, 972, Международная улица
AngleTextOut -40, Arial, 15, 716, 1268, 'к ж/д станции "Москва-товарная"'
AngleTextOut -40, Arial, 15, 378, -68, 'платформа "Серп и Молот"'
AngleTextOut -15, Arial, 15, 146, 781, площадь Рогожская Застава
Arrow 421,528, 684,266, 829,411
Arrow 725,1270, 868,1390

; Выходы
Angle -15
PenColor FFD900
BrushColor 615F56
SpotRect 406, 593, 30, 30, ShowMessage Выход №1
SpotRect 528, 972, 30, 30
SpotRect 14, 919, 30, 30
SpotRect 108, 800, 30, 30
BrushColor -1
TextOut Arial, 25, 414, 594, 1
TextOut Arial, 25, 536, 973, 2
TextOut Arial, 25, 22, 920, 3
TextOut Arial, 25, 116, 801, 4
