Size 940x1120

Angle 90

;Здания беж
BrushColor FEFBF1
PenColor CCCCCC
Polygon 253,246, 253,111, 721,111, 721,137, 927,137, 927,246, 643,246, 643,217, 520,217, 520,234, 455,234, 455,217, 331,217, 331,246

PenColor 000000
AngleTextOut 0, Arial, 15, 463, 149, Рижский вокзал


;Пути

BrushColor FC9C54
Polygon 562,853, 1013,853, 1013,883, 562,883
Polygon 562,963, 1013,963, 1013,993, 562,993

BrushColor -1
PenColor F7782E
AngleTextOut 0, Arial, 25, 686, 908, Рижская, 1
AngleTextOut 0, Arial, 20, 563, 830, << Проспект Мира
AngleTextOut 0, Arial, 20, 867, 993, Алексеевская >>

;Здания беж
PenColor DFDFDF
BrushColor FEFBF1
Ellipse 302,830, 486,1014

; эскалатор 4
PenColor 7F7F7F
Stairs 428,898, 428,947, 622,898
PenColor 000000
BrushColor 9B5509
Polygon 626,896, 425,896, 425,900, 626,900
Polygon 626,911, 425,911, 425,917, 626,917
Polygon 626,928, 425,928, 425,934, 626,934
Polygon 626,945, 425,945, 425,949, 626,949


;левый вестибюль
Line 562,883, 562,891, 663,891, 663,902, 657,902, 657,896, 445,896
Line 562,963, 562,955, 663,955, 663,943, 657,943, 657,949, 444,949
Line 1013,883, 1013,894, 902,894, 902,907, 906,907, 906,940, 902,940, 902,953, 1013,953, 1013,963
Spline 445,896, 426,876, 404,868
Spline 444,949, 415,973, 375,974, 342,945
Spline 337,921, 348,890, 376,870
Spline 365,840, 401,835, 435,844
Spline 404,862, 428,871, 450,893
Spline 317,963, 308,941, 306,918
Spline 333,922, 336,903, 344,888
Line 342,945, 337,947, 339,952, 317,963
Line 404,868, 404,862
Line 337,921, 333,922
Line 376,870, 374,864, 371,865, 365,840
Line 435,844, 437,840
Line 450,893, 474,876
Line 344,888, 318,870
Line 306,918, 302,918

;кассы
Line 371,865, 361,870, 346,850
Spline 365,840, 355,844, 346,850
BrushColor -1
AngleTextOut -65, Arial, 9, 362, 843, кассы

;турникеты
Line 424,915, 353,906, 348,896, 0.5
Line 417,877, 420,874, 0.5
Polygon 411,884, 409,878, 415,876, 417,882
PenColor 009900
Stairs 407,885, 405,880, 351,903

;стрелки
PenColor FF0000
Arrow 319,928, 319,912
Arrow 440,939, 425,939
Arrow 650,939, 628,939
PenColor 009900
Arrow 437,861, 421,853
Arrow 388,864, 392,875
Arrow 425,906, 440,906
Arrow 628,906, 650,906

;инфососы
PenColor 34349C
BrushColor 34349C
Polygon 799,929, 797,929, 797,924, 799,924
Polygon 384,840, 383,838, 378,839, 379,841
PenColor FF0000
BrushColor FF0000
Polygon 799,924, 797,924, 797,919, 799,919
Polygon 379,841, 378,839, 373,840, 374,842


;переход

BrushColor -1
PenColor 000000
Line 353,739, 306,739, 306,717, 353,717
Line 431,689, 340,689, 340,712, 431,712
Line 268,522, 268,479, 245,479, 245,522
Line 352,310, 255,310, 255,279, 352,279
Line 21,209, 21,261, -8,261, -8,209
Line -13,396, -13,441, -37,441, -37,397
Line -13,527, -13,486, -37,486, -37,527
Line -42,812, -42,758, -71,758, -71,812
Stairs -42,767, -71,767, -42,805
Stairs -13,494, -37,494, -13,525
Stairs -37,431, -13,431, -37,402
Stairs 21,213, -8,213, 21,254
Stairs 268,487, 245,487, 268,518
Stairs 315,717, 315,739, 350,717
PenColor D8D8D8
Line 306,717, 292,717, 292,712, 340,712
Line 340,689, 239,689, 239,471, 245,471, 245,479
Line 306,739, -42,740, -42,758
Line 268,479, 268,443, 239,443, 239,310, 255,310
Line 255,279, 21,279, 21,261
Polygon 200,310, 22,310, 22,710, 200,710
Line -71,758, -71,710, -8,710, -8,479, -13,479, -13,486
Line -37,486, -37,441
Line -13,441, -13,449, -8,449, -8,261

;названия улиц синим
PenColor 00AFAF
BrushColor -1
AngleTextOut 0, Arial, 15, 284, 592, Проспект Мира
AngleTextOut 0, Arial, 15, 279, 365, Рижская площадь
AngleTextOut -90, Arial, 15, 122, 762, улица Сущёвский Вал
AngleTextOut -90, Arial, 15, 119, 326, улица Сущёвский Вал
