Size 500x500
Angle 50

; пути

BrushColor E41C0C
Polygon 28,174, 28,144, 478,144, 478,174
Polygon 28,284, 28,254, 478,254, 478,284

PenColor E41C0C
BrushColor -1
AngleTextOut 0, Arial, 20, 31, 119, << тупик
AngleTextOut 0, Arial, 20, 232, 284, Румянцево >>
AngleTextOut 0, Arial, 25, 192, 184, Саларьево, 1

;инфосос
PenColor 34349C
BrushColor 34349C
Polygon 253,219, 253,215, 254,215, 254,219
PenColor FF0000
BrushColor FF0000
Polygon 253,223, 253,219, 254,219, 254,223

; левый вестибюль

PenColor FF0000
Arrow 52,244, 39,244

Opaque 80
PenColor FFFFFF
BrushColor FFFFFF
Polygon 146,153, 43,153, 43,190, 35,190, 35,226, 43,226, 43,237, 19,237, 19,252, 28,252, 28,275, 43,275, 43,285, 80,285, 80,275, 146,275
Opaque 100

PenColor 000000
Line 181,244, 146,244, 146,275, 80,275, 80,298, 120,298
Line 120,353, 43,353, 43,313, 25,313, 25,316, 10,316, 10,302, 43,302, 43,275, 28,275, 28,252, 19,252, 19,237, 43,237, 43,153, 146,153, 146,184, 181,184
BrushColor D0D0D0
Polygon 80,298, 120,298, 120,296, 80,296
Polygon 43,313, 41,313, 41,355, 120,355, 120,353, 43,353

Opaque 80
PenColor FFFFFF
BrushColor FFFFFF
;Polygon 372,256, 269,256, 269,293, 261,293, 261,329, 269,329, 269,340, 245,340, 245,355, 254,355, 254,378, 269,378, 269,388, 306,388, 306,378, 372,378
Polygon 146,296, 146,286, 28,286, 28,365, 146,365, 146,355, 41,355, 41,296
Opaque 100

Line 120,298, 120,296, 41,296, 41,355, 120,355, 120,353
Line 181,310, 146,310, 146,286, 28,286, 28,365, 146,365, 146,340, 181,340
Line 28,174, 28,237
Stairs 178,184, 178,244, 149,184
Stairs 178,310, 178,340, 149,310
Stairs 116,298, 116,326, 94,298

; эскалаторы
PenColor 7F7F7F
Stairs 116,350, 116,327, 95,350
PenColor 000000
BrushColor 9B5509
Polygon 120,326, 120,329, 91,329, 91,326
Polygon 120,337, 120,342, 91,342, 91,337
Polygon 120,350, 91,350, 91,353, 120,353

; кассы
BrushColor -1
Line 43,190, 35,190, 35,226, 43,226
AngleTextOut -90, Arial, 10, 45, 196, кассы

; турникеты
BrushColor -1
PenColor FF0000
Stairs 30,242, 23,242, 30,247
Stairs 108,267, 112,267, 108,173
PenColor 000000
Polygon 113,161, 104,161, 104,170, 113,170

; стрелки
PenColor FF0000
Arrow 100,217, 88,217
Arrow 61,263, 61,276

;лифты
PenColor 000000
BrushColor D0EFFF
Polygon 4,237, 19,237, 19,252, 4,252
BrushColor -1
AngleTextOut 0, Arial, 6, 5, 241, лифт

;лифты
PenColor 000000
BrushColor D0EFFF
Polygon 10,316, 25,316, 25,331, 10,331
BrushColor -1
AngleTextOut 0, Arial, 6, 11, 320, лифт

; правый вестибюль

Opaque 80
PenColor FFFFFF
BrushColor FFFFFF
Polygon 463,153, 360,153, 360,275, 426,275, 426,285, 463,285, 463,275, 478,275, 478,252, 486,252, 486,236, 463,236
Opaque 100

PenColor 000000
Line 324,244, 360,244, 360,275, 426,275, 426,298, 385,298
Line 384,353, 463,353, 463,313, 481,313, 481,317, 497,317, 497,302, 463,302, 463,275, 478,275, 478,252, 486,252, 486,236, 463,236, 463,153, 360,153, 360,184, 324,184

Opaque 80
PenColor FFFFFF
BrushColor FFFFFF
Polygon 360,286, 478,286, 478,365, 360,365, 360,356, 465,355, 465,296, 360,296
Opaque 100

Line 385,298, 385,296, 465,296, 465,355, 384,355, 384,353
Line 318,311, 360,311, 360,286, 478,286, 478,365, 360,365, 360,341, 318,341
Line 478,174, 478,236
Stairs 357,184, 357,244, 327,184
Stairs 357,311, 357,341, 318,311
Stairs 411,298, 411,326, 387,298
BrushColor D0D0D0
Polygon 426,298, 426,296, 385,296, 385,298
Polygon 384,355, 384,353, 463,353, 463,313, 465,313, 465,355, 

; эскалаторы
PenColor 7F7F7F
Stairs 411,350, 411,328, 387,350
PenColor 000000
BrushColor 9B5509
Polygon 416,326, 416,329, 384,329, 384,326
Polygon 416,337, 416,342, 384,342, 384,337
Polygon 416,350, 384,350, 384,353, 416,353

; кассы
BrushColor -1
Line 463,191, 471,191, 471,227, 463,227
AngleTextOut -90, Arial, 10, 473, 196, кассы

; турникеты
BrushColor -1
PenColor 009900
Stairs 400,251, 396,251, 400,159
Stairs 475,242, 481,242, 475,247
PenColor 000000
Polygon 407,257, 407,267, 397,267, 397,257

; стрелки
PenColor 009900
Arrow 423,214, 408,214
Arrow 444,279, 444,265

;лифты
PenColor 000000
BrushColor D0EFFF
Polygon 502,236, 486,236, 486,252, 502,252
BrushColor -1
AngleTextOut 0, Arial, 6, 488, 241, лифт

;лифты
PenColor 000000
BrushColor D0EFFF
Polygon 497,317, 481,317, 481,333, 497,333
BrushColor -1
AngleTextOut 0, Arial, 6, 483, 322, лифт

; закрытые кассы
Opaque 70
PenColor FFD0D0
BrushColor FFD0D0
Polygon 35,190, 35,226, 43,226, 43,190

Opaque 100
PenColor FF4040
BrushColor -1
Dashed 35,190, 35,226, 43,226, 43,190, 35,190
BrushColor 000000
