Size 1150x1180

Angle 10
; метро

; пути
BrushColor 9CA4A4
Polygon 178,1090, 178,640, 208,640, 208,1090
Polygon 288,1090, 288,640, 318,640, 318,1090

BrushColor -1
PenColor 4C4C4C
AngleTextOut -90, Arial, 20, 343, 640, << Дмитровская
AngleTextOut -90, Arial, 20, 178, 931, Менделеевская >>
AngleTextOut -90, Arial, 25, 262, 845, Савёловская, 1

;инфосос
PenColor 34349C
BrushColor 34349C
Polygon 248,1054, 244,1054, 244,1055, 248,1055
PenColor FF0000
BrushColor FF0000
Polygon 252,1054, 248,1054, 248,1055, 252,1055

; южный торец

PenColor 000000
Line 208,1090, 217,1090, 217,1047, 224,1047, 224,1059, 272,1059, 272,1047, 280,1047, 280,1090, 288,1090

; северный вестибюль

Line 268,729, 268,765, 264,765, 264,805, 278,805, 278,640, 288,640
Line 208,640, 219,640, 219,805, 234,805, 234,765, 230,765, 230,729
Line 924,713, 902,700, 952,613
Line 933,602, 911,640, 841,599
Line 824,589, 799,575, 820,538
Line 268,614, 294,614, 294,592, 328,592, 328,530, 322,530, 322,520, 328,520, 328,493, 624,493, 903,654, 873,706, 914,730
Line 801,527, 780,564, 629,477, 591,477, 591,427
Line 549,427, 549,469, 106,469, 106,427
Line 85,427, 85,493, 169,493, 169,520, 174,520, 174,530, 169,530, 169,592, 206,592, 206,614, 230,614
Stairs 106,429, 85,429, 106,467
Stairs 169,506, 328,506, 169,493
Stairs 549,429, 591,429, 549,467
Stairs 600,493, 600,477, 591,493
Stairs 800,529, 819,540, 782,561
Stairs 932,604, 951,615, 913,637
Stairs 891,675, 910,686, 902,656
Stairs 922,712, 912,729, 904,701

BrushColor D0D0D0
Polygon 200,530, 200,520, 297,520, 297,530

; эскалатор 4 верт
PenColor 7F7F7F
Stairs 233,723, 265,723, 233,610
PenColor 000000
BrushColor 9B5509
Polygon 230,729, 230,606, 233,606, 233,729
Polygon 238,729, 238,606, 242,606, 242,729
Polygon 247,729, 247,606, 251,606, 251,729
Polygon 256,729, 256,606, 260,606, 260,729
Polygon 265,729, 265,606, 268,606, 268,729

; кассы
BrushColor FFFFFF
Line 201,592, 201,601, 173,601, 173,592
BrushColor -1
AngleTextOut 0, Arial, 10, 175, 590, кассы

; турникеты
BrushColor -1
Line 288,530, 288,551, 0.5
Line 206,574, 206,592, 0.5
Line 288,564, 249,595, 249,606, 0.5
Polygon 248,556, 244,558, 242,554, 246,552
PenColor 009900
Stairs 238,556, 240,560, 205,572
PenColor FF0000
Stairs 252,551, 252,555, 326,551

;инфосос
PenColor 34349C
BrushColor 34349C
Polygon 297,582, 297,586, 298,586, 298,582
PenColor FF0000
BrushColor FF0000
Polygon 297,578, 297,582, 298,582, 298,578

;стрелки
PenColor FF0000
Arrow 309,533, 309,517
Arrow 257,759, 257,741
PenColor 009900
Arrow 185,518, 185,535
Arrow 241,741, 241,759



; платформа "Савёловская"

Opaque 80
PenColor FFFFFF
BrushColor FFFFFF
Polygon 805,577, 862,610, 852,626, 795,593
Polygon 669,497, 718,526, 717,549, 668,521
Opaque 100

PenColor 000000
Railway 10, 14, 4, 1059,164, 481,1166
Railway 10, 14, 4, 1102,188, 531,1176

BrushColor C0C0C0
Polygon 719,761, 745,776, 1091,178, 1066,163

PenColor 999999
Line 813,602, 836,615
Line 821,588, 824,589, 827,584
Line 844,601, 841,599, 844,594

PenColor FFFFFF
BrushColor FFFFFF
Polygon 845,553, 862,563, 844,594, 827,584
PenColor 000000

Line 845,553, 827,584, 844,594, 862,563
Stairs 844,555, 861,565, 827,584

; кассы
PenColor 000000
BrushColor 808080
Polygon 890,477, 968,342, 985,352, 907,487
PenColor FFFFFF
BrushColor -1
AngleTextOut 60, Arial, 20, 910, 437, Кассы

PenColor 000000
BrushColor -1
AngleTextOut 60, Arial, 15, 723, 749, << Москва-Смоленская
AngleTextOut 60, Arial, 10, 743, 740, (Белорусский вокзал)
AngleTextOut 60, Arial, 15, 1027, 252, Станколит >>
AngleTextOut 60, Arial, 15, 962, 484, 'платформа "Савёловская"'


; Савёловский вокзал

; переход к дальней платформе
PenColor 999999
Line 668,258, 679,258, 679,218, 717,218, 717,216
Line 668,277, 698,277, 698,236, 736,236, 736,216
Stairs 698,257, 679,257, 698,238

; пути
PenColor 000000
Railway 10, 14, 4, 686,27, 686,180, 685,371, 676,623, 652,781, 616,903, 586,978, 566,1019
Railway 10, 14, 4, 636,22, 636,187
Railway 10, 14, 4, 616,12, 616,187
Railway 10, 14, 4, 566,7, 566,187
Railway 10, 14, 4, 546,2, 546,187
Railway 10, 14, 4, 516,-3, 516,187
Railway 10, 14, 4, 496,-8, 496,187
Railway 10, 14, 4, 446,-13, 446,187
Railway 10, 14, 4, 426,-18, 426,187
Railway 10, 14, 4, 376,-28, 376,187
Railway 10, 14, 4, 706,33, 706,182, 706,372, 717,617, 710,707, 694,783, 674,831
Railway 10, 14, 4, 669,840, 653,877, 637,936, 625,985, 613,1025, 592,1071

;Здания беж
BrushColor FEFBF1
PenColor BBBBBB
Polygon 233,401, 233,286, 509,286, 509,401

; платформа
PenColor C0C0C0
BrushColor C0C0C0
Polygon 361,286, 361,233, 381,213, 381,-23, 394,-23, 401,-16, 410,-16, 410,196, 452,196, 452,-11, 463,-11, 470,-4, 479,-4, 479,196, 573,196, 573,10, 583,10, 590,17, 600,17, 600,196, 643,196, 643,22, 653,22, 660,29, 670,29, 670,238, 650,258, 650,277, 617,277, 617,286
Polygon 713,35, 723,35, 730,42, 740,42, 740,195, 713,195

; вокзал
PenColor 000000
BrushColor 808080
Polygon 426,343, 318,343, 318,286, 426,286
Polygon 233,286, 246,286, 246,336, 253,336, 253,343, 246,343, 246,392, 318,392, 318,356, 339,356, 339,401, 233,401
Polygon 269,343, 269,336, 302,336, 302,343
Polygon 440,343, 440,336, 475,336, 475,343
Polygon 393,401, 393,356, 424,356, 424,394, 496,394, 496,343, 489,343, 489,336, 496,336, 496,286, 509,286, 509,401

; турникеты
PenColor E0E0E0
BrushColor E0E0E0
Polygon 549,286, 617,286, 617,311, 549,311
Polygon 437,286, 437,303, 489,303, 489,286
PenColor 000000
Line 607,286, 617,286, 617,311, 607,311
Line 559,311, 549,311, 549,286, 559,286
Line 575,286, 591,286
Line 575,311, 591,311
Line 437,303, 437,286
Line 489,286, 489,303
PenColor 009900
Stairs 441,299, 441,291, 487,299
PenColor FF0000
Stairs 553,294, 553,301, 615,294

; кассы
PenColor 000000
Line 416,286, 416,336, 426,336
Line 412,356, 412,394, 424,394
Line 496,347, 506,347, 506,390, 496,390
Line 246,344, 239,344, 239,391, 246,391
Line 318,306, 329,306, 329,336, 318,336

PenColor FFFFFF
BrushColor -1
AngleTextOut -90, Arial, 10, 507, 355, кассы
AngleTextOut -90, Arial, 10, 429, 298, кассы
AngleTextOut -90, Arial, 8, 427, 360, кассы на
AngleTextOut -90, Arial, 8, 422, 358, экспрессы
AngleTextOut -90, Arial, 6, 247, 346, авиа и ж/д кассы
AngleTextOut -90, Arial, 6, 330, 308, авиа и ж/д
AngleTextOut -90, Arial, 6, 326, 315, кассы
PenColor 000000
AngleTextOut 0, Arial, 10, 251, 299, зал ожидания

; контуры здания
PenColor 000000
Line 440,286, 233,286, 233,401, 346,401
Line 360,401, 372,401
Line 339,385, 346,385
Line 360,385, 372,385
Line 385,385, 393,385
Line 385,401, 509,401, 509,298
Line 509,286, 486,286
Line 339,401, 339,431
Line 393,431, 393,401
Stairs 339,429, 393,429, 339,412


;стрелки
PenColor FF0000
Arrow 567,289, 567,310
Arrow 599,289, 599,310
PenColor 009900
Arrow 379,399, 379,386
Arrow 353,399, 353,386
Arrow 463,301, 463,285


PenColor 000000
BrushColor -1
AngleTextOut 0, Arial, 25, 408, 217, Москва-Савёловская
AngleTextOut 0, Arial, 15, 215, 266, Савёловский вокзал
AngleTextOut -90, Arial, 15, 673, 37, Москва-Смоленская >>
AngleTextOut -90, Arial, 10, 660, 37, (Белорусский вокзал)
AngleTextOut -90, Arial, 15, 730, 53, << Тимирязевская
AngleTextOut -90, Arial, 15, 596, 29, << Тимирязевская
AngleTextOut -90, Arial, 15, 403, 32, << Экспрессы до Лобни

; номера платформ
PenColor D0D0D0
AngleTextOut 0, Arial, 10, 648, 183, пл.1
AngleTextOut 0, Arial, 10, 578, 183, пл.2
AngleTextOut 0, Arial, 10, 458, 182, пл.3
AngleTextOut 0, Arial, 10, 387, 183, пл.4
AngleTextOut 0, Arial, 10, 718, 183, пл.5

AngleTextOut -10, Arial, 10, 629, 10, 1
AngleTextOut -10, Arial, 10, 680, 19, 2
AngleTextOut -10, Arial, 10, 610, 7, 3
AngleTextOut -10, Arial, 10, 559, -2, 4
AngleTextOut -10, Arial, 10, 491, -14, 7
AngleTextOut -10, Arial, 10, 440, -23, 8
AngleTextOut -10, Arial, 10, 419, -27, 9
AngleTextOut -10, Arial, 10, 366, -36, 10
AngleTextOut -10, Arial, 10, 697, 22, 3а



; платформа
PenColor 000000
Line 361,286, 361,233, 381,213, 381,-23
Line 410,-16, 410,196, 452,196, 452,-11
Line 479,-4, 479,196, 573,196, 573,10
Line 600,17, 600,196, 643,196, 643,22
Line 670,29, 670,238, 650,258, 668,258
Line 668,277, 617,277, 617,286
Line 549,298, 509,298
Line 713,35, 713,195, 717,195, 717,216
Line 736,216, 736,195, 740,195, 740,42
Stairs 665,258, 665,277, 652,258
Stairs 717,197, 736,197, 717,214

; Названия улиц голубым
PenColor 00AFAF
BrushColor -1
AngleTextOut -90, Arial, 15, 17, 591, Бутырская улица
AngleTextOut -30, Arial, 15, 1037, 583, ТК Савёловский
AngleTextOut -10, Arial, 15, 841, 798, Сущёвский Вал
AngleTextOut 60, Arial, 15, 830, 491, 'ТК "Динамо" >>'
