Size 460x1100

Angle 90

; пути

BrushColor 34349C
Polygon 9,425, 9,395, 459,395, 459,425
Polygon 9,535, 9,505, 459,505, 459,535

PenColor 34349C
BrushColor -1
AngleTextOut 0, Arial, 20, 14, 372, << Первомайская
AngleTextOut 0, Arial, 20, 387, 537, тупик >>
AngleTextOut 0, Arial, 25, 161, 452, Щёлковская, 1

; левый вестибюль

PenColor 000000
Line 9,506, 9,492, -48,492, -48,523, -131,523, -131,589, -184,589
Line -184,570, -150,570, -150,362, -185,362
Line -185,343, -131,343, -131,407, -48,407, -48,438, 9,438, 9,425
Stairs -184,362, -184,343, -150,362
Stairs -183,570, -183,589, -150,570
Stairs -47,438, -47,492, -25,438
Stairs -13,438, -13,492, 8,438

BrushColor D0D0D0
Polygon -131,433, -118,433, -118,501, -131,501

; кассы
BrushColor FFFFFF
Polygon -126,454, -126,482, -118,482, -118,454
BrushColor -1
AngleTextOut -90, Arial, 10, -116, 456, кассы

; турникеты
BrushColor -1
Line -48,435, -78,435, 0.5
Polygon -81,434, -76,437, -79,442, -84,439
Line -102,520, -102,523, 0.5
Line -118,484, -104,484, 0.5
PenColor 009900
Stairs -86,443, -82,445, -104,482
PenColor FF0000
Stairs -104,484, -100,484, -104,521

; стрелки
PenColor FF0000
Arrow -118,512, -133,512
PenColor 009900
Arrow -133,420, -118,420


; правый вестибюль

PenColor 000000
Line 429,342, 489,342, 489,336, 583,336, 583,342, 643,342
Line 429,362, 502,362, 512,372, 512,395, 508,395, 508,437, 459,437, 459,425
Line 459,506, 459,492, 508,492, 508,536, 512,536, 512,560, 502,570, 429,570
Line 429,590, 489,590, 489,596, 583,596, 583,590, 643,590
Line 643,570, 572,570, 562,560, 562,495, 573,495, 573,434, 562,434, 562,372, 572,362, 642,362
Stairs 433,570, 433,590, 451,570
Stairs 464,570, 464,590, 482,570
Stairs 590,570, 590,590, 608,570
Stairs 621,570, 621,590, 639,570
Stairs 461,437, 461,492, 478,437
Stairs 490,437, 490,492, 508,437
Stairs 433,342, 433,362, 451,342
Stairs 464,342, 464,362, 482,342
Stairs 590,342, 590,362, 608,342
Stairs 621,342, 621,362, 639,342

; кассы
BrushColor -1
Line 573,446, 585,446, 585,485, 573,485
AngleTextOut -90, Arial, 15, 588, 447, кассы

; турникеты
BrushColor -1
Line 536,373, 536,449, 0.5
Line 536,560, 536,491, 0.5
Polygon 539,490, 532,490, 532,483, 539,483
PenColor 009900
Stairs 538,478, 533,478, 538,449
PenColor FF0000
Stairs 535,444, 532,447, 511,420
Stairs 511,514, 508,511, 532,493

; стрелки
PenColor FF0000
Arrow 518,436, 528,426
Arrow 516,499, 528,511
PenColor 009900
Arrow 549,373, 549,396
Arrow 540,464, 525,464
Arrow 549,560, 549,537


; Названия улиц голубым
PenColor 00AFAF
BrushColor -1
AngleTextOut -90, Arial, 15, 770, 628, Центральный автовокзал
AngleTextOut -90, Arial, 15, 540, 634, Щёлковское шоссе
AngleTextOut 0, Arial, 15, -303, 462, 9-я Парковая улица
AngleTextOut 0, Arial, 15, 639, 461, Уральская улица
AngleTextOut 0, Arial, 15, -301, 599, '<< Кинотеатр "София"'
AngleTextOut 0, Arial, 15, -302, 619, '<<Универмаг "Первомайский"'
