Size 730x370

; пути

BrushColor 34349C
Polygon 241,67, 241,37, 691,37, 691,67
Polygon 241,167, 241,137, 691,137, 691,167

PenColor 34349C
BrushColor -1
AngleTextOut 0, Arial, 20, 242, 14, << Электрозаводская
AngleTextOut 0, Arial, 20, 548, 167, Партизанская >>
AngleTextOut 0, Arial, 25, 398, 91, Семёновская, 1


; левый вестибюль

PenColor 000000
Line 241,67, 241,75, 389,75, 389,82, 325,82
Line 325,122, 389,122, 389,129, 241,129, 241,137
Line 174,82, 174,63, 51,63, 51,87, 53,87
Line 53,103, 51,103, 51,108, 53,108
Line 53,125, 51,125, 51,149, 94,149, 94,157, 60,157, 60,219, 95,219, 95,211, 99,211, 99,207
Line 128,207, 128,211, 132,211, 132,219, 174,219, 174,157, 132,157, 132,149, 174,149, 174,122

; эскалатор 3 гор
PenColor 7F7F7F
Stairs 318,119, 318,85, 157,119
PenColor 000000
BrushColor 9B5509
Polygon 325,85, 152,85, 152,82, 325,82
Polygon 325,93, 325,98, 152,98, 152,93
Polygon 325,106, 325,111, 152,111, 152,106
Polygon 325,119, 152,119, 152,122, 325,122

; кассы
BrushColor -1
Line 60,166, 51,166, 51,202, 60,202
AngleTextOut 90, Arial, 10, 49, 196, кассы

; турникеты
BrushColor -1
PenColor 009900
Stairs 95,164, 95,160, 133,164
PenColor FF0000
Stairs 58,88, 62,88, 58,125

; стрелки
PenColor FF0000
Arrow 96,97, 83,97
PenColor 009900
Arrow 114,191, 114,176


; правый вестибюль

PenColor 000000
Line 691,67, 691,75, 568,75, 568,83, 577,83, 577,121, 568,121, 568,129, 691,129, 691,137


; Названия улиц голубым
PenColor 00AFAF
BrushColor -1
AngleTextOut -90, Arial, 15, 21, 63, улица Измайловский Вал
AngleTextOut -90, Arial, 15, 723, 48, Вельяминовская улица
AngleTextOut 0, Arial, 15, 52, 347, Семёновская площадь
AngleTextOut 0, Arial, 15, 68, 291, Щербаковская улица
