Size 480x720

Angle 75

;Пути
BrushColor FC9C54
Polygon 150,343, 600,343, 600,373, 150,373
Polygon 150,453, 600,453, 600,483, 150,483

BrushColor -1
PenColor F7782E
AngleTextOut 0, Arial, 25, 275, 384, Шаболовская, 1
AngleTextOut 0, Arial, 20, 149, 320, << Ленинский проспект
AngleTextOut 0, Arial, 20, 472, 484, Октябрьская >>

; эскалатор 4
PenColor 7F7F7F
Stairs 1,389, 1,438, 195,389
PenColor 000000
BrushColor 9B5509
Polygon 199,387, -2,387, -2,391, 199,391
Polygon 199,402, -2,402, -2,408, 199,408
Polygon 199,419, -2,419, -2,425, 199,425
Polygon 199,436, -2,436, -2,440, 199,440


;левый вестибюль
Line 150,373, 150,382, 236,382, 236,393, 230,393, 230,387, 199,387
Line 24,387, 23,369, -97,380, -96,391, -93,391
Line 150,453, 150,445, 236,445, 236,434, 230,434, 230,440, 28,440, 32,485, -36,491, -36,488
Line -90,418, -93,418, -86,496, -58,493, -58,490

;торец
Line 600,373, 600,385, 459,385, 459,397, 465,397, 465,428, 459,428, 459,441, 600,441, 600,453

;кассы
BrushColor -1
Line 29,449, 42,448, 45,480, 32,481
AngleTextOut -85, Arial, 10, 42, 452, кассы

;турникеты
Line -1,441, -34,452, 0.5
Line -2,410, -42,411, 0.5
Polygon -32,450, -33,445, -38,446, -37,451
PenColor 009900
Stairs -46,413, -41,412, -38,444
PenColor FF0000
Stairs -41,409, -47,409, -44,374

;полиция
PenColor 000000
Line -13,372, -14,362, -41,364, -40,375
AngleTextOut 5, Arial, 7, -40, 365, полиция

;стрелки
PenColor FF0000
Arrow -8,397, -23,397
Arrow 220,396, 202,396
Arrow -89,405, -101,406
PenColor 009900
Arrow -46,496, -47,484
Arrow -22,431, -7,431
Arrow 202,430, 221,430

;инфососы
PenColor 34349C
BrushColor 34349C
Polygon 359,420, 357,420, 357,415, 359,415
Polygon -2,376, -2,374, -7,374, -7,376
PenColor FF0000
BrushColor FF0000
Polygon 359,415, 357,415, 357,410, 359,410
Polygon -7,376, -7,374, -12,374, -12,376


; Названия улиц голубым
PenColor 00AFAF
BrushColor -1
AngleTextOut 5, Arial, 15, -25, 587, улица Шаболовка
AngleTextOut -85, Arial, 15, 350, 98, улица Академика Петровского
