Size 780x660
Angle 20

; пути
BrushColor FCDC04
Polygon 431,386, -19,386, -19,356, 431,356
Polygon -19,496, -19,466, 431,466, 431,496

BrushColor -1
PenColor 000000
AngleTextOut 0, Arial, 20, -14, 332, << јвиамоторна€
AngleTextOut 0, Arial, 20, 342, 497, ѕерово >>
AngleTextOut 0, Arial, 25, 92, 397, Ўоссе Ёнтузиастов, 1
PenColor FCDC04
AngleTextOut 0, Arial, 20, -15, 331, << јвиамоторна€
AngleTextOut 0, Arial, 20, 341, 496, ѕерово >>
AngleTextOut 0, Arial, 25, 90, 395, Ўоссе Ёнтузиастов, 1

;инфосос
PenColor 34349C
BrushColor 34349C
Polygon 205,427, 205,423, 206,423, 206,427
PenColor FF0000
BrushColor FF0000
Polygon 205,431, 205,427, 206,427, 206,431


; левый вестибюль

PenColor 000000
Line -19,466, -19,454, 66,454, 66,441, 60,441, 60,410, 66,410, 66,398, -19,398, -19,386


; правый вестибюль

Line 431,466, 431,459, 342,459, 342,452, 359,452, 359,449
Line 443,449, 443,454, 482,454, 494,466, 494,505, 583,505, 583,495, 606,495, 606,505, 628,505, 628,547
Line 652,547, 652,505, 684,505, 684,347, 654,347, 633,326, 633,180, 675,180
Line 675,157, 633,157, 633,127, 675,127
Line 675,105, 567,105
Line 567,128, 609,128, 609,326, 630,347, 606,347, 606,357, 583,357, 583,347, 494,347, 494,387, 482,399, 443,399, 443,404
Line 359,404, 359,401, 342,401, 342,394, 431,394, 431,386
Stairs 628,545, 652,545, 628,507
Stairs 609,326, 633,326, 609,311
Stairs 673,180, 673,157, 635,180
Stairs 673,127, 673,105, 635,127
Stairs 569,128, 569,105, 607,128

BrushColor D0D0D0
Polygon 583,469, 583,384, 606,384, 606,469

; кассы
BrushColor FFFFFF
Polygon 583,404, 597,404, 597,450, 583,450
BrushColor -1
AngleTextOut -90, Arial, 10, 597, 413, кассы

; турникеты
BrushColor -1
Line 494,387, 509,402, 0.5
Polygon 551,446, 557,446, 557,452, 551,452
Line 554,492, 554,505, 0.5
Line 557,452, 583,452, 0.5
PenColor 009900
Stairs 511,401, 508,404, 553,443
PenColor FF0000
Stairs 556,456, 552,456, 556,493

; эскалатор 3
PenColor 7F7F7F
Stairs 449,445, 449,408, 355,445
PenColor 000000
BrushColor 9B5509
Polygon 456,408, 349,408, 349,404, 456,404
Polygon 456,417, 456,422, 349,422, 349,417
Polygon 456,431, 456,436, 349,436, 349,431
Polygon 456,445, 349,445, 349,449, 456,449

;инфосос
PenColor 34349C
BrushColor 34349C
Polygon 528,501, 524,501, 524,502, 528,502
PenColor FF0000
BrushColor FF0000
Polygon 532,501, 528,501, 528,502, 532,502


; Ќазвани€ улиц голубым
PenColor 00AFAF
BrushColor -1
PenColor 00AFAF
AngleTextOut 0, Arial, 15, 657, 135, трамвайные пути
AngleTextOut 0, Arial, 15, 596, 569,  усковский сквер
AngleTextOut 0, Arial, 15, 421, 223, Ўоссе Ёнтузиастов
AngleTextOut -90, Arial, 15, 430, 558, Ёлектродна€ улица

; стрелки
PenColor FF0000
Arrow 579,482, 596,482
PenColor 009900
Arrow 559,388, 545,402

