Size 1300x1040

Angle 20

; пути

PenColor 000000
BrushColor 34349C
Polygon 892,604, 892,634, 442,634, 442,604
Polygon 892,493, 892,523, 442,523, 442,493

PenColor 34349C
BrushColor -1
AngleTextOut 0, Arial, 20, 441, 464, << Кунцевская
AngleTextOut 0, Arial, 20, 755, 637, Парк Победы >>
AngleTextOut 0, Arial, 25, 508, 548, Славянский бульвар, 1

; левый вестибюль

PenColor 000000
Line 350,543, 350,493, 225,493, 225,504, 116,504, 116,623, 124,623, 124,753, 172,810, 156,824, 130,793, 134,790, 130,785
Line 350,583, 350,634, 225,634, 225,623, 164,623, 164,731, 203,776
Line 98,818, 122,846
Line 182,853, 198,840
Line 442,604, 442,583
Line 442,523, 442,543
Spline 203,776, 217,810, 198,840
Spline 122,846, 153,863, 182,853
Spline 98,818, 87,784, 105,755
Line 105,755, 109,760
Stairs 124,695, 164,695, 124,720
Stairs 172,810, 198,840, 156,824
Stairs 178,747, 144,777, 196,768
Stairs 151,818, 120,844, 135,799
Line 174,586, 164,586, 164,536, 174,536

BrushColor D0D0D0
Polygon 174,536, 184,536, 184,586, 174,586

; эскалатор 3 гор
PenColor 7F7F7F
Stairs 440,580, 440,546, 347,580
PenColor 000000
BrushColor 9B5509
Polygon 447,546, 341,546, 341,543, 447,543
Polygon 447,554, 447,559, 341,559, 341,554
Polygon 447,567, 447,572, 341,572, 341,567
Polygon 447,580, 341,580, 341,583, 447,583

; кассы
BrushColor -1
;Line 164,442, 154,442, 154,471
AngleTextOut -90, Arial, 10, 176, 548, кассы

; турникеты
BrushColor -1
Line 281,557, 281,572, 0.5
PenColor 009900
Stairs 279,572, 284,572, 279,634
PenColor FF0000
Stairs 279,497, 285,497, 279,558

; стрелки
PenColor FF0000
Arrow 318,527, 296,527
PenColor 009900
Arrow 250,606, 270,606


; правый вестибюль

PenColor 000000
Stairs 910,538, 910,588, 830,538
Line 913,588, 828,588
Line 913,604, 913,634, 1039,634, 1039,660
Line 1039,724, 1039,757
Line 828,538, 913,538, 913,493, 1039,493, 1039,411
Spline 1039,411, 1030,402, 1025,389, 1024,374
Line 1000,374, 1024,374
Line 1000,356, 1031,356
Spline 1031,356, 1044,346, 1061,342, 1078,346, 1091,356
Line 1091,356, 1166,356
Spline 1166,356, 1172,350, 1180,344
Line 1180,344, 1180,313
Line 1180,241, 1180,181
Line 1210,181, 1210,241
Line 1210,313, 1210,344
Spline 1210,344, 1219,350, 1225,356
Line 1225,356, 1347,356
Line 1347,403, 1225,403
Spline 1225,403, 1212,413, 1196,417, 1179,413, 1166,403
Line 1166,403, 1091,403
Spline 1091,403, 1087,407, 1082,411
Line 1082,411, 1082,493, 1090,493, 1090,634, 1082,634, 1082,660
Line 1082,724, 1082,757
Stairs 1210,185, 1180,185, 1210,230
Line 1028,591, 1039,591, 1039,534, 1028,534
Stairs 1039,900, 1082,900, 1039,853
Stairs 1343,356, 1343,403, 1291,356
Stairs 1151,356, 1151,403, 1108,356
Line 1039,820, 1039,903
Line 1082,820, 1082,905
Line 1024,682, 1003,682
Line 1024,702, 1003,702
Spline 1039,757, 1028,770, 1022,788, 1028,807, 1039,820
Spline 1082,757, 1094,770, 1099,788, 1094,807, 1082,820
Spline 1082,724, 1094,711, 1099,692, 1094,673, 1082,660
Spline 1039,660, 1030,669, 1024,682
Spline 1039,724, 1030,715, 1024,702
Line 892,538, 892,523

BrushColor D0D0D0
Polygon 1017,534, 1028,534, 1028,591, 1017,591

PenColor D0D0D0
Line 1180,313, 1180,241
Line 1210,241, 1210,313


; кассы
BrushColor -1
PenColor 000000
AngleTextOut -90, Arial, 10, 1041, 551, кассы

; турникеты
BrushColor -1
PenColor 000000
Line 975,553, 975,570, 0.5
PenColor 009900
Stairs 977,570, 972,570, 977,633
PenColor FF0000
Stairs 977,497, 972,497, 977,554

; стрелки
PenColor FF0000
Arrow 942,527, 961,527
PenColor 009900
Arrow 1008,607, 991,607


;Лифты
PenColor 000000
BrushColor D0EFFF
Polygon 913,588, 913,604, 892,604, 892,588
AngleTextOut 0, Arial, 6, 895, 591, Лифт

Polygon 981,682, 1003,682, 1003,702, 981,702
AngleTextOut 0, Arial, 6, 984, 688, Лифт

Polygon 977,356, 1000,356, 1000,374, 977,374
AngleTextOut 0, Arial, 6, 981, 361, Лифт


;Железная дорога
PenColor 000000
Railway 10, 14, 4, 1395,256, 40,256
Railway 10, 14, 4, 1470,282, 30,282
Railway 10, 14, 4, 1540,308, 21,308

; Названия улиц голубым
PenColor 00AFAF
BrushColor -1
AngleTextOut -50, Arial, 15, -27, 719, Старорублёвское шоссе
AngleTextOut 0, Arial, 15, 901, 138, улица Герасима Курина
AngleTextOut 0, Arial, 15, 855, 1079, Кутузовский проспект
AngleTextOut 0, Arial, 15, 534, 196, Белорусское направление ЖД

;переход
PenColor 000000
Line 1104,1014, 1055,1014, 1055,1035, 1104,1035
Line 1022,1148, 1022,1173, 1026,1173, 1026,1147, 1052,1147, 1052,1173, 1056,1173, 1056,1148
Line 1076,1148, 1076,1173
Line 1002,1148, 1002,1173
Stairs 1100,1014, 1100,1035, 1062,1014
Stairs 1026,1155, 1052,1155, 1026,1173
Stairs 1002,1151, 1022,1151, 1002,1173
Stairs 1076,1151, 1056,1151, 1076,1173
PenColor D8D8D8
Line 1055,1014, 1026,1014, 1026,1147
Line 1055,1035, 1052,1035, 1052,1147

; Выходы
Angle -20
PenColor FFD900
BrushColor 615F56
SpotRect 178, 898, 30, 30, ShowMessage Выход №1
SpotRect 994, 31, 30, 30
SpotRect 1238, 189, 30, 30
SpotRect 1098, 717, 30, 30
BrushColor -1
TextOut Arial, 25, 186, 899, 1
TextOut Arial, 25, 1002, 32, 2
TextOut Arial, 25, 1246, 190, 3
TextOut Arial, 25, 1106, 718, 4
