Size 750x500

Angle 20

; пути

BrushColor 34349C
Polygon 465,328, 465,358, 15,358, 15,328
Polygon 465,218, 465,248, 15,248, 15,218

PenColor 34349C
BrushColor -1
AngleTextOut 0, Arial, 20, 21, 194, << Киевская
AngleTextOut 0, Arial, 20, 347, 358, Арбатская >>
AngleTextOut 0, Arial, 25, 148, 273, Смоленская, 1

; левый вестибюль

PenColor 000000
Line 15,248, 15,257, 112,257, 112,267, 99,267, 99,309, 112,309, 112,319, 15,319, 15,328


; правый вестибюль

PenColor 000000
Line 351,268, 351,264, 286,264, 286,256, 465,256, 465,248
Spline 519,227, 502,245, 491,268
Spline 491,308, 516,346, 556,363, 598,357, 626,334, 641,301
Line 646,163, 646,159, 673,159, 673,313, 650,313, 650,301, 641,301
Line 600,164, 600,160, 539,160, 539,164
Line 493,164, 493,160, 465,160, 465,205, 519,205, 519,227
Line 465,328, 465,320, 286,320, 286,312, 351,312, 351,308

PenColor D0D0D0
BrushColor D0D0D0
Polygon 569,211, 569,205, 617,205, 650,238, 650,251, 633,251, 627,240, 618,231, 607,222, 595,217, 582,212
PenColor 000000
Line 569,211, 569,205, 617,205, 650,238, 650,251, 633,251
Spline 633,251, 626,240, 617,231, 607,223, 595,217, 583,213, 569,211

; эскалатор 3 гор
PenColor 7F7F7F
Stairs 504,305, 504,271, 338,305
PenColor 000000
BrushColor 9B5509
Polygon 511,271, 333,271, 333,268, 511,268
Polygon 511,279, 511,284, 333,284, 333,279
Polygon 511,292, 511,297, 333,297, 333,292
Polygon 511,305, 333,305, 333,308, 511,308

; кассы
BrushColor -1
Line 673,169, 682,169, 682,197, 673,197
AngleTextOut -90, Arial, 10, 685, 171, кассы

;Ellipse 489,211, 643,365

; турникеты
BrushColor -1
Polygon 643,253, 648,253, 648,258, 643,258
Line 569,160, 569,205, 0.5
Line 569,211, 569,256, 556,281, 531,294, 511,294, 0.5
PenColor 009900
Stairs 647,262, 644,262, 647,299

; стрелки
PenColor FF0000
Arrow 544,212, 544,199
Arrow 516,166, 516,155
Arrow 514,274, 526,274
PenColor 009900
Arrow 650,280, 636,280
Arrow 623,155, 623,166
Arrow 526,301, 514,301


; Названия улиц голубым
PenColor 00AFAF
BrushColor -1
AngleTextOut 70, Arial, 15, 331, 128, Смоленская площадь
AngleTextOut 70, Arial, 15, 351, 133, (Садовое кольцо)
AngleTextOut 0, Arial, 15, 568, 543, улица Арбат
