Size 500x620
Angle 20

; пути

BrushColor E41C0C
Polygon -27,391, 423,391, 423,421, -27,421
Polygon -27,501, 423,501, 423,531, -27,531

PenColor E41C0C
BrushColor -1
AngleTextOut 0, Arial, 20, -39, 365, << Красносельская
AngleTextOut 0, Arial, 20, 175, 531, Преображенская площадь >>
AngleTextOut 0, Arial, 25, 276, 448, Сокольники, 1


; станция

PenColor 000000
Line -27,501, -27,421
Line 423,501, 423,421

; центральные лестницы

Opaque 80
PenColor FFFFFF
BrushColor FFFFFF
Polygon 122,391, 135,391, 135,389, 195,389, 195,391, 208,391, 208,422, 122,422
Polygon 123,500, 208,500, 208,531, 123,531
Opaque 100

Line 266,441, 208,441, 208,391, 195,391
Line 64,441, 122,441, 122,391, 135,391
Line 64,479, 123,479, 123,531, 208,531, 208,479, 266,479
Stairs 264,441, 264,479, 242,441
Stairs 211,441, 211,479, 229,441
Stairs 119,441, 119,479, 101,441
Stairs 66,479, 66,441, 88,479

;инфосос
PenColor 34349C
BrushColor 34349C
Polygon 166,484, 162,484, 162,485, 166,485
PenColor FF0000
BrushColor FF0000
Polygon 170,484, 166,484, 166,485, 170,485


; переход в вестибюль

PenColor 000000
Line 135,391, 135,270
Line 195,391, 195,270

; стрелки
PenColor FF0000
Arrow 145,410, 145,394
Arrow 185,410, 185,394
PenColor 009900
Arrow 165,354, 165,372


; вестибюль

;Здания беж
PenColor FEFBF1
BrushColor FEFBF1
;PenColor 000000
Polygon 185,143, 185,180, 251,180, 251,143
Polygon 145,143, 145,180, 80,180, 80,143
PenColor C0C0C0
Line 249,164, 251,164, 251,143, 185,143, 185,148, 187,148
Line 187,154, 185,154, 185,180, 251,180, 251,172, 249,172
Line 143,148, 145,148, 145,143, 80,143, 80,164, 82,164
Line 82,172, 80,172, 80,180, 145,180, 145,154, 143,154


Stairs 105,178, 105,162, 138,178
Stairs 139,162, 139,146, 109,162
Stairs 225,178, 225,162, 192,178
Stairs 191,162, 191,146, 221,162

PenColor 000000
Line 242,203, 242,146, 88,146, 88,204
Line 225,178, 182,178, 182,194, 225,194, 225,162, 191,162
Line 139,162, 105,162, 105,194, 148,194, 148,178, 105,178
Spline 242,203, 228,245, 195,270
Spline 88,204, 102,245, 135,270
Spline 225,194, 217,225, 201,244
Spline 105,194, 113,224, 129,244
Stairs 116,259, 129,244, 106,250
Stairs 214,259, 201,244, 224,251
Stairs 148,192, 182,192, 148,183

BrushColor D0D0D0
Polygon 163,180, 167,180, 167,194, 163,194

; кассы
BrushColor -1
Line 115,194, 115,186, 142,186, 142,194
Line 188,194, 188,186, 215,186, 215,194
AngleTextOut 0, Arial, 10, 116, 183, кассы
AngleTextOut 0, Arial, 10, 189, 183, кассы

; турникеты
BrushColor -1
Polygon 152,382, 152,388, 158,388, 158,382
Line 155,382, 155,259, 149,244, 0.5
Line 175,387, 175,259, 181,244, 0.5
PenColor 009900
Stairs 163,383, 163,387, 174,383
PenColor FF0000
Stairs 179,383, 179,387, 192,383
Stairs 139,383, 139,387, 149,383

; стрелки
PenColor FF0000
Arrow 236,184, 236,157, 188,157, 188,168, 239,168, 255,168
Arrow 94,185, 94,157, 142,157, 142,168, 91,168, 76,168
Arrow 127,254, 111,240
Arrow 203,254, 219,240
PenColor 009900
Arrow 151,151, 100,151, 100,173, 155,173, 155,200
Arrow 178,151, 230,151, 230,173, 175,173, 175,200
Arrow 165,235, 165,251

PenColor 000000
BrushColor -1
AngleTextOut 0, Arial, 10, 118, 212, Подземный вестибюль

;инфосос
PenColor 34349C
BrushColor 34349C
Polygon 126,236, 123,233, 122,234, 125,237
PenColor FF0000
BrushColor FF0000
Polygon 129,239, 126,236, 125,237, 128,240


; Названия улиц голубым
PenColor 00AFAF
BrushColor -1
AngleTextOut -90, Arial, 15, 202, -25, '<< ПКиО "Сокольники"'
AngleTextOut -90, Arial, 15, 303, 8, 'м-н "ЗЕНИТ"'

; Выходы
Angle -20
PenColor FFD900
BrushColor 615F56
SpotRect 9, 250, 30, 30, ShowMessage Выход №1
SpotRect 215, 152, 30, 30
SpotRect 89, 143, 30, 30
BrushColor -1
TextOut Arial, 25, 17, 251, 1
TextOut Arial, 25, 223, 153, 2
TextOut Arial, 25, 97, 144, 3
