Size 695x739

Angle -30

; пути

BrushColor 046434
Polygon 5,291, 5,261, 455,261, 455,291
Polygon 5,371, 5,401, 455,401, 455,371

PenColor 046434
BrushColor -1
AngleTextOut 0, Arial, 20, -3, 237, << Войковская
AngleTextOut 0, Arial, 20, 349, 401, Аэропорт >>
AngleTextOut 0, Arial, 25, 234, 318, Сокол, 1

;инфосос
PenColor 34349C
BrushColor 34349C
Polygon 148,315, 148,311, 149,311, 149,315
PenColor FF0000
BrushColor FF0000
Polygon 148,319, 148,315, 149,315, 149,319


; левый торец

PenColor 000000
Line 5,371, 5,291

; лестницы

Line 125,342, 82,342
Line 125,319, 82,319
Line 166,342, 209,342
Line 209,319, 166,319
Stairs 209,342, 209,319, 166,342
Stairs 82,342, 82,319, 125,342


Opaque 80
PenColor FFFFFF
BrushColor FFFFFF
Polygon 125,260, 166,260, 166,292, 125,292
Polygon 125,370, 166,370, 166,402, 125,402
Opaque 100

; стрелки
PenColor FF0000
Arrow 156,263, 156,249
PenColor 009900
Arrow 135,216, 135,231


; левый верхний вестибюль

;Ellipse 66,104, 196,234

PenColor 000000
Line 103,191, 105,191, 105,210, 102,210
Line 81,189, 81,191, 79,191, 79,210, 82,210
Line 188,191, 186,191, 186,209, 189,209
Line 210,189, 210,191, 212,191, 212,209, 209,209
Line 130,127, 130,124
Line 161,127, 161,124
Stairs 125,166, 166,166, 125,179

Railway 22, 22, 5, 81,189, 86,165, 98,146, 116,132
Railway 22, 22, 5, 175,132, 193,146, 205,165, 210,189
Spline 116,132, 123,129, 130,127
Spline 175,132, 168,129, 161,127

;Spline 121,108, 98,114, 73,136, 67,157
;Spline 140,108, 165,114, 188,135, 194,157
;Spline 90,157, 98,140, 115,132
;Spline 172,157, 164,140, 146,132
;Stairs 146,132, 152,110, 157,134

; кассы
BrushColor -1
Line 123,183, 123,211
AngleTextOut 90, Arial, 10, 112, 210, кассы

; турникеты
BrushColor -1
Line 145,210, 145,240, 0.5
Polygon 142,261, 148,261, 148,267, 142,267
PenColor 009900
Stairs 138,268, 141,271, 126,280
Stairs 143,240, 147,240, 143,257
PenColor FF0000
Stairs 162,236, 162,240, 147,236

; стрелки
PenColor FF0000
Arrow 154,161, 154,151
Arrow 200,204, 200,220
PenColor 009900
Arrow 139,151, 139,161
Arrow 92,219, 92,204


; левый нижний вестибюль

PenColor 000000
Line 166,261, 166,211, 176,211, 176,183, 166,183, 166,152
Line 125,261, 125,211, 115,211, 115,183, 125,183, 125,152
Line 166,401, 166,516, 177,516, 177,563
Line 125,401, 125,516, 115,516, 115,563
Line 169,563, 189,563, 189,522, 192,522
Line 123,563, 103,563, 103,522, 100,522
Line 86,522, 83,522, 83,580, 209,580, 209,522, 206,522
Line 166,342, 166,401
Line 166,319, 166,261
Line 125,319, 125,261
Line 125,342, 125,401
Stairs 189,561, 209,561, 189,543
Stairs 103,561, 83,561, 103,543
Stairs 171,563, 171,580, 189,563
Stairs 121,563, 121,580, 103,563

BrushColor D0D0D0
Polygon 143,534, 150,534, 150,543, 143,543

; кассы
BrushColor -1
Line 115,543, 123,543, 123,516
AngleTextOut 90, Arial, 10, 113, 542, кассы

; турникеты
BrushColor -1
Line 148,480, 148,455, 0.5
Polygon 127,412, 133,412, 133,418, 127,418
PenColor 009900
Stairs 144,455, 148,455, 144,433
Stairs 143,432, 146,429, 131,420
PenColor FF0000
Stairs 149,461, 149,457, 166,461

; стрелки
PenColor FF0000
Arrow 157,430, 157,445
;Arrow 79,505, 79,486
PenColor 009900
Arrow 134,476, 134,461
;Arrow 184,482, 184,503

;инфосос
PenColor 34349C
BrushColor 34349C
Polygon 146,577, 142,577, 142,578, 146,578
PenColor FF0000
BrushColor FF0000
Polygon 150,577, 146,577, 146,578, 150,578


; правый вестибюль

PenColor 000000
Line 455,371, 455,344, 517,344, 517,466, 474,466
Line 455,291, 455,316, 517,316, 517,237, 474,237
Line 474,218, 600,218
Line 600,238, 557,238, 557,466, 600,466
Line 600,486, 474,486
Stairs 598,466, 598,486, 560,466
Stairs 476,466, 476,486, 514,466
Stairs 598,238, 598,218, 560,238
Stairs 476,237, 476,218, 514,237
Stairs 457,344, 457,316, 495,344

BrushColor D0D0D0
Polygon 503,332, 503,328, 517,328, 517,332

; турникеты
BrushColor -1
PenColor FF0000
Stairs 452,316, 448,316, 452,345

; стрелки
PenColor FF0000
Arrow 429,330, 444,330


; Названия улиц голубым
PenColor 00AFAF
BrushColor -1
AngleTextOut 0, Arial, 15, 576, 377, Ленинградский проспект
AngleTextOut 90, Arial, 15, 653, 598, Песчаная улица
TextOut Arial, 15, 91, 104, 'ТЦ "Метромаркет"'
