Size 800x1130
Angle -83

; пути

BrushColor AC24AC
Polygon 255,242, 255,212, 705,212, 705,242
Polygon 255,352, 255,322, 705,322, 705,352

PenColor AC24AC
BrushColor -1
AngleTextOut 0, Arial, 20, 256, 188, << Тушинская
AngleTextOut 0, Arial, 20, 589, 351, Щукинская >>
AngleTextOut 0, Arial, 25, 428, 263, Спартак, 1


; левый вестибюль

;Здания беж
PenColor FEFBF1
BrushColor FEFBF1
Polygon 102,203, -114,203, -114,361, 103,361

PenColor D0D0D0
BrushColor D0D0D0
Polygon -114,253, -114,203, 102,203, 102,262, 90,262, 90,252, 19,252, 10,240, -2,232, -16,226, -30,225, -45,226, -58,232, -69,239, -79,253
Polygon -114,311, -114,361, 103,361, 103,302, 90,302, 90,312, 19,312, 10,324, -2,332, -17,338, -30,339, -43,338, -57,332, -69,324, -79,311

PenColor 000000
Polygon -114,279, -114,285, -86,285, -86,279

PenColor FFFFFF
BrushColor FFFFFF
Polygon -75,316, -75,340, -50,340, -50,335

PenColor 000000
Line 255,242, 255,257, 180,257, 180,262
Line 90,262, 90,252, 19,252
Line 255,322, 255,307, 180,307, 180,302
Line 90,302, 90,312, 19,312
Line -79,253, -114,253, -114,203, 102,203, 102,262
Line -79,311, -114,311, -114,361, 103,361, 103,302
;Ellipse 68,53, 183,168
Spline 19,252, -2,232, -30,225, -58,232, -79,253
Spline -79,311, -57,332, -30,339, -2,332, 19,312

; эскалатор 3 гор
PenColor 7F7F7F
Stairs 88,265, 88,299, 185,265
PenColor 000000
BrushColor 9B5509
Polygon 81,299, 190,299, 190,302, 81,302
Polygon 81,291, 81,286, 190,286, 190,291
Polygon 81,278, 81,273, 190,273, 190,278
Polygon 81,265, 190,265, 190,262, 81,262

; кассы
BrushColor -1
Line -50,335, -50,340, -75,340, -75,316
AngleTextOut 140, Arial, 10, -60, 344, кассы

; турникеты
BrushColor -1
Polygon -32,289, -25,289, -25,282, -32,282
PenColor FF0000
Stairs -26,278, -31,278, -26,229
PenColor 009900
Stairs -23,293, -19,289, 7,323

; стрелки
PenColor 009900
Arrow -108,298, -92,298
PenColor FF0000
Arrow -93,266, -108,266

; правый вестибюль

PenColor 000000
Line 705,322, 705,312, 836,312, 836,442, 829,442, 829,545
Line 829,631, 829,818, 809,892, 760,879
Line 756,894, 805,907, 789,967, 740,954
Line 736,969, 892,1011
Line 896,996, 847,983, 863,921, 912,934
Line 916,919, 867,906, 902,775, 902,632
Line 902,544, 902,442, 895,442, 895,252, 705,252, 705,242
Line 718,273, 769,273
Line 902,544, 902,575, 901,580, 0.5
Spline 902,544, 917,563, 923,588, 917,613, 902,632
Spline 829,545, 814,563, 809,588, 814,612, 829,631
;Ellipse 817,557, 932,672
Stairs 744,955, 740,970, 789,967
Stairs 764,880, 760,895, 809,892
Stairs 912,918, 908,933, 867,906
Stairs 892,995, 888,1010, 847,983
Stairs 721,312, 721,273, 767,312
Stairs 829,744, 902,744, 829,777

BrushColor D0D0D0
Polygon 862,721, 870,721, 870,692, 862,692

; кассы
BrushColor -1
Line 811,604, 801,604, 801,630, 828,630
AngleTextOut 120, Arial, 10, 812, 632, кассы

; турникеты
BrushColor -1
Polygon 863,589, 863,582, 870,582, 870,589
PenColor FF0000
Stairs 875,583, 875,588, 901,583
PenColor 009900
Stairs 859,583, 859,588, 810,583


;лифты
PenColor 000000
BrushColor D0EFFF
Polygon 795,868, 814,873, 809,892, 790,887
BrushColor -1
AngleTextOut 45, Arial, 8, 791, 882, лифт

;лифты
PenColor 000000
BrushColor D0EFFF
Polygon 806,988, 825,993, 820,1012, 801,1007
BrushColor -1
AngleTextOut 45, Arial, 8, 802, 1002, лифт

;лифты
PenColor 000000
BrushColor D0EFFF
Polygon 729,252, 749,252, 749,273, 729,273
BrushColor -1
AngleTextOut 45, Arial, 8, 729, 265, лифт

; стрелки
PenColor 009900
Arrow 845,717, 845,696
PenColor FF0000
Arrow 886,694, 886,717


; Названия улиц голубым
PenColor 00AFAF
BrushColor -1
AngleTextOut 165, Arial, 15, 765, 942, пр.проезд 5219
