Size 950x870
Angle 35

; пути

PenColor 000000
BrushColor E41C0C
Polygon 312,354, 312,324, 762,324, 762,354
Polygon 312,464, 312,434, 762,434, 762,464

PenColor E41C0C
BrushColor -1
AngleTextOut 0, Arial, 20, 313, 301, << Воробьёвы горы
AngleTextOut 0, Arial, 20, 634, 463, Фрунзенская >>
AngleTextOut 0, Arial, 25, 440, 364, Спортивная, 1

;инфосос
PenColor 34349C
BrushColor 34349C
Polygon 536,396, 536,392, 537,392, 537,396
PenColor FF0000
BrushColor FF0000
Polygon 536,400, 536,396, 537,396, 537,400


; левый вестибюль

;Здания беж
PenColor DDDDDD
BrushColor FEFBF1
Polygon -120,489, 20,349, 28,342, 38,336, 49,332, 62,330, 72,330, 84,333, 94,337, 104,343, 111,349, 117,357, 122,365, 126,374, 129,383, 130,394, 129,405, 126,414, 122,424, 116,433, 110,440, -29,580

PenColor 000000
BrushColor D0D0D0
Polygon 23,450, 11,438, -6,455, -16,469, -8,477, 5,468
Polygon -51,516, -55,512, -38,491, -30,499
Polygon -71,538, -77,532, -69,524, -63,530
Polygon -120,489, -95,514, -87,506, -90,503, -58,471, -69,460, -46,437, -39,444, -27,436, 2,407, 1,396, 2,385, 4,375, 8,365, 13,357, 20,349
Polygon -29,580, -52,557, -44,549, -41,552, -9,520, -4,525, 19,502, 18,501, 26,489, 57,458, 68,458, 81,456, 92,452, 101,447, 110,440

PenColor 000000
Line 312,354, 312,364, 401,364, 401,374, 251,374
Line 251,414, 402,414, 402,424, 312,424, 312,434
Spline 57,458, 81,456, 101,447, 116,433, 126,414
Spline 126,374, 117,357, 104,343, 84,333, 62,330, 38,336, 20,349, 8,365, 2,385, 2,407

; эскалатор 3 гор
PenColor 7F7F7F
Stairs 244,411, 244,377, 100,411
PenColor 000000
BrushColor 9B5509
Polygon 251,377, 95,377, 95,374, 251,374
Polygon 251,385, 251,390, 95,390, 95,385
Polygon 251,398, 251,403, 95,403, 95,398
Polygon 251,411, 95,411, 95,414, 251,414

; кассы
BrushColor FFFFFF
Line -4,525, 19,502
Polygon 19,502, 25,508, 2,531, -4,525
BrushColor -1
AngleTextOut 45, Arial, 10, -3, 521, кассы

; турникеты
BrushColor -1
Line 95,387, 74,387, 65,396, 0.5
Polygon 106,440, 102,436, 106,432, 110,436
Line 69,400, 61,392, 0.5
Line 23,354, 19,350, 0.5
PenColor 009900
Stairs 100,433, 103,430, 67,401
PenColor FF0000
Stairs 59,393, 62,390, 21,355

; стрелки
PenColor FF0000
Arrow 361,388, 341,388
Arrow 29,400, 17,412
PenColor 009900
Arrow 341,401, 362,401
Arrow 49,443, 61,431

;инфосос
PenColor 34349C
BrushColor 34349C
Polygon 64,337, 68,337, 68,338, 64,338
PenColor FF0000
BrushColor FF0000
Polygon 60,337, 64,337, 64,338, 60,338


; правый вестибюль

;Здания беж
PenColor DDDDDD
BrushColor FEFBF1
Polygon 786,265, 975,265, 975,523, 786,523

PenColor D0D0D0
BrushColor D0D0D0
Polygon 786,265, 975,265, 975,523, 786,523, 786,511, 816,511, 816,519, 904,519, 904,482, 902,482, 902,456, 912,453, 922,447, 930,442, 937,434, 943,426, 947,417, 951,407, 952,396, 952,385, 949,374, 946,364, 940,356, 934,348, 927,342, 915,334, 903,331, 903,304, 913,304, 913,269, 816,269, 816,276, 786,276
Polygon 786,374, 786,307, 860,307, 860,304, 871,304, 871,331, 859,335, 849,342, 841,348, 836,356, 831,363, 827,374
Polygon 786,414, 786,479, 860,479, 860,482, 875,482, 875,456, 862,452, 854,447, 845,441, 837,432, 830,422, 828,414

PenColor 000000
Line 762,434, 762,423, 602,423, 602,414, 680,414
Line 762,354, 762,365, 603,365, 603,374, 680,374

Line 871,331, 871,304, 860,304, 860,307, 786,307, 786,374
Line 786,414, 786,479, 860,479, 860,482, 875,482, 875,456
Line 902,456, 902,482, 904,482, 904,519, 816,519, 816,511, 786,511, 786,523, 975,523, 975,265, 786,265, 786,276, 816,276, 816,269, 913,269, 913,304, 903,304, 903,331
Spline 875,456, 854,447, 837,432, 828,414
Spline 827,374, 836,356, 849,342, 871,331
Spline 903,331, 915,335, 927,342, 940,356, 949,374, 952,396, 947,417, 937,434, 922,447, 902,456


; эскалатор 3 гор
PenColor 7F7F7F
Stairs 848,411, 848,377, 685,411
PenColor 000000
BrushColor 9B5509
Polygon 855,377, 680,377, 680,374, 855,374
Polygon 855,385, 855,390, 680,390, 680,385
Polygon 855,398, 855,403, 680,403, 680,398
Polygon 855,411, 680,411, 680,414, 855,414

; кассы
BrushColor FFFFFF
Polygon 904,482, 913,482, 913,519, 904,519
BrushColor -1
AngleTextOut -90, Arial, 10, 916, 487, кассы

; турникеты
BrushColor -1
Polygon 852,442, 851,437, 856,436, 857,441
Line 855,400, 951,400, 0.5
PenColor 009900
Stairs 861,439, 860,435, 946,416

; стрелки
PenColor FF0000
Arrow 888,323, 888,302
Arrow 824,291, 803,291
Arrow 648,385, 670,385
PenColor 009900
Arrow 889,465, 889,449
Arrow 797,495, 815,495
Arrow 669,404, 648,404

;инфосос
PenColor 34349C
BrushColor 34349C
Polygon 945,406, 945,410, 946,410, 946,406
PenColor FF0000
BrushColor FF0000
Polygon 945,402, 945,406, 946,406, 946,402


; Названия улиц голубым
PenColor 00AFAF
BrushColor -1
AngleTextOut -90, Arial, 15, 755, 174, ул.10-летия Октября
AngleTextOut 45, Arial, 15, -28, 606, '<< к спорт.комплексу "Лужники"'


; Выходы
Angle -35
PenColor FFD900
BrushColor 615F56
SpotRect 35, 839, 30, 30, ShowMessage Выход №1
SpotRect 677, 146, 30, 30
BrushColor -1
TextOut Arial, 25, 43, 840, 1
TextOut Arial, 25, 685, 147, 2
