Size 1400x830

Angle -18

; пути

BrushColor 34349C
Polygon 455,384, 455,414, 905,414, 905,384
Polygon 455,534, 455,504, 905,504, 905,534

PenColor 34349C
BrushColor -1
AngleTextOut 0, Arial, 20, 777, 534, Крылатское >>
AngleTextOut 0, Arial, 20, 459, 360, << Мякинино
AngleTextOut 0, Arial, 25, 619, 439, Строгино, 1


; левый вестибюль

PenColor 000000
Line 455,414, 455,438, 447,438
Line 455,504, 455,478, 447,478
Line 341,236, 249,236, 249,386, 344,386, 374,416, 438,416, 438,438
Line 438,478, 438,502, 374,502, 344,532, 249,532, 249,606, 341,606
Line 249,632, 341,632, 341,658, 115,658
Line 326,645, 115,645
Line 115,606, 203,606, 203,509, 193,499, 193,418, 203,408, 203,236, 115,236
Line 115,197, 326,197
Line 115,184, 341,184, 341,210, 249,210
Line 221,584, 221,556
Stairs 125,606, 125,645, 142,606
Stairs 153,606, 153,645, 170,606
Stairs 181,606, 181,645, 198,606
Stairs 258,606, 258,632, 276,606
Stairs 286,606, 286,632, 303,606
Stairs 314,606, 314,632, 331,606
Stairs 124,197, 124,236, 141,197
Stairs 152,197, 152,236, 169,197
Stairs 180,197, 180,236, 197,197
Stairs 258,210, 258,236, 275,210
Stairs 286,210, 286,236, 303,210
Stairs 314,210, 314,236, 331,210
Stairs 221,582, 249,582, 221,568

BrushColor D0D0D0
Polygon 260,430, 260,487, 249,487, 242,459, 249,430

PenColor A0A0A0
Line 221,556, 204,556
Line 221,584, 204,584

; эскалатор 3 гор
PenColor 7F7F7F
Stairs 440,475, 440,441, 393,475
PenColor 000000
BrushColor 9B5509
Polygon 447,441, 387,441, 387,438, 447,438
Polygon 447,449, 447,454, 387,454, 387,449
Polygon 447,462, 447,467, 387,467, 387,462
Polygon 447,475, 387,475, 387,478, 447,478

; кассы
BrushColor -1
Line 260,430, 268,430, 268,487, 260,487
AngleTextOut 90, Arial, 10, 257, 469, кассы

; турникеты
BrushColor -1
Line 327,457, 324,454, 324,450, 0.5
PenColor 009900
Stairs 368,501, 371,498, 325,458
PenColor FF0000
Stairs 322,450, 326,450, 322,388

; стрелки
PenColor FF0000
Arrow 293,407, 278,407
PenColor 009900
Arrow 312,507, 322,497


; правый вестибюль

PenColor 000000
Line 965,438, 905,438, 905,414
Line 921,438, 921,417, 965,417, 996,386, 1092,386, 1092,235, 1005,235
Line 1092,209, 1005,209, 1005,183, 1225,183
Line 1225,196, 1020,196
Line 1225,235, 1138,235, 1138,408, 1148,418, 1148,500, 1138,510, 1138,606, 1225,606
Line 1019,645, 1225,645
Line 1225,658, 1005,658, 1005,632, 1093,632
Line 1005,606, 1092,606, 1092,532, 996,532, 966,502, 921,502, 921,480
Line 905,504, 905,480, 965,480
Line 1110,584, 1110,556
Stairs 965,438, 965,480, 907,438
Stairs 1010,209, 1010,235, 1027,209
Stairs 1037,209, 1037,235, 1054,209
Stairs 1067,209, 1067,235, 1084,209
Stairs 1147,196, 1147,235, 1164,196
Stairs 1175,196, 1175,235, 1192,196
Stairs 1203,196, 1203,235, 1220,196
Stairs 1011,606, 1011,632, 1028,606
Stairs 1039,606, 1039,632, 1056,606
Stairs 1067,606, 1067,632, 1084,606
Stairs 1147,606, 1147,645, 1164,606
Stairs 1175,606, 1175,645, 1192,606
Stairs 1203,606, 1203,645, 1220,606
Stairs 1110,582, 1138,582, 1110,568

Stairs 221,582, 249,582, 221,568


BrushColor D0D0D0
Polygon 1079,431, 1092,431, 1099,460, 1092,488, 1079,488

PenColor A0A0A0
Line 1110,584, 1092,584
Line 1110,556, 1092,556

; лифт
PenColor 000000
BrushColor D0EFFF
Polygon 905,419, 921,419, 921,435, 905,435
AngleTextOut 0, Arial, 6, 906, 423, лифт

; кассы
BrushColor -1
Line 1079,488, 1071,488, 1071,431, 1079,431
AngleTextOut 90, Arial, 10, 1068, 471, кассы

; турникеты
BrushColor -1
Line 1012,461, 1015,464, 1015,468, 0.5
PenColor 009900
Stairs 971,417, 968,420, 1014,460
PenColor FF0000
Stairs 1017,468, 1013,468, 1017,530

; стрелки
PenColor FF0000
Arrow 1047,507, 1062,507
PenColor 009900
Arrow 1023,418, 1013,428


; Названия улиц голубым
PenColor 00AFAF
BrushColor -1
AngleTextOut 90, Arial, 15, -10, 463, ул.Кулакова
AngleTextOut 90, Arial, 15, 1404, 493, Таллинская ул.
AngleTextOut -30, Arial, 15, 1010, -50, ул. Маршала Катукова
AngleTextOut 0, Arial, 15, 1184, 435, Строгинский бульвар
AngleTextOut 0, Arial, 15, 36, 434, Строгинский бульвар


; Выходы
Angle 18
PenColor FFD900
BrushColor 615F56
SpotRect 274, 445, 30, 30, ShowMessage Выход №1
SpotRect 89, 384, 30, 30
SpotRect 196, 78, 30, 30
SpotRect 379, 136, 30, 30
SpotRect 1042, 350, 30, 30
SpotRect 1217, 407, 30, 30
SpotRect 1115, 715, 30, 30
SpotRect 942, 660, 30, 30
BrushColor -1
TextOut Arial, 25, 282, 446, 1
TextOut Arial, 25, 97, 385, 2
TextOut Arial, 25, 204, 79, 3
TextOut Arial, 25, 387, 137, 4
TextOut Arial, 25, 1050, 351, 5
TextOut Arial, 25, 1225, 408, 6
TextOut Arial, 25, 1123, 716, 7
TextOut Arial, 25, 950, 661, 8
