Size 620x930

Angle -70

; пути

BrushColor FC9C54
Polygon 293,600, 293,570, -157,570, -157,600
Polygon 293,490, 293,460, -157,460, -157,490

PenColor F7782E
BrushColor -1
AngleTextOut 0, Arial, 20, -156, 434, << Проспект Мира
AngleTextOut 0, Arial, 20, 158, 600, Тургеневская >>
AngleTextOut 0, Arial, 25, -7, 513, Сухаревская, 1

; левый вестибюль

PenColor 000000
Line -157,570, -157,558, -95,558, -95,549, -105,549, -105,510, -96,510, -96,501, -157,501, -157,490


; правый вестибюль

; эскалатор 3 гор
PenColor 7F7F7F
Stairs 592,542, 592,519, 272,542
PenColor 000000
BrushColor 9B5509
Polygon 599,519, 267,519, 267,516, 599,516
Polygon 599,524, 599,528, 267,528, 267,524
Polygon 599,533, 599,537, 267,537, 267,533
Polygon 599,542, 267,542, 267,545, 599,545

Opaque 85
PenColor FFFFFF
BrushColor FFFFFF
Polygon 330,514, 318,547, 346,547, 358,514
Polygon 475,515, 464,546, 567,546, 562,541, 559,535, 558,529, 560,524, 563,519, 567,515
Opaque 100

PenColor 000000
Line 293,570, 293,561, 246,561, 246,553, 307,553, 307,545
Line 307,516, 307,508, 245,508, 245,499, 293,499, 293,490
Line 540,336, 497,456, 448,438, 436,470, 381,450, 413,363
Line 434,626, 487,482, 460,472, 449,501, 373,474, 337,572
Line 312,563, 388,354
Line 489,646, 504,605
Line 478,596, 464,634, 460,633, 484,567, 521,580, 525,569, 536,573, 532,584, 559,594
Line 567,346, 530,448, 564,460, 561,468, 572,472, 575,464, 602,474
Spline 434,626, 436,648, 452,662, 473,662, 489,646
Spline 567,516, 559,530, 567,545
Spline 559,594, 607,586, 635,551, 633,506, 602,474
Stairs 441,607, 466,616, 448,587
Stairs 471,617, 496,626, 477,599
Stairs 511,417, 538,427, 517,400
Stairs 522,386, 549,396, 528,369
Stairs 532,357, 559,367, 538,341
Stairs 314,558, 339,567, 325,527
Stairs 387,358, 411,367, 375,390

BrushColor D0D0D0
Polygon 530,554, 555,485, 566,489, 557,513, 547,525, 547,541, 541,558

; кассы

; турникеты

; стрелки
PenColor FF0000
Arrow 575,483, 550,474
PenColor 009900
Arrow 520,559, 545,568


; Названия улиц голубым
PenColor 00AFAF
BrushColor -1
AngleTextOut 70, Arial, 15, 483, 418, Большая Сухаревская площадь
AngleTextOut 70, Arial, 15, 370, 731, Малая Сухаревская площадь
AngleTextOut 160, Arial, 15, 741, 601, улица Сретенка
AngleTextOut 160, Arial, 15, 313, 445, проспект Мира
AngleTextOut 70, Arial, 15, 346, 646, Садовое кольцо
AngleTextOut 70, Arial, 15, 432, 413, Садовое кольцо
