Size 1000x800
Angle 42

;Пути
BrushColor FC9C54
Polygon 206,414, 206,384, 656,384, 656,414
Polygon 656,304, 656,274, 206,274, 206,304

BrushColor -1
PenColor F7782E
AngleTextOut 0, Arial, 25, 362, 319, Свиблово, 1
AngleTextOut 0, Arial, 20, 209, 251, << Ботанический сад
AngleTextOut 0, Arial, 20, 508, 414, Бабушкинская >>

; левый вестибюль
PenColor 000000
Line 86,230, 55,252, 55,282, 154,282, 154,314, 206,314, 206,304
Line -9,459, 55,459, 55,405, 154,405, 154,374, 206,374, 206,384
Line -9,255, 27,255, 27,431, -9,431
Line -9,232, 43,232, 73,211
Stairs 25,232, 25,255, -9,232
Stairs 25,459, 25,431, -9,459
Stairs 59,249, 46,230, 86,230
Stairs 158,314, 158,374, 204,314

BrushColor D0D0D0
Polygon 65,315, 57,315, 57,372, 65,372

; кассы
BrushColor -1
Line 154,284, 167,284, 167,312, 154,312
AngleTextOut -90, Arial, 10, 167, 286, кассы

; турникеты
Line 154,313, 115,313, 0.5
Polygon 87,369, 90,364, 95,367, 92,372
Line 92,372, 65,372, 0.5
PenColor 009900
Stairs 92,360, 97,363, 115,312


; правый вестибюль
PenColor 000000
Line 846,202, 804,244, 804,282, 705,282, 705,314, 656,314, 656,304
Line 866,221, 838,249, 838,434, 874,470
Line 855,489, 804,438, 804,405, 705,405, 705,374, 656,374, 656,384
Stairs 658,314, 658,374, 704,314
Stairs 842,245, 823,226, 866,221
Stairs 831,465, 850,446, 855,489

BrushColor D0D0D0
Polygon 804,315, 796,315, 796,372, 804,372

; турникеты
BrushColor -1
Line 705,313, 736,313, 0.5
Polygon 766,370, 764,365, 759,367, 761,372
Line 761,372, 796,372, 0.5
PenColor 009900
Stairs 758,363, 763,361, 738,314

; кассы
PenColor 000000
BrushColor -1
Line 705,284, 692,284, 692,312, 705,312
AngleTextOut -90, Arial, 10, 705, 287, кассы


;стрелки
PenColor FF0000
Arrow 791,389, 809,389
Arrow 69,389, 55,389
PenColor 009900
Arrow 779,309, 764,316
Arrow 80,305, 93,313

;инфососы
PenColor 34349C
BrushColor 34349C
Polygon 723,376, 717,376, 717,374, 723,374
Polygon 416,356, 416,346, 414,346, 414,356
Polygon 130,376, 124,376, 124,374, 130,374
PenColor FF0000
BrushColor FF0000
Polygon 729,376, 723,376, 723,374, 729,374
Polygon 416,351, 416,356, 414,356, 414,351
Polygon 136,376, 130,376, 130,374, 136,374

;названия улиц синим
PenColor 00AFAF
BrushColor -1
AngleTextOut -110, Arial, 15, 1076, 439, улица Амундсена
AngleTextOut 0, Arial, 15, 872, 344, Снежная улица
AngleTextOut 0, Arial, 15, -87, 343, Снежная улица
AngleTextOut -90, Arial, 15, 211, 76, проезд Русанова
