Size 1180x1180
Angle -30

; перекресток
PenColor F7F7F7
BrushColor F7F7F7
Line 719,244, 1031,162, 50
Line 638,195, 889,-86, 50
Line 419,332, 532,283, 1152,358, 50
Line 659,304, 768,464, 1006,692, 1295,872, 50
Line 507,-40, 617,150, 663,334, 682,811, 50
Line 833,312, 634,192, 452,113, 234,94, 50
Line 677,594, 816,305, 883,226, 947,186, 50
Line 347,43, 401,298, 439,690, 50
Line 47,204, 393,371, 50
Line -11,768, 365,944, 50
Spline 439,690, 560,875, 743,933, 938,1071, 50
Spline 463,757, 540,829, 609,835, 681,773, 50
Spline 440,707, 427,878, 338,1030, 337,1207, 346,1390, 50
Spline 338,1039, 370,984, 456,953, 610,959, 849,1004, 50
Spline 682,811, 652,914, 600,1060, 591,1184, 604,1263, 50
Polygon 450,1000, 517,1000, 518,1313, 451,1351
Polygon 395,22, 414,61, 504,77, 461,-16
PenColor FFFFFF
Line -250,365, 815,-250, 1430,816, 365,1430, -250,365, 50
; мост
PenColor AAAAAA
Line 390,43, 404,63, 515,83, 534,69
Line 428,1015, 445,998, 521,998, 538,1015

; Таганская ТКЛ (фиолетовая)

; пути
PenColor 000000
BrushColor AC1CAC
Polygon 732,901, 720,928, 312,738, 324,711
Polygon 686,1001, 673,1028, 265,838, 278,810

BrushColor -1
PenColor AC1CAC
AngleTextOut -25, Arial, 20, 343, 690, << Китай-город
AngleTextOut -25, Arial, 20, 542, 967, Пролетарская >>
AngleTextOut -25, Arial, 25, 440, 833, Таганская, 1

;инфосос
PenColor 34349C
BrushColor 34349C
Polygon 546,911, 542,909, 542,910, 546,912
PenColor FF0000
BrushColor FF0000
Polygon 550,913, 546,911, 546,912, 550,914


; Таганская КЛ (коричневая)

; пути
PenColor 000000
BrushColor 9B5509
Polygon 96,805, 66,805, 66,355, 96,355
Polygon 176,355, 206,355, 206,805, 176,805

BrushColor -1
PenColor 9B5509
AngleTextOut 90, Arial, 20, 44, 802, << Павелецкая
AngleTextOut 90, Arial, 20, 206, 449, Курская >>
AngleTextOut 90, Arial, 25, 122, 627, Таганская, 1

;инфосос
PenColor 34349C
BrushColor 34349C
Polygon 151,374, 155,374, 155,375, 151,375
PenColor FF0000
BrushColor FF0000
Polygon 147,374, 151,374, 151,375, 147,375


; Марксистская (жёлтая)

; пути
PenColor 000000
BrushColor FCDC04
Polygon 723,365, 731,394, 296,511, 289,482
Polygon 752,471, 760,500, 325,617, 317,588

BrushColor -1
PenColor 000000
AngleTextOut 15, Arial, 20, 286, 460, << Третьяковская
AngleTextOut 15, Arial, 20, 595, 546, Площадь Ильича >>
AngleTextOut 15, Arial, 25, 414, 502, Марксистская, 1
BrushColor -1
PenColor FCDC04
AngleTextOut 15, Arial, 20, 285, 459, << Третьяковская
AngleTextOut 15, Arial, 20, 593, 545, Площадь Ильича >>
AngleTextOut 15, Arial, 25, 412, 500, Марксистская, 1

;инфосос
PenColor 34349C
BrushColor 34349C
Polygon 555,465, 559,464, 559,465, 555,466
PenColor FF0000
BrushColor FF0000
Polygon 551,466, 555,465, 555,466, 551,467


; переход ТКЛ КЛ (с фиолетовой на коричневую)

PenColor 000000
Line 164,684, 164,805, 176,805

Opaque 80
PenColor FFFFFF
BrushColor FFFFFF
Polygon 163,718, 207,718, 207,729, 163,729
Polygon 163,734, 207,734, 207,745, 163,745
Polygon 163,750, 207,750, 207,761, 163,761
Opaque 100

PenColor 000000
Line 312,738, 308,747, 411,795, 408,801, 389,792, 387,796
Line 300,756, 302,752, 229,718, 153,718, 153,684, 164,684
Line 278,810, 282,801, 385,849, 388,843, 369,834, 371,830
Line 284,790, 282,794, 211,761, 164,761
Line 153,750, 212,750, 212,745, 153,745, 153,750
Line 153,734, 212,734, 212,729, 153,729, 153,734
Line 164,761, 118,761, 118,684, 107,684, 107,805, 96,805
Line 164,729, 164,734
Line 164,745, 164,750
Stairs 118,692, 153,692, 118,715

; эскалатор 4
PenColor 7F7F7F
Stairs 297,757, 283,787, 389,800
PenColor 000000
BrushColor 9B5509
Polygon 293,752, 394,799, 393,802, 292,755
Polygon 290,759, 391,806, 389,810, 288,763
Polygon 286,767, 387,814, 385,818, 284,771
Polygon 282,776, 383,823, 381,827, 280,780
Polygon 278,784, 379,831, 378,834, 277,787

; стрелки
PenColor 000000
Arrow 249,741, 230,732
Arrow 219,756, 238,765

; переход Марксистская КЛ (с жёлтой на коричневую)

Opaque 80
PenColor FFFFFF
BrushColor FFFFFF
Polygon 207,546, 207,555, 175,556, 175,545
Polygon 207,566, 208,575, 175,576, 175,565
Polygon 208,586, 208,595, 175,596, 175,585
Opaque 100

Line 247,551, 244,539, 222,545, 154,545
Line 255,579, 258,590, 236,596, 154,596
Line 154,585, 217,585, 217,576, 154,576
Line 154,565, 217,565, 217,556, 154,556
Line 296,511, 299,521, 347,508, 350,519, 331,524, 332,528
Line 340,557, 341,561, 360,556, 363,567, 315,580, 317,588
Stairs 154,545, 154,556, 184,545
Stairs 154,565, 154,576, 184,565
Stairs 154,585, 154,596, 184,585

; эскалатор 3 15
PenColor 7F7F7F
Stairs 341,554, 335,531, 250,578
PenColor 000000
BrushColor 9B5509
Polygon 342,529, 240,556, 239,553, 341,526
Polygon 343,534, 344,538, 242,565, 241,561
Polygon 345,543, 346,547, 244,574, 243,570
Polygon 348,552, 246,579, 247,582, 349,555


; переход Марксистская ТКЛ (с жёлтой на фиолетовую)

Opaque 80
PenColor FFFFFF
BrushColor FFFFFF
Polygon 509,534, 524,530, 532,562, 518,566
Polygon 548,524, 562,520, 571,552, 556,556
Polygon 509,796, 519,801, 505,830, 495,825
Polygon 531,806, 541,811, 528,839, 518,835
Polygon 553,817, 563,821, 549,850, 539,845
Opaque 100

Line 556,497, 574,563, 573,580, 590,648, 579,709, 576,708
Line 537,701, 534,700, 544,640, 531,591, 521,577, 503,511
Line 518,507, 535,570, 551,583, 558,564, 541,501
Stairs 556,497, 541,501, 565,530
Stairs 518,507, 503,511, 527,540

Line 568,755, 570,756, 563,796, 563,822, 539,873
Line 528,868, 552,817, 551,802, 547,800, 517,863
Line 506,858, 536,795, 532,793, 519,802, 495,853
Line 484,848, 508,797, 520,781, 526,747, 528,748
Stairs 486,844, 497,849, 498,818
Stairs 508,854, 519,859, 520,828
Stairs 530,864, 541,869, 542,838

; эскалатор 4 верт
PenColor 7F7F7F
Stairs 530,750, 566,757, 539,698
PenColor 000000
BrushColor 9B5509
Polygon 527,756, 538,693, 540,694, 529,757
Polygon 534,758, 545,695, 550,696, 539,759
Polygon 544,760, 555,697, 560,698, 549,761
Polygon 554,762, 565,699, 570,700, 559,763
Polygon 564,764, 575,701, 577,702, 566,765

PenColor 000000
Arrow 555,790, 558,774
Arrow 532,769, 529,785


; вестибюль КЛ

Line 176,355, 166,355, 166,404, 157,404, 157,357, 151,357
Line 121,357, 115,357, 115,404, 106,404, 106,355, 96,355
Spline 121,294, 95,276, 85,246, 95,215, 122,196, 153,198, 175,214
Spline 151,294, 175,277, 186,251
Line 186,251, 205,246, 204,242
Line 175,214, 195,209, 196,213
Line 241,176, 245,175, 247,183, 228,188, 232,203
Line 240,230, 244,245, 285,234, 282,223, 286,222, 291,240, 352,224, 351,220
Line 334,155, 333,151, 271,168, 276,187, 272,188, 269,177, 258,180, 256,172, 260,171

BrushColor D0D0D0
Polygon 315,172, 337,166, 341,181, 319,187
Polygon 323,201, 345,195, 349,210, 327,216

; эскалатор 3 гор
PenColor 7F7F7F
Stairs 243,230, 236,204, 199,241
PenColor 000000
BrushColor 9B5509
Polygon 240,204, 188,218, 187,215, 239,201
Polygon 241,209, 242,213, 190,227, 189,223
Polygon 244,218, 245,222, 193,236, 192,232
Polygon 246,227, 194,241, 195,244, 247,230

; эскалатор 3 верт
PenColor 7F7F7F
Stairs 123,359, 149,359, 123,284
PenColor 000000
BrushColor 9B5509
Polygon 121,366, 121,278, 123,278, 123,366
Polygon 129,366, 129,278, 133,278, 133,366
Polygon 139,366, 139,278, 143,278, 143,366
Polygon 149,366, 149,278, 151,278, 151,366

; кассы
BrushColor -1
Line 275,167, 273,159, 300,152, 302,160
AngleTextOut 15, Arial, 10, 274, 156, кассы

; турникеты
BrushColor -1
Polygon 284,214, 280,215, 281,219, 285,218
PenColor 009900
Stairs 277,191, 273,192, 283,211

; стрелки
PenColor FF0000
Arrow 252,180, 248,165
PenColor 009900
Arrow 308,197, 289,202

;инфосос
PenColor 34349C
BrushColor 34349C
Polygon 253,236, 249,237, 249,238, 253,237
PenColor FF0000
BrushColor FF0000
Polygon 257,235, 253,236, 253,237, 257,236


; вестибюль Марксистской

PenColor 000000
Line 752,471, 750,464, 618,499, 616,492, 650,483, 648,475
Line 731,394, 733,403, 601,438, 604,448, 638,439, 640,446
Line 992,263, 929,280, 952,366, 951,374, 865,366
Spline 865,366, 846,375, 836,393
Spline 842,423, 850,431, 859,435
Line 859,435, 960,444, 961,434, 971,435, 972,427, 1007,430
Line 997,283, 956,294, 974,362, 971,401, 1009,404
Stairs 990,264, 995,283, 952,274
Stairs 1008,404, 1006,430, 973,401
Stairs 935,442, 941,373, 946,443
BrushColor C0C0C0
Polygon 921,393, 930,394, 928,417, 919,416

; эскалатор 3 15
PenColor 7F7F7F
Stairs 853,417, 847,394, 644,473
PenColor 000000
BrushColor 9B5509
Polygon 854,392, 634,451, 633,448, 853,389
Polygon 855,397, 856,401, 636,460, 635,456
Polygon 857,406, 858,410, 638,469, 637,465
Polygon 860,415, 640,474, 641,477, 861,418

; кассы
BrushColor -1
Line 902,369, 903,361, 872,358, 871,366
AngleTextOut -5, Arial, 10, 876, 355, кассы

; турникеты
BrushColor -1
Line 865,366, 872,374, 0.5
Polygon 870,377, 874,373, 878,377, 874,381
Line 890,393, 894,397, 893,410, 0.5
Line 891,434, 891,438, 0.5
Line 893,409, 857,406, 0.5
PenColor 009900
Stairs 880,380, 877,383, 893,393
PenColor FF0000
Stairs 895,410, 891,410, 893,434

; стрелки
PenColor FF0000
Arrow 886,428, 900,428
PenColor 009900
Arrow 876,389, 865,392

;инфосос
PenColor 34349C
BrushColor 34349C
Polygon 905,405, 909,405, 909,406, 905,406
PenColor FF0000
BrushColor FF0000
Polygon 901,405, 905,405, 905,406, 901,406

; вестибюль ТКЛ

PenColor 000000
Line 720,928, 716,937, 579,873, 575,882, 630,908, 627,915
Line 686,1001, 690,993, 553,929, 556,922, 612,948, 615,941
Line 736,967, 748,950, 772,967, 787,945, 828,974, 802,1011, 809,1016, 864,938, 830,914
Line 923,979, 889,955, 834,1033, 870,1058
Line 842,896, 935,961
Line 722,988, 712,1002, 735,1018, 728,1028, 769,1057, 788,1030, 856,1078
Stairs 867,1056, 853,1076, 840,1037
Stairs 932,959, 920,976, 900,937
Stairs 843,897, 831,914, 877,921

; эскалатор 3 -25
PenColor 7F7F7F
Stairs 623,916, 613,937, 736,969
PenColor 000000
BrushColor 9B5509
Polygon 619,911, 741,968, 740,971, 618,914
Polygon 616,918, 738,975, 736,979, 614,922
Polygon 612,926, 734,983, 732,987, 610,930
Polygon 608,934, 730,991, 729,994, 607,937


; кассы
BrushColor -1
Line 794,950, 779,972, 772,967
AngleTextOut 55, Arial, 10, 770, 965, кассы

; турникеты
BrushColor -1
Polygon 752,988, 748,985, 745,989, 749,992
PenColor 009900
Stairs 765,967, 762,965, 753,985
PenColor FF0000
Stairs 746,995, 743,993, 733,1014

; стрелки
PenColor FF0000
Arrow 748,1008, 761,1017
PenColor 009900
Arrow 776,991, 763,982

; Названия улиц голубым
PenColor 70CFCF
BrushColor -1
AngleTextOut 49, Arial, 15, 689, 126, улица Александра Солженицына
AngleTextOut 15, Arial, 15, 864, 198, улица Таганская
AngleTextOut -5, Arial, 15, 982, 328, улица Марксистская
AngleTextOut -30, Arial, 15, 1026, 694, улица Воронцовская
AngleTextOut -35, Arial, 15, 871, 993, улица Большие
AngleTextOut -35, Arial, 15, 862, 1007, Каменщики
AngleTextOut 90, Arial, 15, 588, 1218, Народная улица
AngleTextOut 105, Arial, 15, 518, 350, Таганская площадь
AngleTextOut -5, Arial, 15, 293, 77, Верхняя
AngleTextOut -5, Arial, 15, 272, 89, Радищевская
AngleTextOut -5, Arial, 15, 288, 104, улица
AngleTextOut -25, Arial, 15, 274, 288, Нижняя
AngleTextOut -25, Arial, 15, 257, 295, Радищевская
AngleTextOut -25, Arial, 15, 269, 317, улица
AngleTextOut 115, Arial, 15, 429, 56, улица Земляной Вал
AngleTextOut 115, Arial, 15, 452, 61, (Садовое Кольцо)
AngleTextOut 90, Arial, 15, 462, 1234, улица Земляной Вал
AngleTextOut 90, Arial, 15, 479, 1223, (Садовое Кольцо)
AngleTextOut 92, Arial, 15, 325, 1273, Гончарный проезд
AngleTextOut -25, Arial, 15, 196, 856, Гончарная улица
