Size 1940x1310

; Охотный ряд

; пути

BrushColor E41C0C
Polygon 683,364, 704,385, 386,703, 365,682
Polygon 296,613, 317,634, 635,316, 614,295

PenColor E41C0C
BrushColor -1
AngleTextOut 45, Arial, 20, 300, 569, << Библиотека им.Ленина
AngleTextOut 45, Arial, 20, 633, 456, Лубянка >>
AngleTextOut 45, Arial, 25, 339, 485, Охотный ряд, 1

;инфосос
PenColor 34349C
BrushColor 34349C
Polygon 499,504, 496,501, 495,502, 498,505
PenColor FF0000
BrushColor FF0000
Polygon 502,507, 499,504, 498,505, 501,508


; Театральная

; пути

PenColor 000000
BrushColor 047C54
Polygon 904,454, 931,442, 1121,849, 1094,862
Polygon 834,486, 807,499, 998,907, 1023,895

PenColor 046434
BrushColor -1
AngleTextOut -65, Arial, 20, 957, 439, << Тверская
AngleTextOut -65, Arial, 20, 933, 768, Новокузнецкая >>
AngleTextOut -65, Arial, 25, 950, 606, Театральная, 1

;инфосос
PenColor 34349C
BrushColor 34349C
Polygon 927,552, 931,550, 931,551, 927,553
PenColor FF0000
BrushColor FF0000
Polygon 923,554, 927,552, 927,553, 923,555


; Площадь Революции

; пути

PenColor 000000
BrushColor 0201AC
Polygon 1261,1048, 1261,1078, 1711,1078, 1711,1048
Polygon 1261,947, 1261,977, 1711,977, 1711,947

PenColor 34349C
BrushColor -1
AngleTextOut 0, Arial, 20, 1262, 924, << Арбатская
AngleTextOut 0, Arial, 20, 1618, 1078, Курская >>
AngleTextOut 0, Arial, 25, 1368, 1021, Площадь Революции, 1

;инфосос
PenColor 34349C
BrushColor 34349C
Polygon 1502,1010, 1502,1006, 1503,1006, 1503,1010
PenColor FF0000
BrushColor FF0000
Polygon 1502,1014, 1502,1010, 1503,1010, 1503,1014


; выход влево из Охотного ряда

PenColor 000000
Line 205,556, 244,595, 242,597, 256,611, 268,599
Line 191,570, 216,595, 197,614
Line 208,601, 198,591, 146,643, 157,654, 77,734, 52,709
Line 38,723, 63,748, 79,760, 93,774, 81,786
Line 92,797, 109,780, 109,766, 91,748, 127,712, 179,733, 188,742, 184,746, 188,750
Line 215,777, 219,781, 245,755, 352,862, 380,902, 592,1114, 727,1150, 721,1156, 740,1184

Line 769,1153, 740,1134, 710,1126, 711,1123, 704,1121, 703,1124, 598,1096, 571,1069, 573,1067, 561,1055, 559,1057, 395,893, 367,853, 377,843, 401,867
Line 417,851, 393,827, 373,813, 359,799, 372,786
Line 361,775, 342,794, 342,806, 361,825, 350,836, 213,699, 191,648, 230,609, 247,626, 263,626, 279,610
Line 186,683, 179,666
Line 224,617, 261,654, 285,630, 317,662
Line 339,684, 365,710, 331,744, 335,748, 338,745, 354,761, 339,776, 336,773, 327,782
Line 314,769, 323,760, 319,756, 309,766, 229,686, 237,678, 214,655, 200,669
Line 365,682, 359,676, 377,658, 371,652, 363,660
Line 341,638, 349,630, 342,623, 324,641, 317,634
Line 175,669, 183,677
Line 724,1160, 745,1137
Line 726,1163, 748,1139
Line 728,1166, 751,1141
Line 730,1169, 754,1143
Line 732,1172, 757,1145
Line 734,1175, 760,1147
Line 736,1178, 763,1149
Line 738,1181, 766,1151
;Stairs 531,1068, 567,1034, 505,1040
Stairs 81,786, 92,797, 93,774
Stairs 92,773, 104,761, 80,761
Stairs 53,710, 39,724, 76,733
Stairs 156,633, 164,641, 177,612
Stairs 167,678, 179,690, 173,672
Stairs 329,780, 316,767, 335,774
Stairs 179,733, 213,699, 187,740
Stairs 192,571, 206,557, 215,594
Stairs 268,599, 279,610, 256,611
Stairs 255,610, 243,622, 243,598
Stairs 348,812, 360,800, 360,824
Stairs 360,798, 349,787, 373,785
Stairs 248,758, 260,746, 255,765
Stairs 401,867, 417,851, 377,843

BrushColor D0D0D0
Polygon 197,614, 165,646, 162,643, 194,611
Polygon 162,677, 165,680, 179,666, 177,662
Polygon 211,628, 214,631, 193,652, 191,648
Polygon 140,699, 152,687, 167,702, 186,683, 198,712, 206,720, 199,727, 191,719

; эскалатор 3 60
PenColor 7F7F7F
Stairs 357,662, 339,644, 327,692
PenColor 000000
BrushColor 9B5509
Polygon 343,640, 306,677, 304,675, 341,638
Polygon 347,644, 350,647, 313,684, 310,681
Polygon 354,651, 357,654, 320,691, 317,688
Polygon 361,658, 324,695, 326,697, 363,660

; кассы
BrushColor -1
Line 261,718, 255,724, 275,744, 281,738
AngleTextOut -45, Arial, 10, 264, 717, кассы

; турникеты
BrushColor -1
Polygon 329,742, 332,739, 329,736, 326,739
Line 285,695, 312,683, 0.5
PenColor 009900
Stairs 324,736, 326,734, 283,695

; стрелки
PenColor FF0000
Arrow 362,625, 352,635
Arrow 202,607, 195,600, 152,643
Line 245,650, 218,623
PenColor 009900
Arrow 366,649, 376,639
Line 209,708, 184,647, 153,678, 166,691, 182,675
Arrow 197,660, 216,641, 242,667


; выход вправо из охотного ряда

PenColor 000000
Line 683,364, 670,351
Line 648,329, 635,316

; эскалатор 3 60
PenColor 7F7F7F
Stairs 705,312, 687,294, 664,353
PenColor 000000
BrushColor 9B5509
Polygon 691,290, 643,338, 641,336, 689,288
Polygon 695,294, 698,297, 650,345, 647,342
Polygon 702,301, 705,304, 657,352, 654,349
Polygon 709,308, 661,356, 663,358, 711,310


; переход с Охотного ряда на Театральную и эскалаторы

PenColor 000000
Line 440,469, 419,448, 502,365, 532,376
Line 462,447, 456,441, 507,390, 515,393
Line 648,442, 769,486, 838,454, 855,492, 849,495, 843,482, 834,486
Line 904,454, 896,458, 902,471, 893,475, 866,416, 767,462, 665,425
Line 869,508, 897,495
Line 476,517, 487,528
Line 510,483, 521,494
Stairs 885,457, 848,475, 879,445

BrushColor D0D0D0
Polygon 897,495, 901,493, 926,547, 922,549
Polygon 869,508, 865,510, 890,564, 894,562
Polygon 446,463, 440,457, 450,447, 456,453

PenColor EEEEEE
BrushColor EEEEEE
Polygon 478,475, 492,489, 482,499, 468,485

PenColor D0D0D0
Line 478,475, 492,489, 482,499, 468,485
Line 547,405, 616,430
Line 564,388, 633,413
Line 508,481, 502,487, 484,469
Line 474,515, 480,509, 462,491

; турникеты
Line 495,524, 502,487, 0.5


; эскалатор 2 60
PenColor 7F7F7F
Stairs 483,532, 472,521, 458,557
PenColor 000000
BrushColor 9B5509
Polygon 476,517, 444,549, 442,547, 474,515
Polygon 480,521, 483,524, 451,556, 448,553
Polygon 487,528, 455,560, 457,562, 489,530

; эскалатор 2 60
PenColor 7F7F7F
Stairs 549,466, 538,455, 524,491
PenColor 000000
BrushColor 9B5509
Polygon 542,451, 510,483, 508,481, 540,449
Polygon 546,455, 549,458, 517,490, 514,487
Polygon 553,462, 521,494, 523,496, 555,464

Arrow 551,453, 567,437
Arrow 690,446, 720,457
Arrow 429,575, 445,559
Arrow 899,484, 906,481, 917,505
Arrow 860,503, 853,506, 864,530


; выход влево из Театральной и вестибюль

;Здания беж
PenColor FEFBF1
BrushColor FEFBF1
Polygon 791,128, 649,166, 635,114, 777,76

PenColor 000000
Line 636,118, 635,114, 777,76, 778,80
Line 782,94, 783,98
Line 787,113, 791,128, 746,140
Line 698,153, 649,166, 645,151
Line 641,136, 640,132

PenColor 000000
Line 825,414, 822,408, 828,405, 823,394
Spline 823,394, 815,386, 799,382, 786,373
Line 786,373, 730,317, 715,332, 702,319
Line 680,297, 667,284, 677,274
Spline 677,274, 664,250, 668,226
Line 668,226, 705,162, 693,117, 656,127
Line 650,112, 736,89
Line 741,104, 708,113, 719,155, 726,159, 729,152, 724,133
Line 776,119, 739,129, 744,148
Spline 744,148, 744,155, 741,162
Line 741,162, 700,233
Spline 700,233, 698,242, 702,249
Line 702,249, 711,240, 759,288, 744,303, 801,360
Spline 801,360, 812,368, 829,373, 840,386
Line 840,386, 845,397, 850,395, 853,401
Stairs 694,182, 720,197, 701,170
Stairs 703,155, 718,151, 700,144
Stairs 728,148, 743,144, 725,137
Stairs 750,126, 746,111, 772,120
Stairs 715,111, 711,96, 737,105
Stairs 680,120, 676,105, 660,126

PenColor FEFBF1
BrushColor FEFBF1
Polygon 693,124, 711,119, 716,136, 698,141

PenColor 000000
Line 772,104, 686,127
Line 724,133, 691,142
Stairs 713,120, 717,135, 690,126

Opaque 85
PenColor FFFFFF
BrushColor FFFFFF
Polygon 830,420, 854,409, 896,498, 872,509
Opaque 100

; эскалатор 3 -65
PenColor 7F7F7F
Stairs 893,557, 919,545, 828,418
PenColor 000000
BrushColor 9B5509
Polygon 920,550, 851,402, 853,401, 922,549
Polygon 915,552, 911,554, 842,406, 846,404
Polygon 906,556, 902,558, 833,410, 837,408
Polygon 896,561, 827,413, 825,414, 894,562

; кассы
BrushColor -1
Line 647,157, 677,149, 679,158
AngleTextOut 15, Arial, 10, 649, 154, кассы

; турникеты
BrushColor -1
Line 724,160, 684,229, 0.5
Spline 684,229, 682,246, 690,261, 0.5
Line 690,261, 697,268, 0.5
Polygon 695,270, 699,266, 703,270, 699,274
PenColor 009900
Stairs 707,268, 707,272, 740,268

; стрелки
PenColor FF0000
Arrow 689,206, 696,194
PenColor 009900
Arrow 709,201, 702,213

;инфосос
PenColor 34349C
BrushColor 34349C
Polygon 752,285, 749,282, 748,283, 751,286
PenColor FF0000
BrushColor FF0000
Polygon 755,288, 752,285, 751,286, 754,289


; переход с Театральной на Охотный ряд

Opaque 80
PenColor FFFFFF
BrushColor FFFFFF
Polygon 896,692, 925,679, 931,693, 903,706
Polygon 909,720, 937,707, 944,721, 915,735
Opaque 100

PenColor 000000
Arrow 699,645, 670,628
Line 529,560, 540,571, 807,727, 795,747, 821,762, 836,736
Line 905,740, 961,714
Spline 905,740, 871,746, 836,736
Line 552,537, 563,548, 822,700, 833,681, 858,695
Spline 858,695, 871,699, 885,697
Line 885,697, 941,671
Line 961,714
Line 954,699, 898,725
Line 843,721, 850,709
Line 892,711, 948,686
Spline 892,711, 871,716, 850,709
Spline 898,725, 871,730, 843,721
Stairs 939,672, 946,687, 919,681
Stairs 952,700, 959,715, 932,709

BrushColor D0D0D0
Polygon 536,553, 546,563, 555,567, 561,556, 557,554, 546,543

PenColor EEEEEE
BrushColor EEEEEE
Polygon 524,521, 515,512, 505,522, 514,531

PenColor D0D0D0
Line 524,521, 515,512, 505,522, 514,531
Line 489,530, 495,524, 508,537
Line 523,496, 517,502, 530,515


; переход с Площади Революции на Театральную

PenColor 000000
Arrow 1444,928, 1414,928
Arrow 1086,881, 1090,879, 1081,860
Arrow 1039,902, 1035,904, 1027,887

Line 1023,895, 1034,919, 1048,912, 1061,940, 1487,940, 1487,947
Line 1517,947, 1517,940, 1522,940, 1522,935
Spline 1522,935, 1526,933, 1527,929, 1526,925, 1522,923
Line 1522,923, 1522,917, 1093,917, 1083,896, 1105,886, 1094,862
Line 1069,876, 1041,889
Line 1541,1001, 1520,1001, 1520,1019, 1541,1019
Line 1463,1001, 1484,1001, 1484,1019, 1463,1019
Stairs 1538,1001, 1538,1019, 1521,1001
Stairs 1466,1001, 1466,1019, 1483,1001
Stairs 1090,911, 1055,927, 1084,898
Stairs 1097,917, 1097,940, 1107,917

BrushColor D0D0D0
Polygon 1042,818, 1046,816, 1073,874, 1069,876
Polygon 1014,831, 1010,833, 1037,891, 1041,889

PenColor D0D0D0
Line 1517,978, 1517,1001, 1520,1001
Line 1487,978, 1487,1001, 1484,1001
Line 1520,1019, 1506,1019, 1506,978
Line 1498,978, 1498,1019, 1484,1019
Line 1506,946, 1506,940, 1498,940, 1498,946
Stairs 1487,988, 1498,988, 1487,997
Stairs 1506,988, 1517,988, 1506,997

; переход с Театральной на Площадь Революции

Opaque 80
PenColor FFFFFF
BrushColor FFFFFF
Polygon 979,618, 1009,604, 1016,618, 985,632
Polygon 1035,661, 1006,675, 1013,689, 1042,675
Polygon 1164,915, 1176,941, 1202,942, 1190,916
Opaque 100

PenColor 000000
Line 995,698, 1050,672, 1134,852
Line 1163,914, 1187,965, 1187,1031, 1252,1031, 1252,1048, 1261,1048
Line 988,683, 1043,657, 1023,615, 968,641
Line 961,626, 1039,590, 1156,842
Line 1185,904, 1211,960, 1211,993, 1252,993, 1252,977, 1261,977
Line 1268,997, 1268,1027
Stairs 970,640, 963,625, 989,631
Stairs 997,697, 990,682, 1016,688
Stairs 1211,971, 1187,971, 1211,984
Stairs 1227,993, 1227,1031, 1249,993

BrushColor D0D0D0
Polygon 1268,997, 1268,993, 1359,993, 1359,997
Polygon 1268,1031, 1268,1027, 1359,1027, 1359,1031

; эскалатор 3 -65
PenColor 7F7F7F
Stairs 1158,900, 1177,891, 1137,855
PenColor 000000
BrushColor 9B5509
Polygon 1183,905, 1154,843, 1156,842, 1185,904
Polygon 1179,907, 1176,908, 1147,846, 1150,845
Polygon 1172,910, 1169,911, 1140,849, 1143,848
Polygon 1165,913, 1136,851, 1134,852, 1163,914

Arrow 1097,745, 1111,775
Arrow 1261,990, 1261,985, 1277,985
Arrow 1261,1035, 1261,1040, 1277,1040


; выход с Театральной направо

Opaque 85
PenColor FFFFFF
BrushColor FFFFFF
Polygon 1042,886, 1066,875, 1097,941, 1068,941
Opaque 100

; эскалатор 3 -65
PenColor 7F7F7F
Stairs 1089,988, 1115,976, 1017,835
PenColor 000000
BrushColor 9B5509
Polygon 1116,981, 1040,819, 1042,818, 1118,980
Polygon 1111,983, 1107,985, 1031,823, 1035,821
Polygon 1102,987, 1098,989, 1022,827, 1026,825
Polygon 1092,992, 1016,830, 1014,831, 1090,993


; выход с Площади револючии налево

Opaque 85
PenColor FFFFFF
BrushColor FFFFFF
Polygon 1184,999, 1184,1025, 1269,1025, 1269,999
Opaque 100

; эскалатор 3 гор
PenColor 7F7F7F
Stairs 1337,1025, 1337,999, 1156,1025
PenColor 000000
BrushColor 9B5509
Polygon 1344,999, 1151,999, 1151,997, 1344,997
Polygon 1344,1005, 1344,1009, 1151,1009, 1151,1005
Polygon 1344,1015, 1344,1019, 1151,1019, 1151,1015
Polygon 1344,1025, 1151,1025, 1151,1027, 1344,1027


; вестибюль Театральная - Пл.Революции

;Здания беж
PenColor FEFBF1
BrushColor FEFBF1
Polygon 1029,1026, 1046,1062, 1080,1046, 1074,1037, 1070,1029, 1068,1019, 1067,1010, 1068,1002, 1071,993, 1076,985, 1082,979, 1090,995, 1120,980, 1112,963, 1120,963, 1129,965, 1126,970, 1152,988, 1156,983, 1160,990, 1161,996, 1150,996, 1150,1028, 1163,1028, 1161,1034, 1158,1040, 1154,1045, 1149,1050, 1144,1053, 1138,1057, 1030,1107, 999,1040

;PenColor 00FF00
;BrushColor -1
;Ellipse 1106,1046, 1206,1146

PenColor 000000
;Spline 1101,1113, 1099,1097, 1103,1081, 1113,1065, 1129,1055, 1147,1051, 1161,1053
;Spline 1185,1067, 1195,1085, 1197,1103, 1193,1119, 1185,1131, 1175,1141, 1159,1149
Line 1138,1057, 1030,1107, 999,1040, 1005,1037
Line 1080,1046, 1046,1062, 1029,1026, 1023,1029
Line 1129,965, 1126,970
Line 1156,983, 1152,988
Spline 1129,965, 1120,963, 1110,963
Spline 1163,997, 1160,990, 1156,983
Spline 1082,977, 1071,993, 1067,1010, 1070,1029, 1080,1046
Spline 1138,1057, 1149,1050, 1158,1040, 1164,1027

; кассы
BrushColor -1
Line 1016,1077, 1008,1081, 1019,1105, 1027,1101
AngleTextOut -65, Arial, 10, 1019, 1077, кассы

; турникеты
BrushColor -1
Polygon 1074,1076, 1072,1081, 1077,1083, 1079,1078
PenColor 009900
Stairs 1076,1073, 1079,1074, 1080,1060
Stairs 1080,1058, 1083,1057, 1077,1050
PenColor FF0000
Stairs 1129,972, 1131,969, 1149,986

; стрелки
PenColor FF0000
Arrow 1125,997, 1134,983
PenColor 009900
Arrow 1047,1078, 1060,1072

;инфосос
PenColor 34349C
BrushColor 34349C
Polygon 1071,1011, 1071,1007, 1070,1007, 1070,1011
PenColor FF0000
BrushColor FF0000
Polygon 1071,1015, 1071,1011, 1070,1011, 1070,1015


; вестибюль Пл.Революции

;Здания беж
PenColor FEFBF1
BrushColor FEFBF1
Polygon 1787,1082, 1807,1065, 1799,1057, 1791,1048, 1786,1038, 1783,1028, 1814,1028, 1814,998, 1783,998, 1788,985, 1795,974, 1804,965, 1816,957, 1828,952, 1840,950, 1853,951, 1869,955, 1881,962, 1893,973, 1901,986, 1906,999, 1908,1015, 1906,1030, 1899,1045, 1888,1060, 1818,1119, 1807,1106, 1834,1083, 1823,1079, 1800,1098

PenColor 000000
Line 1711,977, 1711,987, 1638,987, 1638,998
Line 1711,1048, 1711,1038, 1638,1038, 1638,1028
Line 1824,1126, 1818,1119, 1888,1060
Spline 1888,1060, 1906,1030, 1906,999, 1893,973, 1869,955, 1840,950, 1816,957, 1795,974, 1783,998
Spline 1783,1028, 1791,1048, 1807,1065
Line 1807,1065, 1787,1082, 1780,1074
Line 1823,1079, 1834,1083, 1807,1106, 1800,1098, 1823,1079

; эскалатор 3 гор
PenColor 7F7F7F
Stairs 1807,1026, 1807,1000, 1643,1026
PenColor 000000
BrushColor 9B5509
Polygon 1814,1000, 1638,1000, 1638,998, 1814,998
Polygon 1814,1006, 1814,1010, 1638,1010, 1638,1006
Polygon 1814,1016, 1814,1020, 1638,1020, 1638,1016
Polygon 1814,1026, 1638,1026, 1638,1028, 1814,1028

; кассы
BrushColor -1
Line 1888,1060, 1894,1067, 1870,1087, 1864,1080
AngleTextOut 40, Arial, 10, 1866, 1076, кассы

; турникеты
BrushColor -1
Line 1829,1081, 1846,1044, 0.5
Line 1875,983, 1884,964, 0.5
Polygon 1843,1042, 1849,1045, 1852,1039, 1846,1036
PenColor 009900
Stairs 1853,1035, 1849,1033, 1878,981
PenColor FF0000
Stairs 1825,1073, 1822,1076, 1812,1061

; стрелки
PenColor FF0000
Arrow 1811,1075, 1792,1091
PenColor 009900
Arrow 1809,1115, 1827,1100

;инфосос
PenColor 34349C
BrushColor 34349C
Polygon 1803,1055, 1806,1058, 1805,1059, 1802,1056
PenColor FF0000
BrushColor FF0000
Polygon 1800,1052, 1803,1055, 1802,1056, 1799,1053


; Названия улиц голубым
PenColor 00AFAF
BrushColor -1
PenColor 00AFAF
BrushColor -1
AngleTextOut 45, Arial, 15, 376, 427, улица Охотный ряд
AngleTextOut 45, Arial, 15, 85, 902, Моховая улица
AngleTextOut -45, Arial, 15, 317, 858, Манежная площадь
AngleTextOut -45, Arial, 15, 775, 1177, Красная площадь >>
AngleTextOut 65, Arial, 15, 281, 1251, Александровский сад
AngleTextOut -45, Arial, 15, 35, 538, Тверская улица
AngleTextOut -75, Arial, 15, 795, 14, << ЦУМ
AngleTextOut 15, Arial, 15, 950, 34, Театральная
AngleTextOut 15, Arial, 15, 954, 49, площадь
AngleTextOut 15, Arial, 15, 1072, 364, площадь Революции
AngleTextOut -45, Arial, 15, 456, 25, улица Большая Дмитровка
AngleTextOut 15, Arial, 15, 988, 195, Театральный проезд
AngleTextOut 15, Arial, 15, 1248, 818, площадь Революции
AngleTextOut 55, Arial, 15, 1493, 900, Никольская улица
AngleTextOut -50, Arial, 15, 1778, 1086, Богоявленский переулок
AngleTextOut 0, Arial, 15, 1098, 1277, ГУМ
AngleTextOut 45, Arial, 15, 372, 744, улица Охотный ряд
AngleTextOut 45, Arial, 15, 104, 846, '<< ТК "Охотный ряд"'
AngleTextOut 45, Arial, 15, 222, 861, '<< ТК "Охотный ряд"'

;Opaque 70
; "закрыто"
;PenColor FFD0D0
;BrushColor FFD0D0
;Polygon 1776,940, 1776,996, 1636,996, 1636,1030, 1776,1030, 1776,1132, 1916,1132, 1916,940
;PenColor FF4040

;Opaque 100
;PenColor FF4040
;BrushColor -1
;AngleTextOut 0, Arial, 15, 1821, 1004, Закрыто на
;AngleTextOut 0, Arial, 15, 1809, 1026, реконструкцию
;Dashed 1776,940, 1776,996, 1636,996, 1636,1030, 1776,1030, 1776,1132, 1916,1132, 1916,940, 1776,940
;BrushColor 000000
