Size 660x680
Angle -82

; пути

BrushColor 046434
Polygon 127,315, 577,315, 577,345, 127,345
Polygon 127,347, 577,347, 577,377, 127,377

BrushColor -1

PenColor 000000
AngleTextOut 0, Arial, 25, 359, 317, Технопарк, 1
PenColor FFFFFF
AngleTextOut 0, Arial, 25, 358, 316, Технопарк, 1

PenColor 046434
AngleTextOut 0, Arial, 20, 425, 377, Коломенская >>
AngleTextOut 0, Arial, 20, 133, 293, << Автозаводская

; левый вестибюль

PenColor 000000
;Line 127,345, 127,347
;Line 577,315, 577,295, 75,295, 75,287, -78,287, -78,405, -58,405, 5,539
;Line 21,531, -38,405, 75,405, 75,397, 577,397, 577,377


; Названия улиц голубым
PenColor 00AFAF
BrushColor -1
AngleTextOut 170, Arial, 15, 118, 123, проспект Андропова

; Восточная платформа
PenColor 000000
Line 618,274, 618,315, 577,315
Line 600,274, 559,274
Line 342,274, 318,274
BrushColor CCCCCC
Polygon 559,274, 559,282, 555,285, 542,285, 542,295, 342,295, 342,274
Line 292,295, 318,295, 318,285, 253,285
Line 253,295, 239,295
;Line 239,274, 239,295, 218, 295,218, 285,153, 285,148, 280,148, 274,68, 274,68, 282,44, 282,44, 274
Polygon 239,274, 239,295, 218,295, 218,285, 153,285, 148,280, 148,274
Polygon 68,274, 68,282, 44,282, 44,274
Line 148,274, 68,274
Line 28,274, 28,315, 68,315
Polygon 68,315, 68,299, 127,299, 127,315
Line 58,299, 44,299
Stairs 309,285, 309,295, 292,285
Stairs 44,299, 44,315, 58,299
BrushColor D0EFFF
Polygon 68,274, 68,282, 56,282, 56,274
BrushColor FFFFFF
Polygon 83,299, 83,311, 110,311, 110,299
BrushColor -1
TextOut Arial, 9, 85, 299, кассы
PenColor FF0000
Stairs 340,295, 340,291, 318,295
Stairs 259,295, 255,295, 259,285
Arrow 274,295, 274,290, 265,290
Arrow 330,306, 330,299
Line 582,277, 585,312
Line 585,277, 582,312
PenColor 009900
Stairs 147,282, 150,285, 129,299
Arrow 36,267, 36,290, 43,290

; Западная платформа
PenColor 000000
Line 577,377, 619,377, 619,418
Line 600,418, 559,418
Line 342,418, 318,418
BrushColor CCCCCC
Polygon 559,418, 559,411, 555,407, 542,407, 542,397, 342,397, 342,418
Line 292,397, 318,397, 318,408, 253,408
;Line 239,418, 239,398, 218,398, 218,408, 152,408, 148,412, 148,418, 74,418, 74,410, 44,410, 44,418
Line 148,418, 74,418
Polygon 239,418, 239,398, 218,398, 218,408, 152,408, 148,412, 148,418
Polygon 74,418, 74,410, 44,410, 44,418
Line 28,418, 28,377, 68,377
Polygon 68,377, 68,393, 127,393, 127,377
Line 58,393, 44,393
Line 253,398, 239,398
Stairs 44,377, 44,393, 59,377
Stairs 309,408, 309,397, 292,408
BrushColor D0EFFF
Polygon 74,418, 74,410, 62,410, 62,418
BrushColor FFFFFF
Polygon 110,393, 110,381, 83,381, 83,393
BrushColor -1
TextOut Arial, 9, 85, 381, кассы
PenColor FF0000
Stairs 340,397, 340,401, 318,397
Stairs 259,398, 255,398, 259,408
Arrow 274,396, 274,402, 265,402
Arrow 330,386, 330,393
Line 582,380, 585,415
Line 585,380, 582,415
PenColor 009900
Stairs 147,410, 150,407, 129,393
Arrow 35,423, 35,401, 43,401

; Второй ярус

Opaque 80
PenColor FFFFFF
BrushColor FFFFFF
Polygon 309,285, 318,285, 318,305, 325,305, 325,387, 318,387, 318,408, 309,408, 309,387, 302,387, 302,374, 88,374, 88,418, 74,418, 74,410, 28,410, 28,393, 58,393, 58,299, 28,299, 28,282, 68,282, 68,274, 88,274, 88,318, 302,318, 302,305, 309,305
Opaque 100

Line 309,285, 318,285, 318,305, 325,305, 325,387, 318,387, 318,408, 309,408
Line 309,295, 309,305, 302,305, 302,318, 88,318, 88,274, 68,274, 68,282, 28,282, 28,299
Line 44,299, 58,299, 58,393, 44,393
Line 28,393, 28,410, 74,410, 74,418, 88,418, 88,374, 302,374, 302,387, 309,387, 309,397
Stairs 318,305, 309,305, 318,295
Stairs 318,387, 309,387, 318,397
Stairs 58,282, 58,299, 44,282
Stairs 58,393, 58,410, 44,393
PenColor FF0000
Stairs 125,322, 129,322, 125,372
