Size 590x530

;Пути

BrushColor 84ACBC
Polygon 125,76, 125,46, 575,46, 575,76
Polygon 125,186, 125,156, 575,156, 575,186

BrushColor -1
PenColor 84ACBC
AngleTextOut 0, Arial, 20, 339, 186, ул. академика Королёва >>
AngleTextOut 0, Arial, 25, 298, 102, Телецентр, 1
AngleTextOut 0, Arial, 20, 125, 20, << ул.Милашенкова

; правый торец
PenColor 000000
Line 575,156, 575,144, 564,144
Line 564,96, 575,96, 575,76
Spline 564,96, 557,120, 564,144

; левый торец
Line 125,76, 27,76, 27,82, 21,82
Line 21,149, 27,149, 27,155, 126,155
Spline 21,82, 11,115, 21,149

; центр

; эскалатор 3 гор
PenColor 7F7F7F
Stairs 182,133, 182,99, 80,133
PenColor 000000
BrushColor 9B5509
Polygon 189,99, 75,99, 75,96, 189,96
Polygon 189,107, 189,112, 75,112, 75,107
Polygon 189,120, 189,125, 75,125, 75,120
Polygon 189,133, 75,133, 75,136, 189,136

; стрелки
PenColor FF0000
Arrow 149,86, 108,86
PenColor 009900
Arrow 109,147, 148,147


; нижний ярус

PenColor 000000
BrushColor BBBBBB
Polygon 249,420, 287,420, 287,428, 339,428, 339,420, 366,420, 366,285, 339,285, 339,277, 287,277, 287,285, 249,285, 249,265, 389,265, 389,440, 249,440, 249,420

Line 307,395, 208,395
Line 307,307, 208,307

PenColor 777777
Line 249,440, 208,440, 208,395
Line 249,437, 211,437, 211,395
Line 249,434, 214,434, 214,395
Line 249,431, 217,431, 217,395

Line 249,265, 208,265, 208,307
Line 249,268, 211,268, 211,307
Line 249,271, 214,271, 214,307
Line 249,274, 217,274, 217,307


Arrow 197,353, 226,353
Arrow 167,117, 197,117
Dashed 197,117, 197,117, 197,353, 197,353

; эскалатор 3 гор
PenColor 7F7F7F
Stairs 242,370, 242,336, 140,370
PenColor 000000
BrushColor 9B5509
Polygon 249,336, 135,336, 135,333, 249,333
Polygon 249,344, 249,349, 135,349, 135,344
Polygon 249,357, 249,362, 135,362, 135,357
Polygon 249,370, 135,370, 135,373, 249,373

; турникеты
BrushColor -1
PenColor 009900
Stairs 305,363, 299,363, 305,393
PenColor FF0000
Stairs 299,339, 305,339, 299,308

PenColor 000000
Spline 307,343, 313,347, 313,355, 307,359
Spline 297,343, 291,347, 291,355, 297,359
Line 307,359, 297,359
Line 307,343, 297,343
Line 232,395, 232,373
Line 232,333, 232,307

;кассы
BrushColor FFFFFF
Polygon 366,332, 381,332, 381,376, 366,376
BrushColor -1
AngleTextOut 90, Arial, 14, 365, 372, Кассы

; стрелки
PenColor FF0000
Arrow 319,328, 338,328, 338,295, 262,295, 237,295
PenColor 009900
Arrow 237,408, 338,408, 338,374, 317,374


;названия улиц голубым
PenColor 00AFAF
AngleTextOut 0, Arial, 15, 313, 506, ул. Академика Королёва

; Ссылка
PenColor 040464
SpotRect 407, -405, 180, 15, LoadVec VDNH-VystavochnyCentr.vec
TextOut Arial, 10, 407, -405, 'Схема перехода к станции метро "ВДНХ"', 5

