Size 1110x970
Angle -60

;Пути
BrushColor FC9C54
Polygon 397,269, 397,239, 847,239, 847,269
Polygon 847,159, 847,129, 397,129, 397,159

BrushColor -1
PenColor F7782E
AngleTextOut 0, Arial, 25, 540, 170, Тёплый стан, 1
AngleTextOut 0, Arial, 20, 400, 106, << Коньково
AngleTextOut 0, Arial, 20, 746, 269, Ясенево >>

; левый вестибюль
PenColor 000000
Line 188,405, 207,438, 225,428, 225,260, 216,260, 216,137, 349,137, 349,169, 397,169, 397,159
Line 287,329, 250,350, 250,260, 349,260, 349,229, 397,229, 397,239
Line 238,493, 219,460, 250,442, 250,381, 300,352
Line 169,416, 188,449, 96,502, 77,469
Line 220,503, 201,471, 109,524, 128,557
Line 58,480, 109,568
Stairs 394,169, 394,229, 349,169
Stairs 297,354, 284,331, 266,371
Stairs 203,474, 221,464, 220,503
Stairs 127,555, 108,566, 110,526
Stairs 187,447, 206,436, 169,416
Stairs 79,472, 60,483, 96,502

BrushColor D0D0D0
Polygon 260,170, 252,170, 252,227, 260,227

; кассы
BrushColor -1
Line 349,139, 362,139, 362,167, 349,167
AngleTextOut 90, Arial, 10, 350, 165, кассы

; турникеты
Line 349,168, 314,168, 0.5
Polygon 313,168, 311,173, 316,175, 318,170
PenColor 009900
Stairs 290,220, 294,222, 310,176
PenColor FF0000
Stairs 294,224, 289,224, 294,258


; правый вестибюль
PenColor 000000
Line 1080,308, 1045,328, 1021,287, 1021,260, 1030,260, 1030,137, 895,137, 895,169, 847,169, 847,159
Line 989,361, 1022,342, 994,294, 994,260, 895,260, 895,229, 847,229, 847,239
Line 1090,325, 1056,345, 1094,411, 1127,392
Line 1137,409, 1046,462
Line 1037,445, 1071,425, 1033,359, 1000,378
Stairs 1041,443, 1050,459, 1070,426
Stairs 1096,410, 1106,427, 1126,393
Stairs 1078,309, 1088,326, 1047,327
Stairs 1019,344, 1029,361, 989,361
BrushColor D0D0D0
Polygon 994,170, 986,170, 986,227, 994,227
Stairs 849,169, 849,229, 894,169

; турникеты
BrushColor -1
Line 895,168, 932,168, 0.5
Polygon 935,173, 933,168, 928,170, 930,175
PenColor 009900
Stairs 949,222, 954,220, 931,177
PenColor FF0000
Stairs 955,225, 950,225, 955,259

; кассы
PenColor 000000
BrushColor -1
Line 895,139, 882,139, 882,167, 895,167
AngleTextOut 90, Arial, 10, 883, 165, кассы


;стрелки
PenColor FF0000
Arrow 973,243, 985,243
Arrow 276,242, 261,242
PenColor 009900
Arrow 975,160, 963,165
Arrow 283,161, 295,167


;инфососы
PenColor 34349C
BrushColor 34349C
Polygon 981,218, 981,223, 983,223, 983,218
Polygon 607,201, 607,211, 605,211, 605,201
Polygon 282,172, 277,172, 277,170, 282,170
PenColor FF0000
BrushColor FF0000
Polygon 981,213, 981,218, 983,218, 983,213
Polygon 607,206, 607,201, 605,201, 605,206
Polygon 287,172, 282,172, 282,170, 287,170

;названия улиц синим
PenColor 00AFAF
BrushColor -1
AngleTextOut 30, Arial, 20, 816, 529, Новоясеневский проспект
AngleTextOut 120, Arial, 20, 263, 721, Профсоюзная улица
AngleTextOut 30, Arial, 20, 11, 787, улица Тёплый Стан

; Выходы
Angle 60
PenColor FFD900
BrushColor 615F56
SpotRect 964, 807, 30, 30, ShowMessage Выход №1
SpotRect 886, 766, 30, 30
SpotRect 909, 897, 30, 30
SpotRect 838, 854, 30, 30
SpotRect 501, 199, 30, 30
SpotRect 337, 165, 30, 30
SpotRect 379, 98, 30, 30
SpotRect 229, 100, 30, 30
SpotRect 259, 44, 30, 30
BrushColor -1
TextOut Arial, 25, 972, 808, 1
TextOut Arial, 25, 894, 767, 2
TextOut Arial, 25, 917, 898, 3
TextOut Arial, 25, 846, 855, 4
TextOut Arial, 25, 509, 200, 5
TextOut Arial, 25, 345, 166, 6
TextOut Arial, 25, 387, 99, 7
TextOut Arial, 25, 237, 101, 8
TextOut Arial, 25, 267, 45, 9
