Size 850x380
Angle 19

;Пути
BrushColor 84ACBC
Polygon 809,248, 809,278, 359,278, 359,248
Polygon 809,138, 809,168, 359,168, 359,138

BrushColor -1
PenColor 84ACBC
AngleTextOut 0, Arial, 25, 468, 191, Тимирязевская, 1
AngleTextOut 0, Arial, 20, 360, 115, << Тупик
AngleTextOut 0, Arial, 20, 605, 278, Улица Милашенкова >>

; правый торец

PenColor 000000
Line 809,168, 809,182, 801,182
Spline 801,182, 794,208, 801,234
Line 801,234, 809,234, 809,248


; левый вестибюль

Line 359,168, 359,178, 330,178, 330,188
Line 359,248, 359,238, 330,238, 330,228
Line 268,188, 268,168, 231,168, 231,174
Spline 231,174, 215,164, 198,161, 180,165, 166,175
Line 166,175, 159,175, 159,168, 129,168, 129,191, 111,191
Line 268,228, 268,247, 231,247, 231,240
Spline 231,240, 216,250, 199,253, 182,250, 167,240
Line 167,240, 159,240, 159,246, 129,246, 129,223, 111,223
Spline 111,191, 117,172, 125,158, 136,144
Spline 111,223, 117,241, 125,256, 136,270

; эскалатор 3 гор
PenColor 7F7F7F
Stairs 332,225, 332,191, 263,225
PenColor 000000
BrushColor 9B5509
Polygon 339,191, 259,191, 259,188, 339,188
Polygon 339,199, 339,204, 259,204, 259,199
Polygon 339,212, 339,217, 259,217, 259,212
Polygon 339,225, 259,225, 259,228, 339,228

; турникеты
BrushColor -1
Line 185,181, 196,161, 0.5
Polygon 200,245, 205,242, 208,247, 203,250
PenColor 009900
Stairs 198,240, 202,238, 182,207
PenColor FF0000
Stairs 182,205, 187,205, 182,180

; кассы
PenColor 
Line 129,246, 129,255, 159,255, 159,246
AngleTextOut 0, Arial, 10, 131, 244, Кассы

;стрелки
PenColor FF0000
Arrow 129,200, 111,200
PenColor 009900
Arrow 111,214, 129,214


;названия улиц голубым
PenColor 00AFAF
AngleTextOut -90, Arial, 15, 85, -66, '<< платформа "Тимирязевская"'
AngleTextOut -90, Arial, 15, 107, -58, '<< метро "Тимирязевская"'
AngleTextOut -100, Arial, 15, 864, 153, ул. Яблочкова
PenColor 000000

; ссылка
Angle -19
PenColor 040464
SpotRect 106, 19, 180, 15, LoadVec Timiryazevskaya.vec
TextOut Arial, 10, 106, 19, 'Схема станции метро "Тимирязеская"', 5
PenColor 000000
