Size 980x830

; Третьяковская КРЛ

; пути
BrushColor FC9C54

Polygon 242,447, 242,477, 692,477, 692,447
Polygon 242,611, 242,641, 692,641, 692,611

PenColor AC5C44
BrushColor -1
AngleTextOut 0, Arial, 20, 245, 475, << Октябрьская
AngleTextOut 0, Arial, 20, 567, 638, Китай-город >>
AngleTextOut 0, Arial, 25, 404, 391, Третьяковская, 1

;инфосос
PenColor 34349C
BrushColor 34349C
Polygon 386,408, 386,404, 387,404, 387,408
PenColor FF0000
BrushColor FF0000
Polygon 386,412, 386,408, 387,408, 387,412



; Третьяковская КЛ

; пути
PenColor 000000
BrushColor FCDC04
Polygon 242,339, 242,369, 692,369, 692,339
Polygon 242,502, 242,532, 692,532, 692,502

PenColor 000000
BrushColor -1
AngleTextOut 0, Arial, 20, 247, 316, << тупик
AngleTextOut 0, Arial, 20, 546, 482, Марксистская >>
AngleTextOut 0, Arial, 25, 398, 556, Третьяковская, 1
PenColor FCDC04
AngleTextOut 0, Arial, 20, 246, 315, << тупик
AngleTextOut 0, Arial, 20, 545, 481, Марксистская >>
AngleTextOut 0, Arial, 25, 397, 555, Третьяковская, 1

;инфосос
PenColor 34349C
BrushColor 34349C
Polygon 382,570, 382,566, 383,566, 383,570
PenColor FF0000
BrushColor FF0000
Polygon 382,574, 382,570, 383,570, 383,574


; Новокузнецкая

; пути
PenColor 000000
BrushColor 047C54
Polygon 748,175, 778,175, 778,625, 748,625
Polygon 858,175, 888,175, 888,625, 858,625

PenColor 047C54
BrushColor -1
AngleTextOut -90, Arial, 20, 914, 188, << Театральная
AngleTextOut -90, Arial, 20, 746, 226, Павелецкая >>
AngleTextOut -90, Arial, 25, 840, 317, Новокузнецкая, 1

;инфосос
PenColor 34349C
BrushColor 34349C
Polygon 815,312, 811,312, 811,313, 815,313
PenColor FF0000
BrushColor FF0000
Polygon 819,312, 815,312, 815,313, 819,313


; переход Третьяковская-Третьяковская

Opaque 80
PenColor FFFFFF
BrushColor FFFFFF
Polygon 485,446, 497,446, 497,478, 485,478
Polygon 461,446, 473,446, 473,478, 461,478
Polygon 437,446, 449,446, 449,478, 437,478
Polygon 485,501, 497,501, 497,533, 485,533
Polygon 461,501, 473,501, 473,533, 461,533
Polygon 437,501, 449,501, 449,533, 437,533

Opaque 100

PenColor 000000
Line 437,427, 437,552
Line 449,552, 449,427
Line 461,552, 461,427
Line 485,552, 485,427
Line 473,552, 473,427
Line 497,552, 497,427
Stairs 473,429, 461,429, 473,455
Stairs 449,429, 437,429, 449,455
Stairs 497,429, 485,429, 497,455
Stairs 497,550, 485,550, 497,524
Stairs 473,550, 461,550, 473,524
Stairs 449,550, 437,550, 449,524

; стрелки
Arrow 443,482, 443,498
Arrow 491,498, 491,482

; переход на север в никуда

Opaque 80
PenColor FFFFFF
BrushColor FFFFFF
Polygon 487,370, 487,339, 499,339, 499,370
Polygon 511,370, 511,339, 523,339, 523,370
Polygon 535,370, 535,339, 547,339, 547,370
Opaque 100

Stairs 547,387, 535,387, 547,361
Stairs 523,387, 511,387, 523,361
Stairs 499,387, 487,387, 499,361
Line 547,339, 547,389
Line 535,389, 535,339
Line 523,339, 523,389
Line 511,389, 511,339
Line 499,339, 499,389
Line 487,389, 487,339
Line 487,339, 499,339
Line 511,339, 523,339
Line 535,339, 547,339

; переход северный
Opaque 80
PenColor FFFFFF
BrushColor FFFFFF
Polygon 747,378, 779,378, 779,390, 747,390
Polygon 747,402, 779,402, 779,414, 747,414
Polygon 747,426, 779,426, 779,438, 747,438
Polygon 747,545, 779,545, 779,598, 747,598
Opaque 100

Line 798,438, 736,438, 724,430, 702,430, 702,427
Line 798,378, 736,378, 724,386, 702,386, 702,389
Line 798,390, 744,390, 728,402, 798,402
Line 798,414, 728,414, 744,426, 798,426
Line 692,369, 692,378, 589,378, 589,386, 618,386, 618,389
Line 692,447, 692,438, 589,438, 589,430, 618,430, 618,427
Stairs 796,438, 796,426, 770,438
Stairs 796,414, 796,402, 770,414
Stairs 796,378, 796,390, 770,378

; эскалатор 4 гор
PenColor 7F7F7F
Stairs 616,392, 616,424, 707,392
PenColor 000000
BrushColor 9B5509
Polygon 610,389, 711,389, 711,392, 610,392
Polygon 610,397, 711,397, 711,401, 610,401
Polygon 610,406, 711,406, 711,410, 610,410
Polygon 610,415, 711,415, 711,419, 610,419
Polygon 610,424, 711,424, 711,427, 610,427

; переход средний

Line 836,598, 735,598, 726,593, 702,593, 702,590
Line 803,545, 734,545, 726,549, 702,549, 702,552
;Line 750,736, 750,723
;Line 750,657, 750,670
Line 692,532, 692,542, 589,542, 589,553, 599,553, 599,549, 618,549, 618,552
Line 692,611, 692,600, 589,600, 589,589, 599,589, 599,593, 618,593, 618,590
Stairs 803,519, 836,519, 803,545

BrushColor D0D0D0
Polygon 781,562, 763,571, 781,580, 803,580, 803,562
Polygon 836,598, 836,495, 840,495, 840,598
Polygon 803,545, 799,545, 799,495, 803,495

; эскалатор 4 гор
PenColor 7F7F7F
Stairs 616,555, 616,587, 707,555
PenColor 000000
BrushColor 9B5509
Polygon 610,552, 711,552, 711,555, 610,555
Polygon 610,560, 711,560, 711,564, 610,564
Polygon 610,569, 711,569, 711,573, 610,573
Polygon 610,578, 711,578, 711,582, 610,582
Polygon 610,587, 711,587, 711,590, 610,590

; переход южный

Opaque 80
PenColor FFFFFF
BrushColor FFFFFF
Polygon 470,610, 482,610, 482,642, 470,642
Polygon 494,610, 506,610, 506,642, 494,642
Polygon 518,610, 530,610, 530,642, 518,642
Opaque 100

Line 834,647, 838,647, 838,633, 835,633, 835,625, 858,625
Line 518,591, 518,654, 506,654, 506,591
Line 494,591, 494,654, 482,654, 482,591
Line 470,591, 470,683, 580,683, 754,730, 839,730, 839,683, 834,683
Line 530,591, 530,654, 589,654, 759,700, 797,700, 797,683, 802,683
Line 802,647, 798,647, 798,633, 801,633, 801,625, 778,625
Stairs 530,593, 518,593, 530,618
Stairs 506,593, 494,593, 506,618
Stairs 482,593, 470,593, 482,618

; турникеты
Stairs 796,621, 801,621, 796,600
Stairs 835,621, 840,621, 835,600

BrushColor D0D0D0
Polygon 706,704, 707,700, 737,708, 736,712
Polygon 599,675, 600,671, 630,679, 629,683
Polygon 651,689, 652,685, 682,693, 681,697
Polygon 758,718, 758,713, 797,713, 797,718

; эскалатор 3 верт
PenColor 7F7F7F
Stairs 805,685, 831,685, 805,643
PenColor 000000
BrushColor 9B5509
Polygon 802,692, 802,639, 805,639, 805,692
Polygon 811,692, 811,639, 815,639, 815,692
Polygon 821,692, 821,639, 825,639, 825,692
Polygon 831,692, 831,639, 834,639, 834,692

; вестибюль Третьяковская-Третьяковская

Line 242,369, 242,379, 371,379, 371,389, 292,389, 292,394
Line 242,447, 242,438, 371,438, 371,428, 292,428, 292,423
Line 176,606, 176,644, 87,644, 87,582, 95,582, 95,593, 144,593, 144,585
Line 144,556, 144,423
Line 242,611, 242,601, 371,601, 371,590, 292,590, 292,585
Line 242,532, 242,541, 371,541, 371,551, 292,551, 292,556
Line 203,606, 203,668, 63,668, 63,386, 87,386, 87,402, 95,402, 95,386, 144,386, 144,394
Stairs 203,608, 176,608, 203,638

BrushColor D0D0D0
Polygon 87,431, 87,464, 95,464, 95,431
Polygon 87,548, 87,514, 95,514, 95,548

; эскалатор 3 гор
PenColor 7F7F7F
Stairs 294,420, 294,397, 141,420
PenColor 000000
BrushColor 9B5509
Polygon 301,397, 136,397, 136,394, 301,394
Polygon 301,402, 301,406, 136,406, 136,402
Polygon 301,411, 301,415, 136,415, 136,411
Polygon 301,420, 136,420, 136,423, 301,423

; эскалатор 3 гор
PenColor 7F7F7F
Stairs 294,582, 294,559, 141,582
PenColor 000000
BrushColor 9B5509
Polygon 301,559, 136,559, 136,556, 301,556
Polygon 301,564, 301,568, 136,568, 136,564
Polygon 301,573, 301,577, 136,577, 136,573
Polygon 301,582, 136,582, 136,585, 301,585

; кассы
BrushColor -1
Line 144,473, 155,473, 155,506, 144,506
AngleTextOut -90, Arial, 10, 156, 477, кассы

; турникеты
BrushColor -1
Line 144,464, 135,464, 0.5
Polygon 133,465, 136,462, 133,459, 130,462
Line 108,438, 101,431, 101,428, 0.5
Line 101,431, 95,431, 0.5
Line 101,396, 101,386, 0.5
PenColor 009900
Stairs 128,459, 130,457, 108,439
PenColor FF0000
Stairs 100,428, 103,428, 100,395

PenColor 000000
Line 144,514, 135,514, 0.5
Polygon 133,513, 136,516, 133,519, 130,516
Line 109,540, 101,548, 101,551, 0.5
Line 101,548, 95,548, 0.5
Line 101,587, 101,593, 0.5
PenColor 009900
Stairs 128,519, 130,521, 108,539
PenColor FF0000
Stairs 100,551, 103,551, 100,588

;инфосос
PenColor 34349C
BrushColor 34349C
Polygon 139,508, 139,512, 140,512, 140,508
PenColor FF0000
BrushColor FF0000
Polygon 139,504, 139,508, 140,508, 140,504



; вестибюль Новокузнецкая

PenColor 000000
Line 786,126, 775,140
Line 760,129, 773,115, 765,103, 747,103
Line 747,87, 761,87
Line 778,175, 788,175, 788,297, 797,297, 797,234, 800,234
Line 858,175, 848,175, 848,297, 838,297, 838,234, 835,234

; эскалатор 3 верт
PenColor 7F7F7F
Stairs 805,236, 831,236, 805,62
PenColor 000000
BrushColor 9B5509
Polygon 802,243, 802,56, 805,56, 805,243
Polygon 811,243, 811,56, 815,56, 815,243
Polygon 821,243, 821,56, 825,56, 825,243
Polygon 831,243, 831,56, 834,56, 834,243

Opaque 80
PenColor FFFFFF
BrushColor FFFFFF
Polygon 799,105, 803,107, 810,109, 814,110, 821,110, 825,109, 832,106, 836,104, 836,131, 832,132, 825,134, 821,135, 814,135, 810,134, 803,132, 799,131
Polygon 836,103, 829,99, 842,76, 849,80
Opaque 100

Spline 799,52, 785,74, 793,99, 817,110, 841,99, 849,74, 837,52
Spline 761,87, 765,55, 786,31, 818,22, 848,31, 868,53, 874,81, 867,106, 848,126, 818,135, 786,126
Line 837,52, 837,66, 834,66
Line 799,52, 799,66, 802,66


; кассы
BrushColor -1
Line 836,103, 829,99, 842,76, 849,80
AngleTextOut 60, Arial, 10, 828, 97, кассы

; турникеты
BrushColor -1
Line 812,56, 812,23, 0.5
Polygon 866,86, 866,90, 870,90, 870,86
PenColor 009900
Stairs 869,74, 866,74, 869,83
Stairs 863,74, 863,71, 850,74

; Названия улиц голубым

PenColor 00AFAF
BrushColor -1
AngleTextOut -90, Arial, 15, 686, 42, Пятницкая улица
AngleTextOut -90, Arial, 15, 47, 329, улица Большая Ордынка
AngleTextOut -90, Arial, 15, 236, 677, улица Малая Ордынка
AngleTextOut -90, Arial, 15, 970, 643, улица Новокузнецкая
AngleTextOut 0, Arial, 15, 305, 728, Климентовский переулок
AngleTextOut 0, Arial, 15, 6, 673, Большой Толмачевский переулок
AngleTextOut 0, Arial, 15, 29, 694, << Третьяковская галерея

; стрелки

;красный
PenColor FF0000
Arrow 335,400, 318,400
Arrow 125,414, 111,414
Arrow 125,569, 110,569
Arrow 808,276, 808,256
Arrow 774,64, 774,78
Arrow 738,95, 719,95
Arrow 335,580, 318,580

;зелёный
PenColor 009900
Arrow 318,417, 335,417
Arrow 105,515, 114,524
Arrow 857,95, 857,82
Arrow 828,256, 828,276
Arrow 754,151, 767,135
Arrow 318,562, 335,562
Arrow 105,468, 114,459

PenColor 000000
Arrow 820,491, 820,510
Arrow 804,611, 790,611
Arrow 832,611, 846,611
Arrow 741,571, 726,571
Arrow 533,668, 554,668
Arrow 818,718, 818,700
Arrow 757,432, 742,432
Arrow 742,384, 757,384

Opaque 70
; "закрыто"
PenColor FFD0D0
BrushColor FFD0D0
Polygon 485,337, 549,337, 549,390, 485,390
PenColor FF4040

Opaque 100
PenColor FF4040
BrushColor -1
Dashed 485,337, 549,337, 549,390, 485,390, 485,337
BrushColor 000000


; Выходы
PenColor FFD900
BrushColor 615F56
SpotRect 713, 112, 30, 30, ShowMessage Выход №1
SpotRect 139, 609, 30, 30
BrushColor -1
TextOut Arial, 25, 721, 113, 1
TextOut Arial, 25, 147, 610, 2
