Size 400x850

Angle 85

;Пути
BrushColor 9CA4A4
Polygon -18,576, -18,551, 432,551, 432,576
Polygon 432,471, 432,445, -18,445, -18,471

BrushColor -1
PenColor 4C4C4C
AngleTextOut 0, Arial, 25, 146, 485, Тульская, 1
AngleTextOut 0, Arial, 20, -17, 422, << Нагатинская
AngleTextOut 0, Arial, 20, 284, 576, Серпуховская >>

; левый вестибюль
PenColor 000000
Line -126,419, -168,419, -168,449, -69,449, -69,481, -18,481, -18,471
Line -126,399, -198,399, -198,572, -69,572, -69,541, -18,541, -18,551

Stairs -66,510, -66,541, -20,510
Stairs -128,419, -128,399, -166,419

BrushColor D0D0D0
Polygon -158,482, -166,482, -166,539, -158,539

;эскалаторы
PenColor 7F7F7F
Stairs -64,484, -64,508, -21,484
PenColor 000000
BrushColor 9B5509
Polygon -18,493, -68,493, -68,498, -18,498
Polygon -18,507, -68,507, -68,510, -18,510
Polygon -18,481, -68,481, -68,484, -18,484

; кассы
BrushColor -1
Line -69,543, -60,543, -60,570, -69,570
AngleTextOut -90, Arial, 10, -57, 544, кассы

; турникеты
Line -69,542, -100,542, 0.5
Polygon -128,484, -126,489, -121,487, -123,482
Line -123,482, -158,482, 0.5
PenColor 009900
Stairs -125,493, -120,491, -101,543
PenColor FF0000
Stairs -122,453, -128,453, -122,479


; правый вестибюль
PenColor 000000
Line 538,419, 580,419, 580,449, 481,449, 481,481, 432,481, 432,471
Line 538,399, 612,399, 612,572, 481,572, 481,541, 432,541, 432,551
Stairs 434,481, 434,512, 479,481
Stairs 540,419, 540,399, 578,419

BrushColor D0D0D0
Polygon 580,482, 572,482, 572,539, 580,539

;эскалаторы
PenColor 7F7F7F
Stairs 476,538, 476,513, 435,539
PenColor 000000
BrushColor 9B5509
Polygon 433,524, 479,524, 479,529, 433,529
Polygon 433,538, 479,538, 479,541, 433,541
Polygon 433,512, 479,512, 479,515, 433,515

; турникеты
BrushColor -1
Line 481,480, 516,480, 0.5
Polygon 542,537, 540,532, 535,534, 537,539
Line 537,539, 572,539, 0.5
PenColor 009900
Stairs 534,530, 539,528, 514,481
PenColor FF0000
Stairs 542,543, 536,543, 542,569

; кассы
PenColor 000000
BrushColor -1
Line 481,451, 472,451, 472,479, 481,479
AngleTextOut -90, Arial, 10, 484, 453, кассы

;стрелки
PenColor FF0000
Arrow 564,557, 577,557
Arrow 488,526, 499,530
Arrow -150,466, -164,466
Arrow -77,496, -88,492
PenColor 009900
Arrow 497,497, 486,497
Arrow 563,472, 551,477
Arrow -150,546, -138,541
Arrow -80,525, -69,525

;инфососы
PenColor 34349C
BrushColor 34349C
Polygon 502,546, 497,546, 497,544, 502,544
Polygon 192,514, 192,509, 190,509, 190,514
Polygon -90,478, -85,478, -85,476, -90,476
PenColor FF0000
BrushColor FF0000
Polygon 507,546, 502,546, 502,544, 507,544
Polygon 192,519, 192,514, 190,514, 190,519
Polygon -95,478, -90,478, -90,476, -95,476

;названия улиц голубым
PenColor 00AFAF
BrushColor -1
AngleTextOut 0, Arial, 15, 145, 242, Большая Тульская улица

; Выходы
Angle -85
PenColor FFD900
BrushColor 615F56
SpotRect 106, 750, 30, 30, ShowMessage Выход №1
SpotRect 165, 57, 30, 30
BrushColor -1
TextOut Arial, 25, 114, 751, 1
TextOut Arial, 25, 173, 58, 2
