Size 1250x1020

; Улицы
PenColor F5F5F5
Line 192,521, 817,-82, 23
Line 76,454, -17,849, 23
Line 1261,161, 665,696, 483,791, 323,1104, 23
Line 1173,1088, 304,414, -33,222, 23
Line 852,1105, 204,528, 7,411, -33,394, 23
Spline 981,942, 871,930, 812,994, 833,1088, 23

; Тургеневская

; пути
PenColor 000000
BrushColor FC9C54
Polygon 445,491, 445,41, 415,41, 415,491
Polygon 525,41, 555,41, 555,491, 525,491

BrushColor -1
PenColor F7782E
AngleTextOut 90, Arial, 20, 555, 436, Сухаревская >>
AngleTextOut 90, Arial, 20, 392, 398, << Китай-город
AngleTextOut 90, Arial, 25, 456, 341, Тургеневская, 1

;инфосос
PenColor 34349C
BrushColor 34349C
Polygon 488,226, 484,226, 484,227, 488,227
PenColor FF0000
BrushColor FF0000
Polygon 492,226, 488,226, 488,227, 492,227



; Переход Тургеневская - Чистые пруды

Opaque 80
PenColor FFFFFF
BrushColor FFFFFF
Polygon 579,251, 544,234, 501,234, 501,246, 539,246, 539,258, 501,258, 501,270, 539,270, 539,282, 501,282, 501,294, 544,294, 567,277
Opaque 100

PenColor 000000
Line 501,234, 544,234, 579,251, 849,477
Line 501,246, 539,246, 539,258, 501,258
Line 501,270, 539,270, 539,282, 501,282
Line 501,294, 544,294, 567,277, 831,498
Line 923,508, 912,499
Line 863,557, 874,566
Stairs 503,246, 503,234, 533,246
Stairs 503,270, 503,258, 533,270
Stairs 503,294, 503,282, 533,294

PenColor D0D0D0
Line 854,517, 877,536, 861,555
Line 872,496, 895,515, 910,497
Line 876,568, 925,510

; эскалатор 2 -40
PenColor 7F7F7F
Stairs 916,493, 928,503, 930,477
PenColor 000000
BrushColor 9B5509
Polygon 910,497, 931,472, 933,474, 912,499
Polygon 916,502, 937,477, 940,480, 919,505
Polygon 923,508, 944,483, 946,485, 925,510

; эскалатор 2 -40
PenColor 7F7F7F
Stairs 847,575, 859,585, 859,561
PenColor 000000
BrushColor 9B5509
Polygon 841,579, 861,555, 863,557, 843,581
Polygon 847,584, 867,560, 870,563, 850,587
Polygon 854,590, 874,566, 876,568, 856,592

; Стрелки
PenColor 000000
Arrow 507,240, 532,240
Arrow 532,288, 505,288
Arrow 831,599, 840,588
Arrow 939,471, 948,460
Arrow 1057,351, 1067,339
Arrow 1053,327, 1043,339

; Чистые пруды

; пути
PenColor 000000
BrushColor E41C0C
Polygon 692,663, 715,682, 1005,337, 982,318
Polygon 1065,389, 1088,408, 799,752, 776,733

BrushColor -1
PenColor E41C0C
AngleTextOut 50, Arial, 20, 678, 641, << Лубянка
AngleTextOut 50, Arial, 20, 977, 539, Красные ворота >>
AngleTextOut 50, Arial, 25, 832, 612, Чистые пруды, 1

PenColor C00000
Line 832,499, 853,516
Line 850,478, 871,495

;инфосос
PenColor 34349C
BrushColor 34349C
Polygon 806,666, 803,663, 802,664, 805,667
PenColor FF0000
BrushColor FF0000
Polygon 809,669, 806,666, 805,667, 808,670


; Сретенский бульвар

; пути
PenColor 000000
BrushColor 84BC54
Polygon 670,24, 660,52, 1081,206, 1091,178
Polygon 623,153, 633,125, 1055,279, 1045,307

BrushColor -1
PenColor 84BC54
AngleTextOut -20, Arial, 20, 731, 20, << Трубная
AngleTextOut -20, Arial, 20, 927, 264, Чкаловская >>
AngleTextOut -20, Arial, 25, 726, 98, Сретенский бульвар, 1

;инфосос
PenColor 34349C
BrushColor 34349C
Polygon 687,83, 692,85, 692,86, 687,84
PenColor FF0000
BrushColor FF0000
Polygon 682,81, 687,83, 687,84, 682,82


; Переход Тургеневская - Сретенский бульвар

PenColor 000000
Line 525,41, 515,41, 515,165, 499,165, 499,123
Line 445,41, 456,41, 456,165, 471,165, 471,123

Opaque 80
BrushColor FFFFFF
PenColor FFFFFF
Polygon 414,73, 414,59, 558,59, 558,73
Polygon 414,98, 414,85, 558,85, 558,98
Polygon 414,123, 414,109, 558,109, 558,123
Opaque 100

PenColor 000000
Line 597,73, 597,67, 569,59, 364,59, 364,124, 349,181, 336,342, 340,342
Line 660,52, 656,63, 711,83, 709,88, 653,68, 629,68, 629,73
Line 633,125, 637,114, 692,134, 694,128, 643,109, 629,109, 629,106
Line 499,123, 569,123, 597,113, 597,106
Line 380,346, 384,346, 397,186, 411,132, 411,123, 471,123

PenColor D05080
BrushColor FFFFFF
PenColor 000000

Line 499,85, 499,73, 569,73, 569,85, 499,85
Line 499,109, 499,98, 569,98, 569,109, 499,109
Line 471,73, 471,85, 411,85, 411,73, 471,73
Line 471,109, 471,98, 411,98, 411,109, 471,109

Stairs 471,128, 499,128, 471,162

; эскалатор 4
PenColor 7F7F7F
Stairs 595,75, 595,104, 632,75
PenColor 000000
BrushColor 9B5509
Polygon 591,73, 635,73, 635,75, 591,75
Polygon 591,80, 635,80, 635,83, 591,83
Polygon 591,88, 635,88, 635,91, 591,91
Polygon 591,96, 635,96, 635,99, 591,99
Polygon 591,104, 635,104, 635,106, 591,106

; Переход Чистые пруды - Сретенский бульвар

PenColor 000000
Line 1081,206, 1077,216, 1022,196, 1020,201, 1148,247, 1123,313, 1068,351, 1055,366, 1053,364
Line 1055,279, 1059,268, 1003,248, 1005,243, 1092,275, 1085,293, 1052,316, 1029,343, 1031,345
Line 1005,337, 1012,343, 986,374, 993,380, 1003,368, 1009,373
Line 1065,389, 1058,383, 1033,413, 1026,407, 1036,395, 1030,390

Stairs 1008,244, 1023,202, 1041,256
Stairs 1057,262, 1072,220, 1088,273

BrushColor d0d0d0
Polygon 1108,302, 1100,308, 1097,304, 1103,300, 1110,281, 1115,283

PenColor 7F7F7F
Stairs 1008,377, 1027,393, 1036,344
PenColor 000000
BrushColor 9B5509
Polygon 1002,380, 1037,338, 1039,340, 1004,382
Polygon 1008,385, 1043,343, 1046,346, 1011,388
Polygon 1015,391, 1050,349, 1053,352, 1018,394
Polygon 1022,397, 1057,355, 1059,357, 1024,399

; вестибюль Сретенского бульвара

PenColor EEEEEE
BrushColor FFFFFF
Ellipse 299,514, 400,615
PenColor 000000
Stairs 407,583, 416,559, 399,580
Stairs 382,618, 363,641, 375,612

; эскалатор 4 верт
PenColor 7F7F7F
Stairs 327,519, 363,522, 343,340
PenColor 000000
BrushColor 9B5509
Polygon 324,526, 341,332, 343,332, 326,526
Polygon 332,526, 349,333, 353,333, 336,526
Polygon 342,527, 359,334, 363,334, 346,527
Polygon 352,528, 369,335, 373,335, 356,528
Polygon 362,529, 379,335, 381,335, 364,529

BrushColor d0d0d0
Polygon 396,584, 398,579, 405,582, 412,588, 385,620, 373,610, 377,607

; турникеты
BrushColor FFFFFF
Line 342,527, 340,554, 358,569, 0.5
PenColor 009900
Stairs 364,565, 360,565, 366,532
PenColor FF0000
Stairs 357,578, 354,575, 330,610
PenColor 000000
Polygon 357,572, 360,569, 363,572, 360,575

; кассы
BrushColor FFFFFF
Polygon 396,584, 402,589, 383,612, 377,607
Polygon 303,545, 297,540, 316,517, 322,522
BrushColor -1
AngleTextOut 50, Arial, 10, 376, 603, кассы
AngleTextOut 50, Arial, 8, 297, 538, полиция

; Стрелки
PenColor FF0000
Arrow 363,622, 379,635
PenColor 009900
Arrow 415,572, 396,565

;инфосос
PenColor 34349C
BrushColor 34349C
Polygon 372,603, 375,600, 376,601, 373,604
PenColor FF0000
BrushColor FF0000
Polygon 369,606, 372,603, 373,604, 370,607

;инфосос
PenColor 34349C
BrushColor 34349C
Polygon 375,62, 379,62, 379,63, 375,63
PenColor FF0000
BrushColor FF0000
Polygon 371,62, 375,62, 375,63, 371,63


; Вестибюль Тургеневская - Чистые пруды

;Здания беж
BrushColor FEFBF1
PenColor BBBBBB
Polygon 705,882, 736,845, 797,896, 766,933

PenColor 000000
Line 525,491, 515,491, 515,395, 503,395, 503,418, 500,418
Line 470,418, 467,418, 467,395, 456,395, 456,491, 445,491
Line 715,682, 721,687, 763,637, 769,642, 752,662, 759,668
Line 776,733, 770,728, 812,678, 806,673, 790,692, 780,684

; эскалатор 3 верт
PenColor 7F7F7F
Stairs 472,684, 498,684, 472,413
PenColor 000000
BrushColor 9B5509
Polygon 470,691, 470,408, 472,408, 472,691
Polygon 478,691, 478,408, 482,408, 482,691
Polygon 488,691, 488,408, 492,408, 492,691
Polygon 498,691, 498,408, 500,408, 500,691

Opaque 80
PenColor FFFFFF
BrushColor FFFFFF
Polygon 414,426, 408,421, 433,391, 445,401, 420,431, 508,505, 496,519, 527,545, 517,556, 486,530, 469,550, 469,521, 479,509, 414,454
Polygon 469,603, 501,629, 501,662, 498,655, 495,652, 491,649, 485,649, 480,649, 476,652, 472,656, 469,662, 469,603
Polygon 323,378, 375,421, 377,395, 337,362
Opaque 100

PenColor 000000
BrushColor d0d0d0
Polygon 727,862, 724,859, 736,845, 797,896, 786,909, 782,906, 787,900, 733,855
Polygon 715,870, 718,872, 712,879, 767,925, 772,919, 775,922, 766,933, 705,882

Line 382,654, 357,684, 389,711
Line 378,725, 301,660
Line 311,646, 342,672, 366,644
Line 429,569, 479,509, 282,344, 246,323
Line 257,304, 295,326, 322,294
Line 335,305, 308,337, 408,421, 433,391
Line 318,604, 366,644
Line 398,552, 417,559, 429,569
Line 446,400, 420,431, 508,505, 496,519, 527,545
Spline 303,545, 299,562, 301,578, 307,592, 318,604
Line 322,522, 324,521
Spline 366,517, 380,524, 392,537, 398,552
Line 517,556, 486,530, 444,581, 575,690, 529,744, 612,813, 626,796, 640,808
Line 661,826, 678,840, 664,857, 718,902
Spline 723,901, 721,902, 718,902
Line 723,901, 725,899
Line 744,915, 735,925
Spline 735,925, 719,933, 703,927
Line 703,927, 404,676, 406,674
Line 424,651, 451,619, 428,600, 401,632
Line 451,619, 458,625
Line 732,866, 745,877
Line 723,876, 736,887
Line 763,892, 776,903
Line 754,902, 767,913

PenColor B0B0B0
Line 726,898, 729,895
Line 745,914, 748,911

; Лестницы наружу
PenColor 000000
BrushColor 99B499
Stairs 297,324, 310,335, 321,295
Stairs 280,343, 291,324, 248,324
Stairs 409,420, 421,430, 433,391
Stairs 497,520, 488,531, 525,544
Stairs 445,582, 429,601, 474,606
Stairs 302,661, 313,648, 331,685
Stairs 376,723, 387,710, 347,699
Stairs 730,894, 736,887, 717,883
Stairs 745,877, 751,870, 732,866
Stairs 723,876, 732,866, 736,887
Stairs 761,920, 767,913, 748,909
Stairs 776,903, 782,896, 763,892
Stairs 754,902, 763,892, 767,913

; эскалатор 3 -40
PenColor 7F7F7F
Stairs 643,808, 662,824, 763,665
PenColor 000000
BrushColor 9B5509
Polygon 637,812, 766,658, 768,660, 639,814
Polygon 643,817, 772,663, 775,666, 646,820
Polygon 650,823, 779,669, 782,672, 653,826
Polygon 657,829, 786,675, 788,677, 659,831

Line 500,662, 509,670, 0.5
Line 546,702, 557,711, 0.5
Line 641,854, 675,883, 0.5

; эскалатор 3 -40
PenColor 7F7F7F
Stairs 404,637, 388,656, 435,663
PenColor 000000
BrushColor 9B5509
Polygon 401,632, 438,663, 436,665, 399,634
Polygon 396,638, 433,669, 430,672, 393,641
Polygon 390,645, 427,676, 424,679, 387,648
Polygon 384,652, 421,683, 419,685, 382,654

Spline 500,662, 495,652, 485,649, 476,652, 470,662
Line 470,676, 431,643, 0.5

;инфосос
PenColor 34349C
BrushColor 34349C
Polygon 632,863, 628,860, 627,861, 631,864
PenColor FF0000
BrushColor FF0000
Polygon 636,866, 632,863, 631,864, 635,867

;инфосос
PenColor 34349C
BrushColor 34349C
Polygon 455,711, 451,708, 450,709, 454,712
PenColor FF0000
BrushColor FF0000
Polygon 459,714, 455,711, 454,712, 458,715

; кассы
PenColor 000000
BrushColor FFFFFF
Polygon 749,868, 754,862, 775,880, 770,886
BrushColor -1
AngleTextOut -40, Arial, 10, 757, 861, кассы
Line 433,640, 426,634, 444,613
AngleTextOut 50, Arial, 10, 426, 632, кассы

; полиция и $
;BrushColor F0A0B0
Polygon 542,729, 533,721, 543,709, 552,717
Polygon 467,729, 473,722, 503,747, 497,754

; Турникеты на вход
Polygon 608,844, 611,840, 615,843, 612,847
PenColor 009900
Stairs 508,672, 511,669, 545,704
Stairs 640,856, 642,852, 616,845

; Турникеты на выход
PenColor FF0000
Stairs 658,864, 656,862, 664,857

; Стрелки
PenColor FF0000
Arrow 475,696, 475,709
Arrow 647,846, 656,855
PenColor 009900
Arrow 495,709, 495,696
Arrow 494,637, 509,650
Arrow 660,880, 648,870
PenColor 000000

; Стрелки
PenColor FF0000
Arrow 799,655, 789,667
PenColor 009900
Arrow 775,656, 785,644

; Стрелки
PenColor FF0000
Arrow 446,689, 432,677
PenColor 009900
Arrow 441,595, 458,609


; Названия улиц голубым
PenColor 00AFAF
BrushColor -1
AngleTextOut -40, Arial, 15, 738, 817, Чистопрудный бульвар
AngleTextOut -30, Arial, 15, 51, 338, Сретенский бульвар
AngleTextOut 42, Arial, 15, 1152, 247, Мясницкая улица
AngleTextOut 63, Arial, 15, 398, 937, Мясницкая улица
AngleTextOut 75, Arial, 15, 2, 716, Фролов переулок
AngleTextOut 45, Arial, 15, 179, 521, проспект Академика Сахарова
PenColor 000000
AngleTextOut 0, Arial, 15, 846, 972, Трамваи
AngleTextOut 0, Arial, 15, 857, 994, "А, 3, 39"
AngleTextOut 0, Arial, 15, 467, 859, Почтамт
AngleTextOut -40, Arial, 10, 475, 721, полиция
AngleTextOut 50, Arial, 10, 406, 626, авиа-
AngleTextOut 50, Arial, 10, 410, 631, кассы
AngleTextOut 0, Arial, 13, 539, 713, $

