Size 1400x1180
Angle -20

; метро

; пути
PenColor 000000
BrushColor AC24AC
Polygon 423,515, 423,965, 393,965, 393,515
Polygon 313,515, 313,965, 283,965, 283,515

BrushColor -1
PenColor AC24AC
AngleTextOut 90, Arial, 20, 423, 654, Сходненская >>
AngleTextOut 90, Arial, 20, 258, 960, << Щукинская
AngleTextOut 90, Arial, 25, 350, 805, Тушинская, 1

;инфосос
PenColor 34349C
BrushColor 34349C
Polygon 353,722, 357,722, 357,723, 353,723
PenColor FF0000
BrushColor FF0000
Polygon 349,722, 353,722, 353,723, 349,723

; южный вестибюль

PenColor 000000
Line 393,965, 385,965, 385,1014, 423,1014, 423,1117, 417,1117, 417,1132, 494,1132, 494,1208
Line 471,1208, 471,1158, 218,1158, 218,1208
Line 196,1208, 196,1132, 289,1132, 289,1117, 283,1117, 283,1014, 321,1014, 321,965, 313,965
Stairs 494,1170, 471,1170, 494,1208
Stairs 218,1170, 196,1170, 218,1208
Stairs 385,968, 321,968, 385,1014

BrushColor D0D0D0
Polygon 381,1117, 381,1132, 325,1132, 325,1117

; турникеты
BrushColor FFFFFF
Line 321,1014, 321,1052, 0.5
Line 381,1053, 381,1117, 0.5
Polygon 329,1055, 329,1049, 323,1049, 323,1055
PenColor 009900
Stairs 381,1054, 381,1050, 330,1054

; кассы
PenColor 000000
BrushColor -1
Polygon 316,1014, 316,1005, 285,1005, 285,1014
AngleTextOut 0, Arial, 10, 288, 1003, кассы
Line 381,1158, 381,1166, 325,1166, 325,1158
AngleTextOut 0, Arial, 8, 328, 1156, экспресс-касса

;стрелки
PenColor FF0000
Arrow 399,1114, 399,1133
PenColor 009900
Arrow 307,1133, 307,1114

;инфосос
PenColor 34349C
BrushColor 34349C
Polygon 395,1036, 395,1040, 394,1040, 394,1036
PenColor FF0000
BrushColor FF0000
Polygon 395,1032, 395,1036, 394,1036, 394,1032


; северный вестибюль

PenColor 000000
Line 313,515, 320,515, 320,485, 331,485
Line 331,409, 278,409, 278,311, 283,311, 283,295, 248,295, 248,337
Line 226,337, 226,272, 455,272, 455,102, 521,102
Line 521,121, 477,121, 477,201, 527,201
Line 527,221, 491,221, 491,251, 477,251, 477,337
Line 455,337, 455,295, 423,295, 423,311, 428,311, 428,409, 373,409
Line 373,485, 385,485, 385,515, 393,515
Stairs 248,299, 226,299, 248,337
Stairs 477,299, 455,299, 477,337
Stairs 518,102, 518,121, 480,102
Stairs 527,201, 527,221, 497,201

BrushColor D0D0D0
Polygon 388,295, 388,311, 319,311, 319,295

; турникеты
BrushColor FFFFFF
Line 388,311, 388,346, 358,401, 0.5
Polygon 308,346, 308,340, 302,340, 302,346
PenColor 009900
Stairs 298,345, 298,341, 280,345
Stairs 312,345, 312,341, 386,345

; кассы
PenColor 000000
Polygon 368,311, 368,302, 337,302, 337,311
BrushColor -1
AngleTextOut 0, Arial, 10, 340, 300, кассы
AngleTextOut 90, Arial, 4, 479, 279, экспресс-касса
Line 486,251, 486,280, 477,280

;стрелки
PenColor FF0000
Arrow 366,520, 366,495
Arrow 406,324, 406,296
PenColor 009900
Arrow 339,495, 339,520
Arrow 301,295, 301,323

;инфосос
PenColor 34349C
BrushColor 34349C
Polygon 425,335, 425,339, 424,339, 424,335
PenColor FF0000
BrushColor FF0000
Polygon 425,331, 425,335, 424,335, 424,331


; ж/д

Opaque 80
PenColor FFFFFF
BrushColor FFFFFF
Polygon 453,124, 494,124, 494,250, 453,250
Opaque 100

PenColor 000000
Railway 10, 14, 4, 429,238, 1261,238
Railway 10, 14, 4, 415,174, 1262,174
Railway 10, 14, 4, 415,159, 1262,159
Railway 10, 14, 4, 415,144, 1262,144
Railway 10, 14, 4, 415,129, 1262,129
Railway 10, 14, 4, 1255,139, 1229,138, 1205,135, 1182,129, 1161,122, 1136,110, 1116,98, 1097,84
Line 1094,86, 1105,73, 2

BrushColor C0C0C0
Polygon 527,201, 501,201, 501,191, 1261,191, 1261,231, 501,231, 501,221, 527,221
PenColor C0C0C0
Polygon 631,295, 631,255, 1261,255, 1261,295
PenColor 000000

BrushColor 808080
Polygon 556,231, 556,220, 603,220, 603,231
PenColor 808080
Polygon 712,385, 752,385, 752,365, 832,365, 832,295, 732,295, 712,325
Polygon 1064,295, 1064,304, 1091,304, 1091,295
PenColor 000000
Line 622,295, 622,322, 627,327
Line 725,295, 732,295, 712,325, 712,385, 752,385, 752,353, 832,353
Line 832,365, 752,365
Line 712,385, 685,385, 679,379
Line 659,359, 647,347
Line 639,295, 712,368
Line 646,295, 712,361
Line 653,295, 712,354
Line 660,295, 712,347
Line 622,295, 677,295
Line 697,295, 706,295
Line 732,295, 832,295
Line 763,385, 752,385
Line 622,295, 631,295, 631,255, 1261,255, 1261,295, 1091,295, 1091,304, 1064,304, 1064,295, 997,295, 997,331, 994,331
Line 970,331, 976,331
Line 952,331, 949,331, 949,295, 832,295, 832,385, 819,385
Line 973,295, 973,331
Line 969,314, 977,314, 0.5

; турникеты
PenColor E0E0E0
BrushColor E0E0E0
Polygon 623,193, 639,193, 639,229, 623,229
PenColor 000000
Line 631,207, 631,215, 0.5
Line 655,338, 671,354, 0.5
PenColor 009900
Stairs 628,215, 634,215, 628,228
Stairs 699,377, 695,381, 671,349
Stairs 953,317, 953,311, 970,317
PenColor FF0000
Stairs 628,195, 634,195, 628,208
Stairs 629,307, 625,311, 658,336
Stairs 977,317, 977,311, 994,317

; Названия улиц голубым
BrushColor -1
PenColor 00AFAF
AngleTextOut 0, Arial, 15, 447, 60, Тушинская улица
AngleTextOut 0, Arial, 15, 550, 411, проезд Стратонавтов
AngleTextOut 0, Arial, 15, 115, 384, проезд Стратонавтов
AngleTextOut 0, Arial, 15, 252, 1262, Волоколамское шоссе

PenColor FFFFFF
AngleTextOut 0, Arial, 10, 775, 353, Кассы
AngleTextOut 0, Arial, 10, 565, 219, Кассы
AngleTextOut 0, Arial, 5, 1068, 294, Касса на
AngleTextOut 0, Arial, 5, 1068, 298, выход

PenColor 000000
AngleTextOut 0, Arial, 25, 782, 198, 'платформа "Тушино"'
AngleTextOut 0, Arial, 25, 851, 262, 'платформа "Тушино"'
AngleTextOut 0, Arial, 20, 268, 162, << Трикотажная
AngleTextOut 0, Arial, 20, 1025, 322, Покровское-Стрешнево >>
AngleTextOut 0, Arial, 20, 1060, 342, (на Москву)

BrushColor FFFFFF
Polygon 1146,78, 1160,78, 1160,302, 1201,302, 1201,316, 1146,316
Stairs 1201,302, 1201,316, 1175,302
Stairs 1146,78, 1160,78, 1146,104

PenColor FF0000
Arrow 646,201, 616,201
Arrow 638,335, 628,345
Arrow 987,305, 987,324
PenColor 009900
Arrow 616,221, 646,221
Arrow 661,378, 671,368
Arrow 959,323, 959,304

; эскалатор 3 верт
PenColor 7F7F7F
Stairs 335,483, 369,483, 335,405
PenColor 000000
BrushColor 9B5509
Polygon 331,491, 331,401, 335,401, 335,491
Polygon 343,491, 343,401, 348,401, 348,491
Polygon 356,491, 356,401, 361,401, 361,491
Polygon 369,491, 369,401, 373,401, 373,491

; Выходы
Angle 20
PenColor FFD900
BrushColor 615F56
SpotRect 302, 158, 30, 30, ShowMessage Выход №1
SpotRect 593, 259, 30, 30
SpotRect 680, 156, 30, 30
SpotRect 706, 64, 30, 30
SpotRect 313, 1070, 30, 30
SpotRect 51, 982, 30, 30
BrushColor -1
TextOut Arial, 25, 310, 159, 1
TextOut Arial, 25, 601, 260, 2
TextOut Arial, 25, 688, 157, 3
TextOut Arial, 25, 714, 65, 4
TextOut Arial, 25, 321, 1071, 5
TextOut Arial, 25, 59, 983, 6
