Size 750x480

;Пути

Railway 10, 14, 4, 0,99, 750,99
Railway 10, 14, 4, 0,159, 750,159

BrushColor 84ACBC
Polygon 721,149, 721,179, 271,179, 271,149
Polygon 721,88, 721,117, 271,117, 271,88

PenColor 84ACBC
BrushColor -1
AngleTextOut 0, Arial, 20, 530, 129, Выставочный центр >>
AngleTextOut 0, Arial, 25, 296, 6, 'станция "Улица Академика Королёва"', 1
AngleTextOut 0, Arial, 20, 273, 117, << Телецентр

; платформы
PenColor 000000
Line 229,62, 271,62, 271,48, 721,48, 721,88
Line 229,85, 271,85, 271,88
Stairs 231,85, 231,62, 269,85

Line 229,207, 271,207, 271,217, 721,217, 721,179
Line 271,179, 271,182, 229,182
Stairs 231,182, 231,207, 269,182


; вестибюль

PenColor 777777
Dashed 210,339, 210,195
Dashed 201,278, 201,76
Arrow 201,76, 223,76
Arrow 210,195, 227,195
Arrow 185,278, 201,278
Arrow 173,339, 210,339
Stairs 20,384, 20,434, 32,384
Line 32,434, 20,434
Line 32,384, 20,384


PenColor 000000
Line 32,434, 386,434, 386,243, 141,243, 141,290, 192,290
Line 192,268, 162,268, 162,265, 196,265, 196,353, 162,353, 162,349, 192,349
Line 192,327, 141,327, 141,375, 277,375, 277,384, 32,384
Stairs 82,411, 82,434, 159,411
Stairs 198,411, 198,434, 275,411
Stairs 194,353, 194,375, 164,353
Stairs 190,349, 190,327, 164,349
Stairs 194,265, 194,243, 164,265
Stairs 190,268, 190,290, 164,268

; эскалатор 2 гор
PenColor 7F7F7F
Stairs 154,408, 154,387, 85,408
PenColor 000000
BrushColor 9B5509
Polygon 161,387, 80,387, 80,384, 161,384
Polygon 161,395, 161,400, 80,400, 80,395
Polygon 161,408, 80,408, 80,411, 161,411

; эскалатор 2 гор
PenColor 7F7F7F
Stairs 270,408, 270,387, 201,408
PenColor 000000
BrushColor 9B5509
Polygon 277,387, 196,387, 196,384, 277,384
Polygon 277,395, 277,400, 196,400, 196,395
Polygon 277,408, 196,408, 196,411, 277,411


; турникеты
BrushColor -1
Line 277,375, 277,360, 0.5
Line 277,260, 277,243, 0.5
Line 284,316, 271,316
Line 284,304, 271,304
Spline 271,316, 268,310, 271,304
Spline 284,316, 287,310, 284,304
PenColor 009900
Stairs 280,300, 275,300, 280,258
PenColor FF0000
Stairs 280,320, 275,320, 280,362

;кассы
PenColor 000000
BrushColor -1
AngleTextOut 90, Arial, 14, 385, 285, Кассы
Line 386,289, 400,289, 400,243, 386,243

; стрелки
PenColor FF0000
Arrow 64,391, 43,391
PenColor 009900
Arrow 43,404, 64,404

;названия улиц голубым
PenColor 00AFAF
AngleTextOut 0, Arial, 15, 21, 462, Улица Академика Королёва
AngleTextOut 0, Arial, 15, 6, 133, трамвайные пути

; Выходы
PenColor FFD900
BrushColor 615F56
SpotRect 16, 346, 30, 30, ShowMessage Выход №1
BrushColor -1
TextOut Arial, 25, 24, 347, 1
