Size 750x1080
Angle -60

; пути

BrushColor AC24AC
Polygon 112,408, 562,408, 562,438, 112,438
Polygon 112,518, 562,518, 562,548, 112,548

PenColor AC24AC
BrushColor -1
AngleTextOut 0, Arial, 20, 120, 385, << Беговая
AngleTextOut 0, Arial, 20, 421, 548, Баррикадная >>
AngleTextOut 0, Arial, 25, 235, 447, Улица 1905 года, 1

;левый вестибюль
PenColor 000000
Line 112,438, 112,446, 51,446, 51,408, -100,408, -100,618, -159,618
Line 112,519, 112,510, 51,510, 51,548, -55,548, -55,618, 5,618
Line 5,640, -159,640
Stairs 55,510, 55,446, 108,510
Stairs 2,618, 2,640, -44,618
Stairs -156,618, -156,640, -110,618

BrushColor D0D0D0
Polygon -50,435, -42,435, -42,521, -50,521

;турникеты
PenColor 000000
BrushColor FFFFFF
Polygon 16,506, 17,511, 12,512, 11,507
Line -3,448, -42,448, 0.5
Line 19,510, 51,510, 0.5
PenColor 009900
Stairs -1,448, 3,447, 11,505

;кассы
PenColor 000000
BrushColor -1
Line 51,545, 61,545, 61,515, 51,515
AngleTextOut 90, Arial, 10, 49, 542, кассы

;стрелки
PenColor FF0000
Arrow -32,422, -48,422
PenColor 009900
Arrow -21,495, -6,491


;правый вестибюль
PenColor 000000
Line 562,438, 562,453, 577,453, 577,456
Line 562,518, 562,502, 577,502, 577,499
Line 746,379, 748,371
Line 791,391, 793,383
Line 827,530, 831,534
Line 799,558, 803,562
Spline 827,530, 841,493, 840,453, 822,416, 791,391
Spline 650,499, 665,533, 691,558, 726,572, 763,572, 799,558
Spline 649,456, 669,415, 704,388, 746,379
;Ellipse 647,379, 844,575

;эскалаторы
PenColor 7F7F7F
Stairs 681,459, 681,496, 575,459
PenColor 000000
BrushColor 9B5509
Polygon 571,467, 684,467, 684,473, 571,473
Polygon 571,482, 684,482, 684,488, 571,488
Polygon 571,456, 684,456, 684,459, 571,459
Polygon 571,496, 684,496, 684,499, 571,499

;турникеты
PenColor 000000
BrushColor -1
Polygon 729,510, 734,512, 736,507, 731,505
Line 684,470, 720,465, 753,448, 0.5
Line 684,497, 726,509, 0.5
PenColor 009900
Stairs 738,503, 733,501, 758,450

;кассы
PenColor 000000
BrushColor -1
Line 710,568, 704,578, 680,564, 686,554
AngleTextOut -30, Arial, 10, 688, 555, кассы

;стрелки
PenColor FF0000
Arrow 767,391, 773,368
PenColor 009900
Arrow 826,556, 805,535


;инфососы
PenColor 34349C
BrushColor 34349C
Polygon 32,448, 32,446, 27,446, 27,448
Polygon 321,475, 323,475, 323,480, 321,480
Polygon 714,387, 715,389, 710,391, 709,389
PenColor FF0000
BrushColor FF0000
Polygon 27,448, 27,446, 22,446, 22,448
Polygon 321,480, 323,480, 323,485, 321,485
Polygon 709,389, 710,391, 705,393, 704,391

;названия улиц голубым
PenColor 00AFAF
BrushColor -1
AngleTextOut 0, Arial, 15, -214, 487, улица 1905 года
AngleTextOut -40, Arial, 15, 730, 744, улица 1905 года
AngleTextOut 45, Arial, 15, 855, 680, улица Красная Пресня
AngleTextOut 45, Arial, 15, 541, 1019, Звенигородское шоссе
