Size 900x600
Angle 35

;Пути

BrushColor 84ACBC
Polygon 880,307, 880,337, 430,337, 430,307
Polygon 706,197, 706,227, 256,227, 256,197

PenColor 84ACBC
BrushColor -1
AngleTextOut 0, Arial, 20, 256, 173, << Тимирязевская
AngleTextOut 0, Arial, 25, 345, 122, 'станция "Улица Милашенкова"', 1
AngleTextOut 0, Arial, 20, 757, 337, Телецентр >>

; правый торец
PenColor 000000
Spline 706,227, 799,242, 880,274
Line 880,307, 880,274

; левый торец
Spline 256,261, 325,294, 430,307
Line 256,227, 256,261

; центр
Spline 640,243, 651,247, 659,255, 662,267, 659,280, 651,288, 640,291
Spline 489,243, 479,246, 471,252, 466,261, 466,273, 471,283, 479,289, 489,291
Line 584,291, 489,291, 489,243, 584,243
Line 640,243, 625,243, 625,291, 640,291

; эскалатор 2 гор
PenColor 7F7F7F
Stairs 577,278, 577,257, 498,278
PenColor 000000
BrushColor 9B5509
Polygon 584,257, 493,257, 493,254, 584,254
Polygon 584,265, 584,270, 493,270, 493,265
Polygon 584,278, 493,278, 493,281, 584,281


;стрелки
PenColor FF0000
Arrow 604,274, 588,274
PenColor 009900
Arrow 587,261, 604,261

; нижний ярус
PenColor 000000
Line 532,541, 524,541, 405,531, 405,417, 524,406, 653,406, 767,418, 767,531, 653,541, 643,541
Line 562,541, 611,541
Line 524,541, 524,552, 532,555
Line 563,563, 570,565, 604,565, 611,563
Line 643,555, 650,552, 650,541
Line 653,541, 653,406
Line 490,450, 584,450, 584,498, 490,498

; эскалатор 2 гор
PenColor 7F7F7F
Stairs 577,485, 577,464, 495,485
PenColor 000000
BrushColor 9B5509
Polygon 584,464, 490,464, 490,461, 584,461
Polygon 584,472, 584,477, 490,477, 490,472
Polygon 584,485, 490,485, 490,488, 584,488

; турникеты
BrushColor -1
Line 490,474, 459,474, 459,535, 0.5
PenColor 009900
Stairs 597,446, 591,446, 597,408
PenColor FF0000
Stairs 490,502, 496,502, 490,536

PenColor 
Line 589,450, 599,450
Line 589,458, 599,458
Spline 599,458, 601,454, 599,450
Spline 589,458, 587,454, 589,450


; кассы
Line 653,450, 664,450, 664,407
AngleTextOut -90, Arial, 10, 665, 416, Кассы

;стрелки
PenColor FF0000
Arrow 485,482, 474,482, 474,516, 549,516, 549,582
PenColor 009900
Arrow 628,581, 628,530
Arrow 628,530, 628,428, 457,428, 457,468, 484,468


;названия улиц голубым
PenColor 00AFAF
AngleTextOut -100, Arial, 15, 43, 130, Улица Милашенкова
PenColor 000000

