Size 900x630
Angle 30

; пути

BrushColor -1
PenColor 2D69FC
AngleTextOut 0, Arial, 25, 331, 271, Улица Скобелевская, 1
AngleTextOut 0, Arial, 20, 430, 378, Улица Старокачаловская >>
AngleTextOut 0, Arial, 20, 224, 213, << Бульвар адмирала Ушакова
PenColor 00AFAF
AngleTextOut -90, Arial, 15, 598, 436, улица Скобелевская
AngleTextOut 0, Arial, 15, 368, 145, Бульвар адмирала Ушакова
PenColor 000000
AngleTextOut 0, Arial, 15, -1, 386, кассы
AngleTextOut 0, Arial, 15, 863, 386, кассы

BrushColor 8CBCFC
Polygon 223,268, 223,238, 674,238, 674,268
Polygon 223,378, 223,348, 674,348, 674,378

;левый вестибюль
Line 223,268, 223,275, 151,275, 151,253, 125,253, 125,233, 87,233
Spline 87,233, 80,230, 76,223
Line 76,223, -6,223, -5,234
Line 223,348, 223,340, 151,340, 151,359, 67,359
Spline 67,359, 48,367, 40,386
Line 40,386, -6,386, -6,334
Line 37,386, 37,402, -3,402, -4,386

BrushColor D0D0D0
PenColor D0D0D0
Polygon 74,297, -5,297, -5,271, 74,271, 78,272, 83,275, 85,279, 86,284, 85,289, 83,293, 79,296
PenColor 000000
Line 74,297, -5,297, -5,271, 74,271
Spline 74,271, 78,272, 83,275, 85,279, 86,284, 85,289, 83,293, 79,296, 74,297

;эскалаторы
PenColor 7F7F7F
Stairs 153,279, 153,336, 215,279
PenColor 000000
BrushColor 9B5509
Polygon 220,293, 148,293, 148,300, 220,300
Polygon 220,315, 148,315, 148,322, 220,322
Polygon 220,275, 148,275, 148,279, 220,279
Polygon 220,336, 148,336, 148,340, 220,340

;турникеты
PenColor 009900
Stairs 68,354, 73,354, 68,300
PenColor FF0000
Stairs 118,236, 121,239, 84,271


;правый вестибюль
PenColor 000000
Line 674,268, 674,275, 746,275, 746,253, 772,253, 772,233, 810,233
Spline 810,233, 818,230, 820,223
Line 820,223, 903,223, 903,234
Line 674,348, 674,340, 746,340, 746,359, 830,359
Spline 830,359, 850,366, 858,386
Line 858,386, 903,386, 903,334
Line 860,386, 860,402, 900,402, 900,386

PenColor D0D0D0
BrushColor D0D0D0
Polygon 824,297, 903,297, 903,271, 824,271, 819,272, 814,275, 811,279, 810,284, 812,289, 815,293, 819,296
PenColor 000000
Line 824,297, 903,297, 903,271, 824,271
Spline 824,271, 819,272, 814,275, 811,279, 810,284, 812,289, 815,293, 819,296, 824,297

;эскалаторы
PenColor 7F7F7F
Stairs 745,279, 745,336, 680,279
PenColor 000000
BrushColor 9B5509
Polygon 677,293, 750,293, 750,300, 677,300
Polygon 677,315, 750,315, 750,322, 677,322
Polygon 677,275, 750,275, 750,279, 677,279
Polygon 677,336, 750,336, 750,340, 677,340

;турникеты
PenColor 009900
Stairs 830,354, 824,354, 829,301
PenColor FF0000
Stairs 780,236, 776,240, 815,269

;стрелки
PenColor FF0000
Arrow 852,251, 868,251
Arrow 43,252, 25,252
PenColor 009900
Arrow 868,316, 852,316
Arrow 25,316, 43,316

;инфососы
PenColor 34349C
BrushColor 34349C
Polygon 102,356, 102,354, 107,354, 107,356
Polygon 786,356, 786,354, 790,354, 790,356
PenColor FF0000
BrushColor FF0000
Polygon 107,356, 107,354, 112,354, 112,356
Polygon 790,356, 790,354, 794,354, 794,356

;лифт
BrushColor D0EFFF
PenColor 000000
Polygon 501,297, 479,297, 479,318, 501,318
BrushColor -1
AngleTextOut 0, Arial, 9, 480, 302, лифт

; Выходы
Angle -30
PenColor FFD900
BrushColor 615F56
SpotRect 835, 35, 30, 30, ShowMessage Выход №1
SpotRect 6, 520, 30, 30
BrushColor -1
TextOut Arial, 25, 843, 36, 1
TextOut Arial, 25, 14, 521, 2
