Size 750x830
Angle 45

; пути

BrushColor E41C0C
Polygon 36,240, 36,270, 486,270, 486,240
Polygon 36,369, 36,338, 486,338, 486,369

PenColor E41C0C
BrushColor -1
AngleTextOut 0, Arial, 20, 40, 214, << Проспект Вернадского
AngleTextOut 0, Arial, 20, 314, 369, Воробьёвы горы >>
AngleTextOut 0, Arial, 25, 167, 281, Университет, 1

;инфосос
PenColor 34349C
BrushColor 34349C
Polygon 85,307, 85,303, 86,303, 86,307
PenColor FF0000
BrushColor FF0000
Polygon 85,311, 85,307, 86,307, 86,311


; левый торец

PenColor 000000
Line 36,270, 36,279, 80,279, 80,290, 73,290, 73,318, 80,318, 80,329, 36,329, 36,338


; правый вестибюль

;PenColor FF0000
;Ellipse 552,260, 669,377
;Ellipse 542,250, 679,387
;Ellipse 502,210, 719,427
;Line 600,308, 621,329
;Line 621,308, 600,329
;PenColor 000000

;Здания беж
PenColor DFDFDF
BrushColor FEFBF1
Ellipse 535,196, 751,412

PenColor 000000
Line 486,338, 486,331, 366,331, 366,324, 415,324
Line 486,270, 486,277, 366,277, 366,284, 415,284
Line 713,222, 710,219, 674,255
Line 726,235, 729,238, 687,280, 691,284, 696,279
Line 695,330, 691,326, 687,330, 699,342
Line 681,360, 674,353
Line 643,372, 643,377
Line 643,407, 643,412
Line 711,304, 716,304
Line 746,304, 751,304
Spline 681,360, 664,369, 643,372
Spline 699,342, 708,324, 711,304
Spline 731,367, 746,337, 751,304
Spline 705,393, 675,407, 643,412
Spline 589,284, 602,263, 622,250, 647,246, 674,255
Spline 696,279, 701,305, 695,330
Spline 674,353, 651,361, 625,359, 602,345, 589,324

; эскалатор 3 гор
PenColor 7F7F7F
Stairs 609,321, 609,287, 420,321
PenColor 000000
BrushColor 9B5509
Polygon 616,287, 415,287, 415,284, 616,284
Polygon 616,295, 616,300, 415,300, 415,295
Polygon 616,308, 616,313, 415,313, 415,308
Polygon 616,321, 415,321, 415,324, 616,324

; кассы
BrushColor -1
Line 705,393, 713,401, 739,375, 731,367, 705,393
AngleTextOut 45, Arial, 10, 709, 387, кассы

; турникеты
BrushColor -1
Polygon 651,355, 655,359, 659,355, 655,351
Line 616,310, 665,310, 691,284, 0.5
PenColor 009900
Stairs 662,351, 659,348, 685,328

; стрелки
PenColor FF0000
Arrow 697,251, 710,238
PenColor 009900
Arrow 677,340, 666,329
Arrow 731,298, 731,314
Arrow 633,392, 650,392

;инфосос
PenColor 34349C
BrushColor 34349C
Polygon 684,283, 687,286, 688,285, 685,282
PenColor FF0000
BrushColor FF0000
Polygon 681,280, 684,283, 685,282, 682,279


; нижний вестибюль

Opaque 80
PenColor FFFFFF
BrushColor FFFFFF
Polygon 222,337, 235,337, 235,370, 222,370
Polygon 248,337, 261,337, 261,370, 248,370
Polygon 274,337, 287,337, 287,370, 274,370
Opaque 100

;PenColor FF0000
;Ellipse 164,654, 281,771
;Ellipse 154,644, 291,781
;Ellipse 114,604, 331,821
;Line 212,702, 233,723
;Line 233,702, 212,723
;PenColor 000000

;Здания беж
PenColor DFDFDF
BrushColor FEFBF1
Ellipse 146,590, 362,806

PenColor 000000
Line 222,315, 222,376, 236,403, 236,420, 231,420, 231,570, 235,570
Line 235,315, 235,373, 248,400, 248,315
Line 261,315, 261,400, 274,373, 274,315
Line 287,315, 287,376, 273,403, 273,419, 278,419, 278,570, 275,570
Line 196,735, 204,727
Line 216,755, 230,741, 235,746, 230,751
Line 321,782, 319,784, 275,740, 270,745, 277,752
Line 338,765, 340,763, 304,727
Line 255,766, 255,771
Line 254,801, 254,806
Line 146,698, 151,698
Line 181,698, 186,698
Spline 204,727, 196,701, 200,677, 214,656, 235,643
Spline 275,644, 295,657, 308,677, 312,701, 304,727
Spline 230,751, 254,756, 277,752
Spline 196,735, 188,716, 186,698
Spline 216,755, 235,763, 255,766
Spline 254,806, 220,801, 188,784
Spline 146,698, 151,732, 168,764
Stairs 222,316, 235,316, 222,346
Stairs 248,316, 261,316, 248,346
Stairs 274,316, 287,316, 274,346

; эскалатор 3 верт
PenColor 7F7F7F
Stairs 272,577, 238,577, 272,664
PenColor 000000
BrushColor 9B5509
Polygon 238,570, 238,669, 235,669, 235,570
Polygon 246,570, 251,570, 251,669, 246,669
Polygon 259,570, 264,570, 264,669, 259,669
Polygon 272,570, 272,669, 275,669, 275,570

; кассы
BrushColor -1
Line 168,764, 162,770, 182,790, 188,784, 168,764
AngleTextOut -45, Arial, 10, 171, 764, кассы

; турникеты
BrushColor -1
Line 249,669, 249,724, 270,745, 0.5
Polygon 198,706, 202,702, 206,706, 202,710
PenColor 009900
Stairs 206,713, 209,710, 233,740

; стрелки
PenColor FF0000
Arrow 280,342, 280,364
Arrow 303,746, 320,763
PenColor 009900
Arrow 229,363, 229,342
Arrow 219,731, 231,719
Arrow 166,693, 166,708
Arrow 261,786, 244,786
;инфосос
PenColor 34349C
BrushColor 34349C
Polygon 271,738, 268,741, 269,742, 272,739
PenColor FF0000
BrushColor FF0000
Polygon 274,735, 271,738, 272,739, 275,736


; Названия улиц голубым
PenColor 00AFAF
BrushColor -1
AngleTextOut 0, Arial, 15, 374, 416, проспект Вернадского
AngleTextOut -90, Arial, 15, 827, 299, Ломоносовский проспект
AngleTextOut 0, Arial, 15, 393, 768, Московский цирк >>

; Выходы
Angle -45
PenColor FFD900
BrushColor 615F56
SpotRect 493, 680, 30, 30, ShowMessage Выход №1
SpotRect 455, 98, 30, 30
BrushColor -1
TextOut Arial, 25, 501, 681, 1
TextOut Arial, 25, 463, 99, 2
