Size 520x1000

Angle 80

;Пути
BrushColor 9CA4A4
Polygon 33,600, 33,570, 483,570, 483,600
Polygon 483,490, 483,460, 33,460, 33,490

BrushColor -1
PenColor 4C4C4C
AngleTextOut 0, Arial, 25, 204, 504, Южная, 1
AngleTextOut 0, Arial, 20, 35, 436, << Пражская
AngleTextOut 0, Arial, 20, 325, 600, Чертановская >>

; левый вестибюль
PenColor 000000
Line -123,343, -149,369, -136,382, -136,468, -37,468, -37,500, 33,500, 33,490
Line -197,417, -170,390, -168,392, -168,630, -206,630
Line 2,630, -136,630, -136,591, -37,591, -37,560, 33,560, 33,570
Line -212,402, -138,328
Line -206,652, 2,652
Stairs -34,529, -34,560, 31,529
Stairs -188,378, -173,393, -212,402
Stairs -124,344, -139,329, -148,368
Stairs -204,652, -204,630, -170,652
Stairs 0,652, 0,630, -34,652
BrushColor D0D0D0
Polygon -126,501, -134,501, -134,558, -126,558

;эскалаторы
PenColor 7F7F7F
Stairs -32,503, -32,527, 30,503
PenColor 000000
BrushColor 9B5509
Polygon 33,512, -36,512, -36,517, 33,517
Polygon 33,526, -36,526, -36,529, 33,529
Polygon 33,500, -36,500, -36,503, 33,503

; кассы
BrushColor -1
Line -37,562, -29,562, -29,589, -37,589
AngleTextOut -90, Arial, 10, 555, 564, кассы

; турникеты
Line -37,561, -68,561, 0.5
Polygon -96,503, -94,508, -89,506, -91,501
Line -91,501, -126,501, 0.5
PenColor 009900
Stairs -92,512, -88,510, -69,562
PenColor FF0000
Stairs -91,472, -96,472, -91,498


; правый вестибюль
PenColor 000000
Line 639,342, 665,368, 652,381, 652,468, 553,468, 553,507, 483,507, 483,490
Line 715,418, 688,391, 685,394, 685,630, 724,630
Line 511,630, 652,630, 652,591, 553,591, 553,553, 483,553, 483,570
Line 731,402, 655,326
Line 724,652, 511,652
Stairs 690,393, 706,377, 714,417
Stairs 640,343, 656,327, 664,367
Stairs 688,652, 688,630, 722,652
Stairs 548,652, 548,630, 514,652
BrushColor D0D0D0
Polygon 652,501, 644,501, 644,558, 652,558

;эскалаторы
PenColor 7F7F7F
Stairs 548,509, 548,551, 486,510
PenColor 000000
BrushColor 9B5509
Polygon 484,520, 551,520, 551,525, 484,525
Polygon 484,535, 551,535, 551,540, 484,540
Polygon 484,507, 551,507, 551,510, 484,510
Polygon 484,550, 551,550, 551,553, 484,553

; турникеты
BrushColor -1
Line 553,561, 583,561, 0.5
Polygon 614,503, 612,508, 607,506, 609,501
Line 609,501, 644,501, 0.5
Line 551,523, 609,501, 0.5
PenColor 009900
Stairs 606,509, 610,511, 581,560
PenColor FF0000
Stairs 614,472, 610,472, 614,499

; кассы
BrushColor -1
PenColor 000000
Line 553,562, 544,562, 544,589, 553,589
AngleTextOut -90, Arial, 10, -26, 563, кассы

;стрелки
PenColor FF0000
Arrow 632,485, 644,485
Arrow 539,515, 551,515
Arrow -106,485, -118,485
Arrow -25,508, -36,508
PenColor 009900
Arrow 551,545, 539,545
Arrow 619,561, 607,555
Arrow -102,559, -92,554
Arrow -46,544, -36,544

;инфососы
PenColor 34349C
BrushColor 34349C
Polygon 639,511, 639,516, 641,516, 641,511
Polygon 243,533, 243,528, 241,528, 241,533
Polygon -123,546, -123,541, -121,541, -121,546
PenColor FF0000
BrushColor FF0000
Polygon 639,506, 639,511, 641,511, 641,506
Polygon 243,538, 243,533, 241,533, 241,538
Polygon -123,551, -123,546, -121,546, -121,551

;названия улиц синим
PenColor 00AFAF
BrushColor -1
AngleTextOut -90, Arial, 15, 603, 360, Сумская улица
AngleTextOut 0, Arial, 15, 187, 428, Кировоградская улица
AngleTextOut -90, Arial, 15, -61, 340, Днепропетровская
AngleTextOut -90, Arial, 15, -73, 377, улица
