Size 1200x660

; пути

BrushColor 34649C
Polygon 667,468, 217,468, 217,438, 667,438
Polygon 667,358, 217,358, 217,328, 667,328

BrushColor -1
PenColor 34649C
AngleTextOut 0, Arial, 20, 552, 468, Каширская >>
AngleTextOut 0, Arial, 20, 218, 308, << Каховская
AngleTextOut 0, Arial, 25, 380, 376, Варшавская, 1

;инфосос
PenColor 34349C
BrushColor 34349C
Polygon 441,404, 441,400, 442,400, 442,404
PenColor FF0000
BrushColor FF0000
Polygon 441,408, 441,404, 442,404, 442,408


; левый вестибюль

PenColor 000000
Line 217,358, 217,369
Line 163,369, 163,366, 151,366, 151,331, 40,331, 40,296, 90,296
Line 90,278, 16,278, 16,632, 90,632
Line 90,614, 40,614, 40,464, 151,464, 151,427, 217,427, 217,438
Stairs 167,396, 167,427, 213,396
Stairs 88,296, 88,278, 42,296
Stairs 88,614, 88,632, 42,614

BrushColor D0D0D0
Polygon 53,434, 40,434, 40,362, 53,362

; эскалатор 2 гор
PenColor 7F7F7F
Stairs 213,393, 213,372, 163,393
PenColor 000000
BrushColor 9B5509
Polygon 220,372, 158,372, 158,369, 220,369
Polygon 220,380, 220,385, 158,385, 158,380
Polygon 220,393, 158,393, 158,396, 220,396

; кассы
BrushColor -1
Line 151,435, 160,435, 160,464, 151,464
AngleTextOut 90, Arial, 10, 149, 462, кассы

; турникеты
BrushColor -1
Line 151,435, 131,435, 0.5
Polygon 132,433, 129,436, 126,433, 129,430
Line 94,398, 82,386, 82,373, 0.5
Line 82,378, 53,378, 0.5
Line 82,337, 82,331, 0.5
PenColor 009900
Stairs 124,430, 126,428, 91,397
PenColor FF0000
Stairs 80,373, 84,373, 80,336

;инфосос
PenColor 34349C
BrushColor 34349C
Polygon 56,392, 56,388, 57,388, 57,392
PenColor FF0000
BrushColor FF0000
Polygon 56,396, 56,392, 57,392, 57,396


; правый вестибюль

PenColor 000000
Line 658,428, 718,428
Line 718,368, 658,368
Stairs 660,368, 660,428, 730,368

; стрелки
PenColor FF0000
Arrow 681,385, 736,385
PenColor 009900
Arrow 736,410, 681,410

Opaque 80
PenColor FFFFFF
BrushColor FFFFFF
Polygon 694,367, 718,367, 718,429, 694,429

Opaque 100

Line 667,438, 667,428
Line 718,428, 718,368
Line 690,523, 690,527, 868,527, 868,424, 939,424, 939,371, 869,371, 869,272, 1152,272, 1152,198
Line 1015,198, 1015,248, 965,248, 965,198
Line 1033,198, 1033,248, 1134,248, 1134,198
Line 947,198, 947,248, 779,248, 779,250
Line 739,250, 739,248, 694,248, 694,503, 690,503, 690,506
Line 667,368, 667,358
Stairs 947,200, 965,200, 947,246
Stairs 1015,200, 1033,200, 1015,246
Stairs 1134,200, 1152,200, 1134,246
Stairs 917,272, 917,248, 871,272
Stairs 728,503, 728,527, 766,503

BrushColor D0D0D0
Polygon 844,434, 829,434, 829,361, 844,361
Polygon 718,278, 739,278, 739,275, 779,275, 779,278, 844,278, 844,331, 730,331, 730,368, 718,368
Polygon 718,428, 730,428, 730,464, 844,464, 844,503, 718,503

; эскалатор 2 гор
PenColor 7F7F7F
Stairs 781,272, 781,253, 735,272
PenColor 000000
BrushColor 9B5509
Polygon 788,253, 730,253, 730,250, 788,250
Polygon 788,260, 788,265, 730,265, 730,260
Polygon 788,272, 730,272, 730,275, 788,275

; кассы
BrushColor FFFFFF
Polygon 730,435, 721,435, 721,464, 730,464
BrushColor -1
AngleTextOut 90, Arial, 10, 718, 462, кассы
Line 869,354, 934,354, 934,371
AngleTextOut 0, Arial, 10, 876, 352, пригородные
AngleTextOut 0, Arial, 10, 889, 360, кассы

; турникеты
BrushColor -1
Line 730,435, 746,435, 0.5
Polygon 745,433, 748,436, 751,433, 748,430
Line 798,383, 829,383, 0.5
PenColor 009900
Stairs 753,430, 751,428, 799,384

;инфосос
PenColor 34349C
BrushColor 34349C
Polygon 825,400, 825,404, 826,404, 826,400
PenColor FF0000
BrushColor FF0000
Polygon 825,396, 825,400, 826,400, 826,396


; Названия улиц голубым
PenColor 00AFAF
BrushColor -1
AngleTextOut 0, Arial, 15, 72, 534, Чонгарский бульвар
AngleTextOut 90, Arial, 15, 593, 216, Варшавское шоссе
AngleTextOut 90, Arial, 15, 976, 189, 'платформа "Коломенское"'
AngleTextOut 90, Arial, 15, 1169, 194, Каширский проезд
PenColor 000000

; стрелки
PenColor FF0000
Arrow 106,347, 90,347
Arrow 860,306, 860,291
;Arrow 773,380, 824,380
Arrow 823,347, 843,347
Arrow 837,263, 821,263
PenColor 009900
Arrow 94,435, 103,426
Arrow 861,496, 861,478
Arrow 774,515, 790,515
Arrow 841,449, 822,449
