Size 920x1180
;;Angle 26.2
Angle 85

; перекресток
PenColor F5F5F5
BrushColor F5F5F5
;Polygon -165,219, 908,746, 1048,546, 1051,576, 925,755, 1073,827, 1081,921, 710,738, 736,1028, 716,1030, 690,728, 630,699, 660,1035, 640,1037, 609,689, -157,312

;Пути
PenColor 000000
BrushColor FC9C54
Polygon 633,629, 183,629, 183,599, 633,599
Polygon 633,519, 183,519, 183,489, 633,489

BrushColor -1
PenColor F7782E
AngleTextOut 0, Arial, 25, 420, 544, ВДНХ, 1
AngleTextOut 0, Arial, 20, 447, 629, Ботанический сад >>
AngleTextOut 0, Arial, 20, 290, 465, << Алексеевская

;инфосос
PenColor 34349C
BrushColor 34349C
Polygon 403,555, 405,555, 405,560, 403,560
PenColor FF0000
BrushColor FF0000
Polygon 403,560, 405,560, 405,565, 403,565


;северный вестибюль

PenColor 000000
Line 633,599, 633,589, 532,589, 532,576, 538,576, 538,582, 750,582
Line 633,519, 633,528, 532,528, 532,541, 538,541, 538,535, 751,535

;Здания беж
PenColor DFDFDF
BrushColor FEFBF1
Ellipse 893,651, 708,469
Polygon 1010,161, 1010,330, 756,331, 756,162
PenColor 000000
BrushColor -1
AngleTextOut 0, Arial, 15, 806, 240, музей Космонавтики


PenColor D0D0D0
BrushColor D0D0D0
Polygon 864,555, 863,570, 859,584, 852,596, 842,607, 831,614, 820,619, 819,611, 831,606, 841,599, 848,590, 854,581, 857,569, 858,556
Polygon 890,582, 893,562, 891,544, 887,529, 879,511, 867,497, 853,485, 840,477, 821,470, 804,468, 787,469, 767,474, 750,482, 738,491, 728,502, 719,516, 710,535, 751,535, 758,523, 768,513, 779,508, 792,504, 809,503, 821,506, 834,512, 843,519, 850,530, 855,528, 851,521, 844,514, 860,495, 870,505, 876,513, 879,519, 885,531, 889,549, 889,566, 886,581
Polygon 750,582, 755,592, 762,600, 768,604, 779,611, 792,613, 793,622, 785,620, 777,618, 769,614, 761,609, 742,631, 731,620, 722,609, 717,600, 713,591, 710,582

PenColor 000000
Spline 890,582, 892,548, 883,518, 866,495, 838,476, 806,468, 778,471, 752,481, 733,496, 721,512, 710,535
Spline 710,582, 721,608, 742,631

; эскалатор 4
PenColor 7F7F7F
Stairs 767,580, 767,537, 573,580
PenColor 000000
BrushColor 9B5509
Polygon 569,582, 770,582, 770,578, 569,578
Polygon 569,569, 770,569, 770,563, 569,563
Polygon 569,554, 770,554, 770,548, 569,548
Polygon 569,539, 770,539, 770,535, 569,535



PenColor 000000
BrushColor -1
Line 183,599, 183,592, 294,592, 294,579, 230,579, 230,539, 236,539, 236,525, 183,525, 183,519
Spline 750,582, 768,604, 792,613
Spline 751,535, 779,508, 821,506, 850,530
Spline 858,556, 848,590, 819,611
Spline 793,622, 777,618, 761,609
Spline 860,495, 879,519, 888,549, 886,581
Spline 864,555, 859,584, 842,607, 820,619
Spline 855,528, 851,521, 844,514
Line 850,530, 855,528
Line 792,613, 793,622
Line 858,556, 864,555
Line 819,611, 820,619
Line 761,609, 742,631
Line 886,581, 890,582

;кассы
Line 851,521, 870,505
Line 844,514, 860,495
AngleTextOut -135, Arial, 9, 868, 505, кассы

;турникеты
Line 771,565, 854,574, 0.5
Polygon 847,569, 845,563, 840,565, 842,571
PenColor 009900
Stairs 823,508, 818,510, 844,563

;стрелки
PenColor FF0000
Arrow 806,611, 808,623
Arrow 771,573, 786,576
Arrow 545,573, 563,573
PenColor 009900
Arrow 872,586, 877,566
Arrow 853,545, 843,549
Arrow 786,544, 771,544
Arrow 563,544, 545,544

;инфососы
PenColor 34349C
BrushColor 34349C
Polygon 884,549, 886,549, 885,544, 883,544
Polygon -96,334, -94,329, -96,328, -98,333
PenColor FF0000
BrushColor FF0000
Polygon 883,544, 885,544, 884,539, 882,539
Polygon -96,334, -98,339, -100,338, -98,333


;южный вестибюль

Opaque 80
PenColor FFFFFF
BrushColor FFFFFF
Polygon 236,488, 251,488, 251,520, 236,520
Polygon 265,488, 280,488, 280,520, 265,520
Opaque 100

PenColor 000000
BrushColor -1
Polygon 265,525, 265,539, 251,539, 251,525
Polygon 294,525, 294,539, 280,539, 280,525
Line 280,525, 280,437
Line 265,525, 265,453
Line 251,525, 251,454
Line 236,451, 236,525
Stairs 280,537, 265,537, 280,507
Stairs 251,537, 236,537, 251,507
Spline 236,451, 232,441, 222,437
Spline 280,437, 265,404, 233,390
Spline 265,453, 258,432, 242,421
Spline 251,454, 249,435, 242,421
Line 222,437, 115,446, 91,434
Line 233,390, 123,399, 112,394

; эскалатор 4
PenColor 7F7F7F
Stairs -12,335, -30,374, 115,397
PenColor 000000
BrushColor 9B5509
Polygon -34,374, 98,438, 99,435, -32,371
Polygon -29,362, 103,426, 105,422, -27,358
Polygon -23,349, 110,413, 112,409, -21,345
Polygon -16,335, 116,399, 117,396, -14,332

Opaque 80
PenColor FFFFFF
BrushColor FFFFFF
Polygon 16,354, 15,343, 107,389, 85,434, -6,389, 6,381, 13,372, 15,366
Opaque 100


;верхний ярус южного вестибюля
Spline -6,388, 12,371, 14,345
Line 103,232, 141,251, 100,335, -62,255, -129,387, 35,468, 25,489, -14,470
Stairs 96,333, 31,466, 83,327
Line 89,521, 52,503, 169,264, 208,283
Line 80,539, -23,488
Line 112,214, 217,265
Stairs 105,233, 114,215, 139,250
Stairs 206,282, 215,264, 171,265
Stairs 87,520, 78,538, 54,504
Stairs -12,471, -21,489, 23,488

BrushColor D0D0D0
Polygon 55,359, 50,356, 20,416, 25,418

;турникеты
BrushColor -1
Line -32,424, -35,431, 0.5
Polygon -14,325, -17,331, -23,328, -20,322
Line -69,299, -80,294, 0.5
Line -24,347, -39,340, -58,346, -66,363, 0.5
PenColor 009900
Stairs -23,321, -26,326, -67,297
PenColor FF0000
Stairs -12,391, -18,388, -29,426

;кассы
PenColor 000000
Line -65,260, -75,255, -89,283, -79,288
AngleTextOut -115, Arial, 10, -66, 264, кассы

;стрелки
PenColor FF0000
Arrow 116,438, 101,430
Arrow -20,371, -30,366
Arrow -44,395, -32,401
PenColor 009900
Arrow 114,403, 128,410
Arrow -18,339, -8,344
Arrow -33,295, -39,305

;переход
BrushColor -1
PenColor 000000
Line 864,845, 840,833, 833,847, 857,859
Line 798,812, 822,824, 815,838, 791,826
Stairs 835,848, 842,834, 855,858
Stairs 813,837, 820,823, 793,827
Stairs 877,714, 845,721, 873,672
;Stairs 877,694, 854,699, 863,653
PenColor FFFFFF
Line 850,724, 835,680, 10
PenColor 000000
Line 838,673, 857,728, 878,724, 873,666
PenColor D8D8D8
Line 878,724, 880,749, 840,833
Line 857,728, 859,749, 822,824
Line 833,847, 815,838

;названия улиц синим
PenColor 00AFAF
BrushColor -1
AngleTextOut -26, Arial, 15, 744, 718, проспект Мира
AngleTextOut -85, Arial, 15, 718, 861, улица Космонавтов
AngleTextOut -85, Arial, 15, 640, 857, улица Космонавтов
AngleTextOut -85, Arial, 15, 588, 152, << улица Академика Королёва
AngleTextOut -25, Arial, 15, -149, 270, проспект
AngleTextOut -25, Arial, 15, -142, 294, Мира
AngleTextOut -125, Arial, 15, 1049, 598, 1-й Поперечный проезд
AngleTextOut -125, Arial, 15, 985, 597, << ВДНХ

Angle -125

BrushColor -1
PenColor 040464
SpotRect 57, 184, 190, 15, LoadVec VDNH-VystavochnyCentr.vec
TextOut Arial, 10, 57, 184, Схема перехода к монорельсовой дороге, 5
