Size 700x950

; перекресток
PenColor F5F5F5
BrushColor F5F5F5
Polygon 221,950, 523,448, 264,159, 0,398, 0,360, 245,139, 119,0, 151,0, 262,124, 370,25, 347,0, 372,0, 384,13, 399,0, 440,0, 287,142, 536,427, 614,297, 389,46, 403,34, 624,280, 700,153, 700,325, 545,582, 700,585, 700,600, 537,597, 494,668, 700,676, 700,691, 485,683, 324,950

PenColor 00AFAF
BrushColor -1
AngleTextOut -49, Arial, 15, 349, 217, 1-ый Поперечный проезд
AngleTextOut -48, Arial, 15, 466, 105, 2-ой Поперечный проезд
AngleTextOut 43, Arial, 15, 70, 304, 1-ый Продольный проезд
AngleTextOut 59, Arial, 15, 503, 542, Проспект Мира
AngleTextOut -2, Arial, 15, 515, 666, Улица Космонавтов
AngleTextOut -1, Arial, 15, 562, 580, Улица Космонавтов
AngleTextOut -49, Arial, 15, 246, 2, << ВДНХ
PenColor 040464
AngleTextOut -49, Arial, 15, 306, 227, пешком около 300м
PenColor 000000

BrushColor FC9C54
Polygon 375,810, 380,811, 379,816, 374,815
Polygon 375,803, 403,572, 409,573, 381,804
Polygon 422,574, 428,575, 396,828, 391,827

;Здания беж
PenColor DFDFDF
BrushColor FEFBF1
Polygon 319,322, 302,490, 221,482, 238,314
PenColor 000000
BrushColor -1
AngleTextOut 85, Arial, 15, 250, 472, музей Космонавтики

;станция метро
BrushColor -1
PenColor FC9C54
AngleTextOut -1, Arial, 15, 326, 684, ВДНХ
PenColor 000000
Stairs 265,827, 272,831, 272,816
Stairs 267,841, 259,837, 260,852
Stairs 375,893, 382,897, 381,883
Stairs 369,903, 376,907, 363,913
Line 375,893, 265,827
Line 259,837, 376,907
Line 375,893, 381,883, 388,887, 370,917, 363,913, 369,903
Line 267,841, 260,852, 253,847, 272,816, 279,820, 272,831
Line 307,866, 292,891, 320,908, 335,883
Dashed 311,880, 342,829, 350,834, 319,885, 311,880
Line 391,827, 378,826, 409,573, 422,574, 391,827
Stairs 378,826, 379,816, 363,824
Stairs 381,804, 380,811, 366,802
Line 378,826, 363,824, 357,823, 350,834
Line 379,816, 358,813, 359,808, 380,811
Line 381,804, 366,802, 358,801, 350,807, 349,817, 342,829

Line 434,451, 433,461, 440,464, 446,472, 448,481, 457,482
Spline 434,451, 424,451, 414,455, 406,462, 402,472, 401,482, 404,492, 409,499, 419,505, 431,507, 443,504, 452,496, 456,489, 457,482

Dashed 412,573, 422,496, 429,497, 419,574

;монорельс
PenColor 84ACBC
Line 0,311, 212,121, 238,111, 361,0, 3
Line 0,318, 132,200, 158,190, 368,0, 3
AngleTextOut -1, Arial, 15, 34, 111, станция монорельса
AngleTextOut -1, Arial, 15, 34, 124, '"Выставочный центр"'


PenColor 000000
Spline 153,177, 154,183, 160,186
Line 160,186, 205,145
Line 153,177, 197,137
Spline 197,137, 203,139, 205,145

PenColor 000000
Railway 3, 3, 2, -2,349, 386,-2
Railway 3, 3, 2, -2,341, 378,-2

PenColor FF0000
Arrow 448,488, 465,488, 463,390, 225,125, 208,140

PenColor 009900
Arrow 203,134, 212,126, 448,389, 449,456, 424,456

PenColor 040464
SpotRect 220, 710, 130, 15, LoadVec VDNH.vec
TextOut Arial, 10, 220, 710, 'Схема станции метро "ВДНХ"', 5

PenColor 040464
SpotRect 6, 143, 170, 15, LoadVec VystavochnyCentr.vec
TextOut Arial, 10, 6, 143, 'Схема станции "Выставочный центр"', 5
