Size 980x1270

Angle -68

;BrushColor 000000
;SpotCircle 65, -147, 481
;BrushColor FFFFFF
;SpotCircle 63, -147, 481

; пути

BrushColor 34349C
Polygon 671,863, 671,893, 221,893, 221,863
Polygon 671,753, 671,783, 221,783, 221,753

PenColor 34349C
BrushColor -1
AngleTextOut 0, Arial, 20, 224, 729, << Митино
AngleTextOut 0, Arial, 20, 554, 893, Мякинино >>
AngleTextOut 0, Arial, 25, 355, 797, Волоколамская, 1

; левый вестибюль

; эскалатор 3 гор
PenColor 7F7F7F
Stairs 157,844, 157,808, 1,842
PenColor 000000
BrushColor 9B5509
Polygon 161,808, -4,808, -4,805, 161,805
Polygon 161,816, 161,821, -4,821, -4,816
Polygon 161,829, 161,834, -4,834, -4,829
Polygon 161,842, -4,842, -4,845, 161,845

Opaque 85
PenColor FFFFFF
BrushColor FFFFFF
Polygon 47,846, 47,804, 130,804, 132,806, 90,848
Opaque 100

PenColor 000000
Line -37,755, -31,761, -21,751, -27,745, -168,886, 212,886, 72,746, 66,752, 76,762, 82,756
Spline 6,767, 16,769, 28,769, 38,767
Line -135,853, -43,853, -43,863, -33,873, -33,886
Line 47,805, 47,845
Line 221,863, 221,847, 161,847, 161,845
Line 161,805, 161,803, 221,803, 221,783
Line -63,781, -63,853

BrushColor D0D0D0
Polygon -168,886, -135,853, -43,853, -43,863, -33,873, -33,886
Polygon 67,886, 67,871, 132,806, 212,886
Polygon -37,755, -27,745, -21,751, -31,761
Polygon -3,763, 6,767, 1,779, -8,775
Polygon 38,767, 47,763, 53,774, 44,779
Polygon 66,752, 72,746, 82,756, 76,762

; кассы
BrushColor FFFFFF
Polygon 121,817, 129,825, 101,853, 93,845
BrushColor -1
AngleTextOut 45, Arial, 10, 96, 840, кассы

BrushColor FFFFFF
;полиция
Polygon -43,856, -58,856, -58,883, -33,883, -33,873, -43,863
BrushColor -1
AngleTextOut 130, Arial, 8, -40, 884, полиция

; турникеты
BrushColor -1
Line -11,800, -4,800, -4,805, 0.5
PenColor 009900
Stairs 27,884, 22,884, 27,846
PenColor FF0000
Stairs -11,798, -11,802, -61,798

; стрелки
PenColor FF0000
Arrow -29,806, -29,791
Arrow 9,812, -4,812
Arrow -19,766, -9,753
PenColor 009900
Arrow 54,866, 35,866
Arrow -4,838, 9,838
Arrow 52,753, 63,767


; правый вестибюль

; эскалатор 3 гор
PenColor 7F7F7F
Stairs 893,841, 893,807, 749,840
PenColor 000000
BrushColor 9B5509
Polygon 899,807, 746,807, 746,804, 899,804
Polygon 899,815, 899,820, 746,820, 746,815
Polygon 899,828, 899,833, 746,833, 746,828
Polygon 899,841, 746,841, 746,844, 899,844

Line 746,844, 746,846, 671,846, 671,863

Opaque 85
PenColor FFFFFF
BrushColor FFFFFF
Polygon 839,845, 839,803, 757,801, 710,847, 790,845
Opaque 100

PenColor 000000
Line 671,783, 671,802, 746,802, 746,804

Line 1056,886, 924,754
Spline 881,762, 872,765, 862,766, 851,765, 842,763
Line 802,755, 710,847
Line 812,886, 923,886
Line 839,804, 839,844
Line 956,786, 956,853


BrushColor D0D0D0
Polygon 671,886, 718,839, 724,846, 724,863, 743,863, 743,846, 767,822, 812,867, 812,886
Polygon 923,886, 923,872, 932,863, 932,853, 1023,853, 1056,886
Polygon 802,755, 813,744, 818,749, 809,761
Polygon 834,759, 842,763, 837,776, 828,772
Polygon 881,762, 889,758, 896,772, 887,776
Polygon 908,747, 913,743, 924,754, 917,760

;лифт
BrushColor D0EFFF
Polygon 724,863, 743,863, 743,846, 724,846
BrushColor -1
AngleTextOut 0, Arial, 8, 725, 850, лифт

; кассы
BrushColor FFFFFF
Polygon 767,822, 760,829, 781,850, 788,843
BrushColor -1
AngleTextOut -46, Arial, 10, 771, 823, кассы

BrushColor FFFFFF
;полиция
Polygon 932,863, 932,856, 947,856, 947,883, 923,883, 923,872
BrushColor -1
AngleTextOut -310, Arial, 8, 922, 877, полиция

; турникеты
Line 904,799, 899,799, 899,804, 0.5
PenColor 009900
Stairs 859,883, 864,883, 859,844
PenColor FF0000
Stairs 904,797, 904,801, 954,797


; стрелки
PenColor FF0000
Arrow 922,804, 922,789
Arrow 886,811, 899,811
Arrow 906,764, 897,749
PenColor 009900
Arrow 831,858, 851,858
Arrow 899,837, 886,837
Arrow 828,751, 819,765

; Названия улиц голубым
PenColor 00AFAF
BrushColor -1
AngleTextOut 5, Arial, 15, 92, 377, Новотушинский проезд
AngleTextOut 5, Arial, 15, 776, 301, Новотушинский проезд
AngleTextOut 94, Arial, 15, 834, 617, к остановке
Arrow 888,731, 854,688, 841,406

;инфососы
PenColor 34349C
BrushColor 34349C
Polygon -28,878, -28,873, -26,873, -26,878
Polygon 817,874, 817,869, 819,869, 819,874
Polygon 445,832, 445,827, 447,827, 447,832
PenColor FF0000
BrushColor FF0000
Polygon -28,883, -28,878, -26,878, -26,883
Polygon 817,879, 817,874, 819,874, 819,879
Polygon 445,837, 445,832, 447,832, 447,837

;переходы 
PenColor 000000
Line 63,523, 58,475, 26,478, 31,525
Stairs 59,488, 27,491, 63,521
Line 18,456, -80,465, -80,469, 10,461
Line 11,475, -101,485, -104,452, 17,441
Line -55,349, 14,343, 11,312, -57,318
Stairs -48,317, -45,348, 4,313
Line 819,418, 821,475
Line 866,416, 868,474
Stairs 819,421, 866,419, 821,471
Line 53,306, 166,296, 169,329, 51,340
Line 50,326, 145,317, 145,313, 55,321
PenColor D8D8D8
Line 26,478, 26,474, 11,475
Line 10,461, 25,460, 14,343
Line 58,475, 46,341, 51,340
Line 11,312, 43,309, 45,327, 50,326

;остановки
BrushColor 0000FF
SpotCircle 10, 840, 385, ShowMessage Авт.837
PenColor FFFFFF
BrushColor -1
AngleTextOut 68, Arial, 20, 827, 385, А, 1

PenColor 000000
Arrow 23,447, 3,449
Arrow 50,314, 68,312

;пешеходная дорожка
Line 821,475, 826,643
Spline 826,643, 821,664, 799,673
Line 799,673, 516,653
Spline 516,653, 474,641, 436,602, 377,575, 288,587
Line 288,587, 71,662
Spline 57,651, 65,656, 71,662
Line 57,651, 67,572
Line 121,756, 85,723
Spline 85,723, 87,716, 87,708
Line 87,708, 303,641
Spline 303,641, 374,635, 419,666, 453,693, 504,704
Line 504,704, 797,729, 765,761
Line -40,720, -78,756
Spline -40,720, -40,694, -31,670, -8,649, 22,640
Line 22,640, 15,570
Line 868,474, 877,655
Spline 877,655, 890,673, 913,683
Line 913,683, 961,685
Line 963,760, 931,728, 962,729
AngleTextOut 17, Arial, 10, 158, 650, пешеходная дорожка

; Выходы
Angle 68
PenColor FFD900
BrushColor 615F56
SpotRect 202, 229, 30, 30, ShowMessage Выход №1
SpotRect 518, 1000, 30, 30
BrushColor -1
TextOut Arial, 25, 210, 230, 1
TextOut Arial, 25, 526, 1001, 2
