Size 1280x500
Angle -20

;Пути
BrushColor 7CBC54
Polygon 266,209, 716,209, 716,239, 266,239
Polygon 266,349, 266,319, 716,319, 716,349

BrushColor -1
PenColor 7CBC54
AngleTextOut 0, Arial, 20, 271, 184, << Печатники
AngleTextOut 0, Arial, 20, 613, 349, Люблино >>
AngleTextOut 0, Arial, 25, 440, 270, Волжская, 1

;инфосос
PenColor 34349C
BrushColor 34349C
Polygon 491,273, 491,269, 492,269, 492,273
PenColor FF0000
BrushColor FF0000
Polygon 491,277, 491,273, 492,273, 492,277


; правый вестибюль

PenColor 000000
Line 716,319, 716,315, 766,315, 766,324, 741,324, 736,329, 736,336, 741,341, 779,341, 779,349, 939,349, 939,209, 919,209, 919,160, 961,160
Line 961,135, 919,135, 919,90, 1074,90, 1098,80, 1131,47, 1131,37, 1100,6, 1090,6, 1064,32
Line 1082,50, 1098,34, 1103,39, 1087,55, 1071,61, 890,61, 890,209, 779,209, 779,217, 741,217, 736,222, 736,229, 741,234, 766,234, 766,243, 716,243, 716,239
Stairs 764,243, 764,315, 718,243
Stairs 959,160, 959,135, 921,160
Stairs 1088,54, 1106,72, 1100,42
Stairs 1065,31, 1083,49, 1077,19

BrushColor D0D0D0
Polygon 851,272, 880,272, 880,240, 890,240, 890,316, 881,316, 881,291, 851,291

; кассы
BrushColor -1
Line 851,272, 851,263, 880,263
AngleTextOut 0, Arial, 10, 853, 261, кассы

; турникеты
Line 766,236, 770,240
Polygon 807,272, 801,272, 801,278, 807,278
Line 804,334, 804,349
PenColor 009900
Stairs 772,239, 769,242, 801,268
PenColor FF0000
Stairs 806,282, 802,282, 806,335

;инфосос
PenColor 34349C
BrushColor 34349C
Polygon 110,212, 114,212, 114,213, 110,213
PenColor FF0000
BrushColor FF0000
Polygon 106,212, 110,212, 110,213, 106,213


; левый вестибюль

PenColor 000000
Line 28,395, 189,395
Line 28,371, 77,371, 77,330, 67,330, 67,209, 204,209, 204,217, 241,217, 246,222, 246,229, 241,234, 216,234, 216,243, 266,243, 266,239
Line 189,371, 144,371, 144,330, 167,330, 167,349, 204,349, 204,341, 241,341, 246,336, 246,329, 241,324, 216,324, 216,315, 266,315, 266,319
Line 216,315, 216,315
Line 216,243, 216,243
Stairs 30,371, 30,395, 68,371
Stairs 187,371, 187,395, 149,371
Stairs 218,243, 218,315, 264,243

BrushColor D0D0D0
Polygon 106,330, 114,330, 114,371, 106,371

; кассы
BrushColor -1
Line 67,221, 58,221, 58,249, 67,249
AngleTextOut 90, Arial, 10, 56, 247, кассы

; турникеты
Line 154,209, 154,214
Polygon 151,266, 157,266, 157,272, 151,272
Line 154,324, 154,330
PenColor 009900
Stairs 152,214, 156,214, 152,263
PenColor FF0000
Stairs 152,276, 156,276, 152,325

;инфосос
PenColor 34349C
BrushColor 34349C
Polygon 827,212, 831,212, 831,213, 827,213
PenColor FF0000
BrushColor FF0000
Polygon 823,212, 827,212, 827,213, 823,213


;Улицы голубым
PenColor 00AFAF
BrushColor -1
AngleTextOut 30, Arial, 15, 400, 575, Люблинский пруд
AngleTextOut 90, Arial, 15, 1000, 142, ул.Краснодонская
AngleTextOut 0, Arial, 15, 1122, 72, Кузьминский парк >>

; стрелки
PenColor FF0000
Arrow 779,300, 795,300
Arrow 182,294, 168,294
PenColor 009900
Arrow 819,239, 809,249
Arrow 126,232, 140,232

; Выходы
Angle 20
PenColor FFD900
BrushColor 615F56
SpotRect 946, 279, 30, 30, ShowMessage Выход №1
SpotRect 1104, 147, 30, 30
SpotRect 129, 234, 30, 30
SpotRect 16, 191, 30, 30
BrushColor -1
TextOut Arial, 25, 954, 280, 1
TextOut Arial, 25, 1112, 148, 2
TextOut Arial, 25, 137, 235, 3
TextOut Arial, 25, 24, 192, 4
