Size 750x910

Angle 50

; река

PenColor B4E3EB
BrushColor B4E3EB
Polygon 270,397, 247,363, 217,311, 190,258, 168,207, 149,155, 315,16, 328,75, 346,139, 371,206, 402,269, 430,317, 459,360, 488,398
Polygon 639,572, 657,589, 675,605, 701,628, 727,649, 595,760, 573,741, 549,719, 524,695, 493,665, 461,631, 429,597, 408,572

PenColor 34949C
Spline 270,397, 247,363, 217,311, 190,258, 168,207, 149,155
Spline 315,16, 328,75, 346,139, 371,206, 402,269, 430,317, 459,360, 488,398
Spline 639,572, 657,589, 675,605, 701,628, 727,649
Spline 595,760, 573,741, 549,719, 524,695, 493,665, 461,631, 429,597, 408,572


PenColor 34949C
BrushColor -1
AngleTextOut -65, Arial, 15, 282, 213, р.Москва
Arrow 260,227, 280,266, 2


; пути

PenColor 000000
BrushColor E41C0C
Polygon 241,446, 241,416, 691,416, 691,446
Polygon 241,556, 241,526, 691,526, 691,556

PenColor E41C0C
BrushColor -1
AngleTextOut 0, Arial, 25, 373, 458, Воробьёвы горы, 1

PenColor 000000
BrushColor -1
AngleTextOut 0, Arial, 20, 248, 416, << Университет
AngleTextOut 0, Arial, 20, 555, 526, Спортивная >>
PenColor FFFFFF
AngleTextOut 0, Arial, 20, 247, 416, << Университет
AngleTextOut 0, Arial, 20, 553, 526, Спортивная >>

;инфосос
PenColor 34349C
BrushColor 34349C
Polygon 465,488, 465,492, 466,492, 466,488
PenColor FF0000
BrushColor FF0000
Polygon 465,484, 465,488, 466,488, 466,484


; боковые проходы

PenColor 000000
Line 203,398, 671,398
Line 203,416, 241,416
Line 241,572, 710,572
Line 710,556, 691,556
Stairs 204,398, 204,416, 221,398
Stairs 206,380, 206,398, 223,380
Stairs 242,572, 242,556, 259,572
Stairs 288,572, 288,587, 305,572
Stairs 668,398, 668,416, 654,398
Stairs 708,572, 708,556, 691,572


; левый вестибюль

PenColor D0D0D0
Stairs 169,470, 169,501, 144,470

PenColor 000000
Line 241,526, 241,510, 287,510, 287,501, 233,501, 233,532, 120,532, 120,501
Line 174,501, 108,501, 108,532, 8,532, 8,500, -4,500, -4,532, -59,532, -59,548, 109,548
Line 109,564, -107,564, -123,548, -123,498, -142,498
Line -142,473, -123,473, -123,422, -107,406, 107,406
Line -59,451, -59,521
Line 107,424, -59,424, -59,441, -5,441, -5,471, 8,471, 8,441, 108,441, 108,470, 174,470
Line 120,470, 120,441, 233,441, 233,470, 287,470, 287,461, 241,461, 241,446
Line 32,441, 32,458, 67,458
Line 67,516, 32,516, 32,532
Line 205,380, 232,380, 219,360
Line 285,587, 374,587, 393,609
Stairs 171,441, 171,466, 142,441
Stairs 171,532, 171,505, 142,532
Stairs 33,458, 33,473, 67,458
Stairs 33,516, 33,500, 66,516
Stairs 107,406, 107,424, 54,406
Stairs 32,406, 32,424, -1,406
Stairs -20,406, -20,424, -59,406
Stairs -79,406, -79,424, -96,406
Stairs -59,451, -79,451, -59,460
Stairs -59,521, -79,521, -59,511
Stairs -79,548, -79,564, -96,548
Stairs 109,548, 109,564, 55,548
Stairs 32,548, 32,564, 2,548
Stairs -20,548, -20,564, -59,548
Stairs -59,496, -59,474, -48,496

BrushColor D0D0D0
Polygon -59,474, -59,460, -43,460, -43,474
Polygon -59,511, -59,496, -43,496, -43,511
Polygon -79,473, -79,424, -96,424, -104,432, -104,473
Polygon -79,498, -79,548, -96,548, -104,540, -104,498
Polygon 174,470, 174,466, 140,466, 140,470
Polygon 174,501, 174,505, 140,505, 140,501

; эскалатор 2 гор
PenColor 7F7F7F
Stairs 59,497, 59,476, 37,497
PenColor 000000
BrushColor 9B5509
Polygon 67,476, 32,476, 32,473, 67,473
Polygon 67,484, 67,489, 32,489, 32,484
Polygon 67,497, 32,497, 32,500, 67,500

; кассы
BrushColor -1
Line -4,532, 8,532
AngleTextOut -90, Arial, 12, 10, 501, кассы

; турникеты
BrushColor -1
Polygon 208,524, 214,524, 214,530, 208,530
Line 211,490, 211,481, 0.5
PenColor 009900
Stairs 209,520, 213,520, 209,490
PenColor FF0000
Stairs 209,481, 213,481, 209,444

; стрелки
PenColor FF0000
Arrow 89,486, 74,486
Arrow 216,467, 203,467
Line 180,455, 130,455, 130,469
Arrow 188,440, 188,423
PenColor 009900
Arrow 206,510, 220,510
Arrow 59,466, 77,466
Arrow 59,508, 77,508
Line 197,423, 197,440
Arrow 130,502, 130,518, 165,518, 180,518

PenColor FFDDDD
Line 130,471, 130,477, 188,477, 188,442
PenColor CCEECC
Line 197,442, 197,496, 130,496, 130,500

;инфосос
PenColor 34349C
BrushColor 34349C
Polygon 20,457, 24,457, 24,458, 20,458
PenColor FF0000
BrushColor FF0000
Polygon 16,457, 20,457, 20,458, 16,458


; правый вестибюль

PenColor 000000
Line 691,446, 691,453, 640,453, 640,460, 705,460, 705,463
Line 691,526, 691,519, 640,519, 640,512, 705,512, 705,509
Line 769,438, 762,438, 762,457, 729,457, 729,463
Line 788,438, 800,438
Line 823,438, 832,438, 832,534, 823,534
Line 788,534, 800,534
Line 769,534, 762,534, 762,516, 729,516, 729,509

; эскалатор 4 гор
PenColor 7F7F7F
Stairs 703,466, 703,506, 732,466
PenColor 000000
BrushColor 9B5509
Polygon 697,463, 736,463, 736,466, 697,466
Polygon 697,473, 736,473, 736,477, 697,477
Polygon 697,484, 736,484, 736,488, 697,488
Polygon 697,495, 736,495, 736,499, 697,499
Polygon 697,506, 736,506, 736,509, 697,509

; кассы
BrushColor -1
Line 832,471, 840,471, 840,501, 832,501
AngleTextOut -90, Arial, 10, 843, 473, кассы

; турникеты
BrushColor -1
Polygon 753,459, 759,459, 759,465, 753,465
Polygon 739,489, 739,483, 745,483, 745,489
Line 756,485, 756,492, 0.5
PenColor 009900
Stairs 758,469, 754,469, 758,486
PenColor FF0000
Stairs 758,492, 754,492, 758,513

; стрелки
PenColor FF0000
Arrow 778,451, 778,434
Arrow 751,502, 767,502
Arrow 778,520, 778,537
PenColor 009900
Arrow 811,435, 811,451
Arrow 762,475, 746,475
Arrow 812,537, 812,520

;инфосос
PenColor 34349C
BrushColor 34349C
Polygon 794,530, 790,530, 790,531, 794,531
PenColor FF0000
BrushColor FF0000
Polygon 798,530, 794,530, 794,531, 798,531


; Названия улиц голубым
PenColor 00AFAF
BrushColor -1
AngleTextOut -90, Arial, 15, 879, 351, 'спорт.комплекс "Лужники"'
AngleTextOut -62, Arial, 15, 171, 226, Воробьёвская набережная
AngleTextOut -62, Arial, 15, -174, 445, Воробьёвы горы
