Size 1220x830
Angle -25

; метро

; пути
PenColor 000000
BrushColor AC24AC
Polygon 557,499, 557,529, 1134,529, 1134,499
Polygon 557,532, 557,562, 1134,562, 1134,532

BrushColor -1
AngleTextOut 0, Arial, 25, 784, 517, Выхино, 1
AngleTextOut 0, Arial, 20, 575, 502, << Рязанский проспект
AngleTextOut 0, Arial, 20, 890, 535, Лермонтовский проспект >>
PenColor FFFFFF
AngleTextOut 0, Arial, 20, 573, 501, << Рязанский проспект
AngleTextOut 0, Arial, 20, 888, 534, Лермонтовский проспект >>
AngleTextOut 0, Arial, 25, 782, 515, Выхино, 1

PenColor 000000
Line 557,562, 531,562, 531,612, 1134,612, 1134,562
Line 441,499, 557,499

; турникеты
PenColor 009900
Stairs 533,432, 539,432, 533,499
Stairs 850,466, 850,472, 943,466
Stairs 1012,466, 1012,472, 1082,466

; кассы
PenColor 000000
BrushColor -1
AngleTextOut 90, Arial, 10, 834, 481, кассы
AngleTextOut 0, Arial, 10, 1091, 447, кассы
AngleTextOut 0, Arial, 10, 473, 487, кассы
Line 1156,429, 1156,499
AngleTextOut 90, Arial, 12, 1153, 491, полиция


Railway 10, 14, 4, -9,281, 1139,281
Railway 10, 14, 4, -9,388, 1139,388
Railway 10, 14, 4, -9,411, 1139,411
Railway 10, 14, 4, -9,258, 1139,258

PenColor C0C0C0
BrushColor C0C0C0
Polygon -9,429, 441,429, 441,499, 326,499, 326,471, 262,471, 262,499, -9,499
Polygon -9,299, -9,379, 1125,379, 1125,299
Polygon 216,209, 216,249, 1126,249, 1126,209

PenColor 000000
Line -9,499, 441,499, 441,489
Line 258,471, 326,471, 326,499
Line -9,379, 1125,379, 1125,299, -9,299
Line 426,209, 426,199, 530,199, 530,209, 216,209, 216,249, 1126,249, 1126,209, 606,209, 606,110, 576,102

PenColor FFFFFF
BrushColor FFFFFF
Polygon 262,319, 326,319, 326,359, 262,359
Polygon 436,319, 500,319, 500,359, 436,359

; турникеты
PenColor 000000
Line 530,187, 530,199, 0.5
PenColor 009900
Stairs 530,181, 530,187, 568,181
Stairs 313,475, 318,475, 313,485
Stairs 314,323, 320,323, 314,340
Stairs 449,343, 443,343, 449,356
PenColor FF0000
Stairs 570,181, 570,187, 604,181
Stairs 438,489, 444,489, 438,430
Stairs 313,487, 318,487, 313,497
Stairs 314,343, 320,343, 314,358
Stairs 449,323, 443,323, 449,340

; кассы
PenColor 000000
BrushColor 808080
Polygon 396,126, 506,126, 506,142, 396,142
Polygon 461,612, 461,600, 522,600, 522,612

PenColor FFFFFF
BrushColor -1
AngleTextOut 0, Arial, 15, 434, 123, кассы
AngleTextOut 0, Arial, 15, 471, 596, кассы

PenColor 000000
Line 258,319, 326,319, 326,359, 258,359
Line 504,319, 436,319, 436,359, 504,359

Line 336,209, 336,142, 396,142, 396,82, 426,82
Line 456,82, 486,82
Line 516,86, 546,94

Line 655,149, 655,189, 696,189, 696,209
Line 675,149, 675,169, 777,169, 777,149
Line 756,209, 756,189, 797,189, 797,149

Line 1016,199, 1016,209
Line 1076,199, 1076,209

Line -9,429, 1168,429, 1168,499, 1134,499
Line 1156,479, 1082,479, 1082,459
Line 1082,459, 1126,459, 1126,449, 1082,449, 1082,459
Line 947,459, 947,479, 1008,479, 1008,459, 965,459

Line 837,482, 837,455, 846,455, 846,482, 804,482
Line 644,601, 691,601, 691,582, 644,582
Line 804,482, 804,473, 761,473, 761,453
Line 804,601, 761,601, 761,582, 804,582
Line 968,582, 1011,582, 1011,602, 968,602
Line 1120,602, 1081,602, 1081,582, 1120,582
Line 531,612, 456,612, 403,621
Line 343,632, 286,642, 226,642
Line 504,499, 504,489, 465,489, 465,499
BrushColor D0D0D0
Polygon 761,429, 761,453, 804,453, 804,429



Stairs 496,142, 496,199, 426,142
Stairs 655,151, 675,151, 655,169
Stairs 777,151, 797,151, 777,169
Stairs 677,169, 677,189, 696,169
Stairs 775,169, 775,189, 756,169
Stairs 306,319, 306,359, 268,319
Stairs 456,319, 456,359, 494,319
Stairs 306,471, 306,499, 268,471
Stairs 764,453, 764,473, 802,453
Stairs 1005,459, 1005,479, 967,459
Stairs 1084,459, 1084,479, 1122,459
Stairs 688,582, 688,601, 646,582
Stairs 764,582, 764,601, 802,582
Stairs 1008,582, 1008,602, 970,582
Stairs 1084,582, 1084,602, 1118,582

PenColor 00AFAF
BrushColor -1
AngleTextOut 90, Arial, 15, 1020, 46, улица Вешняковская
AngleTextOut 0, Arial, 15, 434, 34, улица Красный Казанец
AngleTextOut 0, Arial, 15, 819, 640, улица Хлобыстова
AngleTextOut 90, Arial, 15, 188, 740, Автостанция
PenColor 000000
AngleTextOut 0, Arial, 25, -7, 455, 'ж/д платформа "Выхино"'
AngleTextOut 0, Arial, 25, -7, 324, 'ж/д платформа "Выхино"'
AngleTextOut 0, Arial, 25, 564, 206, платформа экспресс-поездов
AngleTextOut 0, Arial, 25, 564, 324, платформа экспресс-поездов

AngleTextOut 0, Arial, 20, 14, 429, << Вешняки (к Москве)
AngleTextOut 0, Arial, 20, 564, 299, << к Москве
AngleTextOut 0, Arial, 20, 12, 354, Косино (от Москвы) >>
AngleTextOut 0, Arial, 20, 564, 227, от Москвы >>

PenColor FF0000
Arrow 1056,221, 1056,188
Arrow 580,190, 580,173
Arrow 319,349, 335,349
Arrow 447,329, 431,329
Arrow 316,489, 330,489
Arrow 363,614, 363,640
Arrow 636,592, 659,592
Arrow 716,599, 716,622
Arrow 812,592, 789,592
Arrow 968,592, 987,592
Arrow 1036,598, 1036,628
Arrow 1120,592, 1102,592
Arrow 434,463, 459,463
PenColor 009900
Arrow 390,640, 390,614
Arrow 736,622, 736,599
Arrow 1056,628, 1056,598
Arrow 315,481, 301,481
Line 519,462, 585,462
Arrow 585,462, 585,487
Arrow 791,463, 812,463
Arrow 896,459, 896,479
Arrow 976,469, 959,469
Line 1116,469, 1137,469, 1137,439, 1046,439
Arrow 1046,439, 1046,462
Arrow 1033,188, 1033,221
Arrow 552,178, 552,195
Arrow 445,349, 461,349
Arrow 317,329, 301,329
BrushColor FFFF00

Opaque 20

; подземные переходы
PenColor FFFFFF
BrushColor FFFFFF
Polygon 425,498, 336,498, 327,498, 327,471, 336,471, 336,359, 327,359, 327,319, 336,319, 336,209, 426,209, 426,319, 435,319, 435,359, 426,359
Polygon 756,613, 696,613, 696,208, 756,208
Polygon 1076,613, 1016,613, 1016,208, 1076,208

PenColor 000000
Line 336,633, 336,498, 326,498
Line 326,471, 336,471, 336,359, 327,359
Line 327,319, 336,319, 336,209
Line 426,617, 426,359, 435,359
Line 435,319, 426,319, 426,209
Stairs 336,582, 426,582, 336,603

Line 696,612, 696,601, 691,601
Line 691,582, 696,582, 696,209
Line 756,612, 756,601, 761,601
Line 761,582, 756,582, 756,473, 761,473
Line 761,453, 756,453, 756,209

Line 1016,612, 1016,602, 1011,602
Line 1011,582, 1016,582, 1016,479, 1008,479
Line 1008,459, 1016,459, 1016,209
Line 1076,612, 1076,602, 1081,602
Line 1081,582, 1076,582, 1076,479, 1082,479
Line 1082,459, 1076,459, 1076,209
