Size 750x550
Angle 45

;Пути

BrushColor 84ACBC
Polygon 497,135, 497,105, 47,105, 47,135
Polygon 497,245, 497,215, 47,215, 47,245

BrushColor -1
PenColor 84ACBC
AngleTextOut 0, Arial, 20, 49, 81, << ул.Академика Королёва
AngleTextOut 0, Arial, 25, 140, 160, Выставочный центр, 1
AngleTextOut 0, Arial, 20, 250, 245, ул. Сергея Эйзенштейна >>

; правый торец
PenColor 000000
Line 47,215, 47,203, 58,203
Line 58,155, 47,155, 47,135
Spline 58,155, 65,179, 58,203

; левый торец
Line 497,135, 595,135, 595,141, 601,141
Line 601,208, 595,208, 595,214, 496,214
Spline 601,141, 611,175, 601,208

; центр

; эскалатор 3 гор
PenColor 7F7F7F
Stairs 440,192, 440,158, 542,192
PenColor 000000
BrushColor 9B5509
Polygon 433,158, 547,158, 547,155, 433,155
Polygon 433,166, 433,171, 547,171, 547,166
Polygon 433,179, 433,184, 547,184, 547,179
Polygon 433,192, 547,192, 547,195, 433,195

; стрелки
PenColor FF0000
Arrow 473,145, 514,145
PenColor 009900
Arrow 513,206, 474,206


; нижний ярус

PenColor 000000
BrushColor D0D0D0
Polygon 373,479, 335,479, 335,487, 283,487, 283,479, 256,479, 256,344, 283,344, 283,336, 335,336, 335,344, 373,344, 373,324, 233,324, 233,499, 373,499, 373,479

Line 315,454, 414,454
Line 315,366, 414,366

PenColor 777777
Line 373,499, 414,499, 414,454
Line 373,496, 411,496, 411,454
Line 373,493, 408,493, 408,454
Line 373,490, 405,490, 405,454

Line 373,324, 414,324, 414,366
Line 373,327, 411,327, 411,366
Line 373,330, 408,330, 408,366
Line 373,333, 405,333, 405,366


Arrow 425,412, 396,412
Arrow 455,176, 425,176
Dashed 425,176, 425,176, 425,412, 425,412

; эскалатор 3 гор
PenColor 7F7F7F
Stairs 380,429, 380,395, 482,429
PenColor 000000
BrushColor 9B5509
Polygon 373,395, 487,395, 487,392, 373,392
Polygon 373,403, 373,408, 487,408, 487,403
Polygon 373,416, 373,421, 487,421, 487,416
Polygon 373,429, 487,429, 487,432, 373,432

; турникеты
BrushColor -1
Spline 315,402, 309,406, 309,414, 315,418
Spline 325,402, 331,406, 331,414, 325,418
Line 315,418, 325,418
Line 315,402, 325,402
PenColor 009900
Stairs 317,422, 323,422, 317,452
PenColor FF0000
Stairs 323,398, 317,398, 323,367

;кассы
PenColor 000000
BrushColor FFFFFF
Polygon 256,391, 241,391, 241,435, 256,435
BrushColor -1
AngleTextOut -90, Arial, 14, 258, 394, Кассы

; стрелки
PenColor FF0000
Arrow 303,387, 284,387, 284,354, 360,354, 385,354
PenColor 009900
Arrow 385,467, 284,467, 284,433, 305,433

;названия улиц голубым
PenColor 00AFAF
AngleTextOut -90, Arial, 15, 734, 263, 1-ый Поперечный проезд
AngleTextOut 0, Arial, 15, 322, 581, 1-ый Продольный проезд


Angle -45
PenColor 040464
SpotRect 554, 238, 180, 15, LoadVec VDNH-VystavochnyCentr.vec
TextOut Arial, 10, 554, 238, 'Схема перехода к станции метро "ВДНХ"', 5

; Выходы
PenColor FFD900
BrushColor 615F56
SpotRect 472, 266, 30, 30, ShowMessage Выход №1
BrushColor -1
TextOut Arial, 25, 480, 267, 1
