Size 1300x850
Angle 30

; Выставочная

; пути

PenColor 000000
BrushColor 2C7CAC
Polygon 542,181, 542,211, 992,211, 992,181
Polygon 542,291, 542,321, 992,321, 992,291

; правый вестибюль

Line 992,291, 992,280, 980,280, 980,277, 1018,277
Line 992,211, 992,222, 980,222, 980,225
Stairs 984,245, 984,277, 1017,245

; эскалатор 2 гор
PenColor 7F7F7F
Stairs 1011,243, 1011,227, 985,243
PenColor 000000
BrushColor 9B5509
Polygon 1018,227, 980,227, 980,225, 1018,225
Polygon 1018,233, 1018,237, 980,237, 980,233
Polygon 1018,243, 980,243, 980,245, 1018,245

; левый вестибюль

Line 542,291, 542,281, 585,281, 585,278, 547,278
Stairs 583,246, 583,278, 549,246
Line 542,211, 542,222, 585,222, 585,226

; эскалатор 2 гор
PenColor 7F7F7F
Stairs 578,244, 578,228, 552,244
PenColor 000000
BrushColor 9B5509
Polygon 585,228, 547,228, 547,226, 585,226
Polygon 585,234, 585,238, 547,238, 547,234
Polygon 585,244, 547,244, 547,246, 585,246


Opaque 75
PenColor FFFFFF
BrushColor FFFFFF
;PenColor FF0000
Polygon 541,181, 993,181, 993,212, 860,212, 839,204, 814,197, 789,193, 765,192, 741,193, 716,197, 691,204, 670,212, 541,212
Polygon 979,212, 993,212, 993,290, 979,290
Polygon 569,223, 569,280, 541,280, 541,290, 569,290, 569,282, 586,282, 586,212, 541,212, 541,223
Polygon 962,290, 993,290, 993,322, 541,322, 541,290, 569,290, 569,301, 962,301
Opaque 100

Line 993,225, 993,277
Line 569,181, 992,181
Line 569,181, 569,278
Line 569,301, 569,321, 0.5

PenColor 2C7CAC
BrushColor -1
AngleTextOut 0, Arial, 20, 542, 157, << Международная
AngleTextOut 0, Arial, 20, 848, 321, Киевская >>
AngleTextOut 0, Arial, 25, 688, 229, Выставочная, 1

; общее

PenColor 000000
Line 569,277, 569,301, 962,301, 962,277
Spline 569,277, 765,192, 962,277
Line 962,321, 962,181, 0.5

;инфосос
PenColor 34349C
BrushColor 34349C
Polygon 764,260, 764,256, 763,256, 763,260
PenColor FF0000
BrushColor FF0000
Polygon 764,264, 764,260, 763,260, 763,264


; левый вестибюль

PenColor 000000
Line 569,411, 569,517, -24,517, -24,502
Line -24,332, -24,318, 309,318, 309,316
Line 350,316, 350,318, 507,318, 507,224, 569,224
Line 805,351, 667,351, 667,367, 610,367, 610,381
Line 610,411, 610,428, 667,428, 667,444, 805,444

Stairs 795,444, 795,405, 805,444
Stairs 795,394, 795,351, 805,394
Stairs 741,379, 741,351, 775,379
Stairs 741,418, 741,444, 775,418

; колонны
PenColor 000000
BrushColor D0D0D0
Polygon 684,379, 722,379, 722,418, 684,418
Polygon 739,379, 779,379, 779,418, 739,418
Polygon 793,394, 805,394, 805,405, 793,405

; эскалатор 3 гор
PenColor 7F7F7F
Stairs 620,409, 620,383, 566,409
PenColor 000000
BrushColor 9B5509
Polygon 627,383, 561,383, 561,381, 627,381
Polygon 627,389, 627,393, 561,393, 561,389
Polygon 627,399, 627,403, 561,403, 561,399
Polygon 627,409, 561,409, 561,411, 627,411

; кассы
PenColor 000000
BrushColor -1
Line 569,337, 577,337, 577,363, 569,363
AngleTextOut -90, Arial, 10, 580, 338, кассы

; кассы
PenColor 000000
BrushColor -1
Line 480,318, 480,308, 441,308, 441,318
AngleTextOut 0, Arial, 10, 443, 306, полиция

; турникеты
BrushColor -1
Line 546,323, 569,323, 0.5
Polygon 522,355, 522,362, 515,362, 515,355
Line 569,443, 519,443, 519,431, 0.5
PenColor 009900
Stairs 547,325, 544,322, 521,351
PenColor FF0000
Stairs 522,367, 515,367, 522,432

; стрелки
PenColor FF0000
Arrow 764,431, 781,431
Arrow 637,412, 654,412
Arrow 537,407, 551,407
Arrow 531,236, 519,236, 519,257
PenColor 009900
Arrow 654,383, 637,383
Arrow 781,365, 764,365
Arrow 541,263, 566,263
Arrow 536,339, 527,330
Arrow 551,386, 537,386

; правый вестибюль

PenColor 000000
Line 992,181, 1065,181, 1065,315, 1044,336, 1000,336, 1000,488
Line 1000,537, 1000,546
Line 1000,595, 1000,605
Line 1000,654, 1000,724
Line 1021,735, 1029,728
Line 1056,760, 1049,766
Line 983,877, 979,892
Line 937,881, 941,866
Line 962,725, 962,655
Line 962,604, 962,596
Line 962,545, 962,538
Line 962,487, 962,321, 569,321, 569,381
Spline 962,487, 952,499, 949,513, 952,527, 962,538
Spline 962,545, 953,556, 949,571, 953,585, 962,596
Spline 962,604, 953,615, 949,630, 953,645, 962,655
Spline 1000,654, 1008,644, 1012,630, 1008,615, 1000,605
Spline 1000,595, 1008,585, 1012,571, 1009,557, 1000,546
Spline 1000,537, 1008,527, 1012,513, 1009,499, 1000,488
Spline 962,725, 935,738, 915,759, 904,788, 906,821, 920,848, 941,866
Spline 983,877, 1008,872, 1031,858, 1047,838, 1055,815, 1056,791, 1049,766
Spline 1021,735, 1012,730, 999,725

Stairs 962,675, 975,675, 962,724

; эскалатор 3 верт
PenColor 7F7F7F
Stairs 997,435, 965,435, 997,460
PenColor 000000
BrushColor 9B5509
Polygon 965,429, 965,465, 962,465, 962,429
Polygon 973,429, 977,429, 977,465, 973,465
Polygon 985,429, 989,429, 989,465, 985,465
Polygon 997,429, 997,465, 1000,465, 1000,429

; эскалатор 3 верт
PenColor 7F7F7F
Stairs 998,682, 977,682, 998,719
PenColor 000000
BrushColor 9B5509
Polygon 977,675, 977,724, 975,724, 975,675
Polygon 982,675, 985,675, 985,724, 982,724
Polygon 990,675, 993,675, 993,724, 990,724
Polygon 998,675, 998,724, 1000,724, 1000,675

; кассы
PenColor 000000
BrushColor -1
Line 1065,286, 1073,286, 1073,312, 1065,312
AngleTextOut -90, Arial, 10, 1076, 287, кассы

; полиция
PenColor 000000
BrushColor -1
Line 1040,336, 1040,345, 1003,345, 1003,336
AngleTextOut 0, Arial, 10, 1004, 333, полиция

; турникеты
BrushColor -1
Polygon 1056,278, 1056,284, 1062,284, 1062,278
Line 1020,281, 1016,281, 1016,277, 0.5
Line 1065,221, 1059,221, 0.5
Line 1023,221, 1016,221, 1016,225, 0.5
PenColor FF0000
Stairs 1059,223, 1059,219, 1022,223
PenColor 009900
Stairs 1052,283, 1052,279, 1019,283

; стрелки
PenColor FF0000
Arrow 1022,240, 1033,240, 1033,202, 972,202, 972,223
Arrow 975,652, 975,668
Arrow 1037,759, 1057,742
Arrow 972,873, 967,891
PenColor 009900
Arrow 988,668, 988,652
Arrow 1046,730, 1027,746
Arrow 951,887, 956,868
Arrow 989,325, 989,305, 1012,305
Arrow 1023,260, 1000,260
Arrow 1046,287, 1046,271

; Деловой центр

; пути
PenColor 000000
BrushColor FCDC04
Polygon 30,358, 30,388, 480,388, 480,358
Polygon 30,468, 30,498, 480,498, 480,468

; левый торец
PenColor 000000
Line 51,388, 51,414
Line 51,443, 51,468

PenColor 707070
Line 309,316, 350,316

; правый вестибюль

;балконы
Opaque 80
PenColor FFFFFF
BrushColor FFFFFF
Polygon 29,366, 29,357, 481,357, 481,366
Polygon 481,490, 481,499, 29,499, 29,490
Polygon 158,388, 157,379, 153,372, 146,367, 136,366, 221,366, 211,367, 204,372, 200,379, 199,388, 199,468, 200,478, 204,484, 211,489, 221,490, 136,490, 146,489, 153,484, 157,478, 158,468
Polygon 309,388, 308,379, 304,372, 296,367, 287,366, 372,366, 362,367, 355,372, 351,379, 350,388, 350,468, 351,478, 355,484, 362,489, 372,490, 287,490, 296,489, 304,484, 308,478, 309,468
Polygon 413,366, 481,366, 481,388, 460,388, 451,378, 440,371, 427,366
Polygon 413,490, 481,490, 481,468, 460,468, 451,477, 440,484, 427,489
Polygon 98,366, 29,366, 29,388, 51,388, 59,379, 71,372, 84,367
Polygon 98,490, 29,490, 29,468, 51,468, 59,477, 71,484, 88,490
Opaque 100

PenColor 2C7CAC
BrushColor -1
PenColor 000000
AngleTextOut 0, Arial, 20, 37, 495, << Парк Победы
AngleTextOut 0, Arial, 20, 404, 494, тупик >>
AngleTextOut 0, Arial, 25, 168, 277, Деловой центр, 1
PenColor FCDC04
AngleTextOut 0, Arial, 20, 36, 494, << Парк Победы
AngleTextOut 0, Arial, 20, 403, 493, тупик >>
AngleTextOut 0, Arial, 25, 167, 276, Деловой центр, 1

; оборотные стрелки
PenColor 000000
Line 239,473, 273,473
Spline 273,473, 278,476, 278,481, 273,484
Arrow 273,484, 239,484
PenColor FFFFFF
Line 238,472, 272,472
Spline 272,472, 277,475, 277,480, 272,483
Arrow 272,483, 238,483

PenColor 000000
Line 309,443, 309,468
Line 287,490, 221,490
Line 199,468, 199,388
Line 221,366, 287,366
Line 309,388, 309,414
Line 98,366, 136,366
Line 158,388, 158,468
Line 136,490, 98,490
Spline 309,388, 303,372, 287,366
Spline 221,366, 205,372, 199,388
Spline 136,366, 152,372, 158,388
Spline 136,490, 152,484, 158,468
Spline 221,490, 205,484, 199,468
Spline 309,468, 303,484, 287,490
Spline 98,366, 72,372, 51,388
Spline 98,490, 72,484, 51,468

Line 350,414, 350,388
Line 372,366, 413,366
Line 460,388, 460,414
Line 350,443, 350,468
Line 372,490, 413,490
Line 460,468, 460,443
Spline 372,366, 356,372, 350,388
Spline 372,490, 356,484, 350,468
Spline 460,388, 439,371, 413,366
Spline 413,490, 439,484, 460,468

PenColor 000000
AngleTextOut 0, Arial, 15, 183, 367, путь не используется
PenColor FFFFFF
AngleTextOut 0, Arial, 15, 182, 366, путь не используется

; эскалатор 3 гор
PenColor 7F7F7F
Stairs 470,440, 470,417, 437,440
PenColor 000000
BrushColor 9B5509
Polygon 477,417, 432,417, 432,414, 477,414
Polygon 477,422, 477,426, 432,426, 432,422
Polygon 477,431, 477,435, 432,435, 432,431
Polygon 477,440, 432,440, 432,443, 477,443

; эскалатор 3 гор
PenColor 7F7F7F
Stairs 380,440, 380,417, 347,440
PenColor 000000
BrushColor 9B5509
Polygon 387,417, 342,417, 342,414, 387,414
Polygon 387,422, 387,426, 342,426, 342,422
Polygon 387,431, 387,435, 342,435, 342,431
Polygon 387,440, 342,440, 342,443, 387,443

; эскалатор 3 гор
PenColor 7F7F7F
Stairs 311,440, 311,417, 278,440
PenColor 000000
BrushColor 9B5509
Polygon 318,417, 273,417, 273,414, 318,414
Polygon 318,422, 318,426, 273,426, 273,422
Polygon 318,431, 318,435, 273,435, 273,431
Polygon 318,440, 273,440, 273,443, 318,443

; эскалатор 3 гор
PenColor 7F7F7F
Stairs 73,440, 73,417, 40,440
PenColor 000000
BrushColor 9B5509
Polygon 80,417, 35,417, 35,414, 80,414
Polygon 80,422, 80,426, 35,426, 35,422
Polygon 80,431, 80,435, 35,435, 35,431
Polygon 80,440, 35,440, 35,443, 80,443

;лифты
PenColor 000000
BrushColor D0EFFF
Polygon 168,417, 188,417, 188,437, 168,437
BrushColor -1
AngleTextOut 0, Arial, 8, 169, 421, лифт

;инфосос
PenColor 34349C
BrushColor 34349C
Polygon 262,428, 262,432, 261,432, 261,428
PenColor FF0000
BrushColor FF0000
Polygon 262,424, 262,428, 261,428, 261,424

; Названия улиц голубым
PenColor 00AFAF
BrushColor -1
AngleTextOut 0, Arial, 15, 1062, 778, Краснопресненская
AngleTextOut 0, Arial, 15, 1064, 797, набережная
AngleTextOut -90, Arial, 15, 1149, 545, Переходный проезд
AngleTextOut -90, Arial, 15, 960, 907, 'мост "Багратион"'
AngleTextOut -90, Arial, 15, 924, 862, Кутузовский проспект >>
AngleTextOut 0, Arial, 15, 786, 127, 1-й Красногвардейский проезд
AngleTextOut -90, Arial, 15, 737, -10, улица Антонова-Овсеенко
AngleTextOut 0, Arial, 15, 646, 460, << Международный Деловой центр
PenColor 000000

BrushColor 000000
