Size 1280x800
Angle -17

;Пути
BrushColor FC9C54
Polygon 413,411, 413,381, 863,381, 863,411
Polygon 863,301, 863,271, 413,271, 413,301

BrushColor -1
PenColor F7782E
AngleTextOut 0, Arial, 25, 576, 318, Ясенево, 1
AngleTextOut 0, Arial, 20, 416, 248, << Тёплый стан
AngleTextOut 0, Arial, 20, 707, 411, Новоясеневская >>

; левый вестибюль
PenColor 000000
Line 472,222, 264,222, 264,279, 363,279, 363,311, 413,311, 413,301
Line 270,521, 264,521, 264,402, 363,402, 363,371, 413,371, 413,381
Line 472,197, 197,197
Line 180,556, 219,556
Line 180,531, 219,531, 219,521, 235,521, 235,427, 197,427
Line 197,402, 235,402, 235,222, 197,222
Stairs 366,311, 366,371, 411,311
Stairs 200,402, 200,427, 235,402
Stairs 200,197, 200,222, 235,197
Stairs 438,197, 438,222, 472,197
Stairs 183,531, 183,556, 217,531
BrushColor D0D0D0
Polygon 274,312, 266,312, 266,369, 274,369

; кассы
BrushColor -1
Line 363,373, 376,373, 376,400, 363,400
AngleTextOut 90, Arial, 10, 363, 399, кассы

; турникеты
Polygon 314,326, 310,330, 306,326, 310,322
PenColor 009900
Stairs 316,329, 313,332, 361,371
PenColor FF0000
Stairs 313,283, 308,283, 313,320


; правый вестибюль

PenColor 000000
Line 908,222, 962,222, 1028,256, 1085,256, 1085,312, 1047,312, 1047,279, 914,279, 914,311, 863,311, 863,301
Line 907,521, 962,521, 1028,487, 1085,487, 1085,369, 1047,369, 1047,402, 914,402, 914,371, 863,371, 863,381
Line 908,197, 969,197, 1031,227, 1082,227, 1082,222, 1045,222
Line 1045,197, 1117,197, 1117,546, 1045,546
Line 907,546, 969,546, 1031,516, 1082,516, 1082,521, 1045,521
Stairs 910,521, 910,546, 944,521
Stairs 1048,521, 1048,546, 1082,521
Stairs 942,197, 942,222, 908,197
Stairs 1048,197, 1048,222, 1082,197
Stairs 1065,312, 1065,369, 1048,312
Stairs 911,311, 911,371, 865,311
BrushColor D0D0D0
Polygon 1013,312, 1005,312, 1005,369, 1013,369


; турникеты
BrushColor -1
Polygon 978,326, 974,330, 970,326, 974,322
PenColor 009900
Stairs 967,329, 971,333, 916,371
PenColor FF0000
Stairs 977,283, 972,283, 977,320

; кассы
PenColor 000000
BrushColor -1
Line 914,373, 901,373, 901,400, 914,400
AngleTextOut 90, Arial, 10, 901, 399, кассы


;стрелки
PenColor FF0000
Arrow 993,295, 1005,295
Arrow 299,296, 287,296
PenColor 009900
Arrow 976,382, 967,373
Arrow 295,380, 304,371


;инфососы
PenColor 34349C
BrushColor 34349C
Polygon 999,360, 999,365, 1001,365, 1001,360
Polygon 623,343, 623,353, 621,353, 621,343
Polygon 337,309, 342,309, 342,311, 337,311
PenColor FF0000
BrushColor FF0000
Polygon 999,355, 999,360, 1001,360, 1001,355
Polygon 623,348, 623,343, 621,343, 621,348
Polygon 332,309, 337,309, 337,311, 332,311

;названия улиц голубым
PenColor 00AFAF
BrushColor -1
AngleTextOut 0, Arial, 15, 1139, 457, Новоясеневский проспект
AngleTextOut 0, Arial, 15, 17, 458, Новоясеневский проспект
AngleTextOut 90, Arial, 15, 987, 175, Ясногорская улица
AngleTextOut 90, Arial, 15, 991, 685, Ясногорская улица
AngleTextOut 90, Arial, 15, 390, 675, Тарусская улица
AngleTextOut 90, Arial, 15, 406, 175, Тарусская улица

;переход под Тарусской
PenColor 000000
Line 474,521, 436,521, 430,546, 460,574
Line 325,521, 363,521, 369,546, 339,574
PenColor D8D8D8
Line 363,521, 436,521
Line 369,546, 430,546

; Выходы
Angle 17
PenColor FFD900
BrushColor 615F56
SpotRect 962, 249, 30, 30, ShowMessage Выход №1
SpotRect 1097, 294, 30, 30
SpotRect 983, 672, 30, 30
SpotRect 849, 633, 30, 30
SpotRect 152, 432, 30, 30
SpotRect 217, 236, 30, 30
SpotRect 259, 113, 30, 30
SpotRect 519, 116, 30, 30
BrushColor -1
TextOut Arial, 25, 970, 250, 1
TextOut Arial, 25, 1105, 295, 2
TextOut Arial, 25, 991, 673, 3
TextOut Arial, 25, 857, 634, 4
TextOut Arial, 25, 160, 433, 5
TextOut Arial, 25, 225, 237, 6
TextOut Arial, 25, 267, 114, 7
TextOut Arial, 25, 527, 117, 8
