Size 980x1040
Angle 55

; перекресток
PenColor F5F5F5
Line -224,417, 1339,417, 80
Line -35,691, 1379,692, 40
Line 594,389, 594,-282, 40
Line 166,119, 166,420, 123,728, -61,949, 40
Line 589,699, 590,1104, 40

; пути
PenColor 000000
BrushColor AC24AC
Polygon 901,508, 451,508, 451,478, 901,478
Polygon 451,618, 451,588, 901,588, 901,618

BrushColor -1
PenColor AC24AC
AngleTextOut 0, Arial, 20, 451, 454, << Котельники
AngleTextOut 0, Arial, 20, 662, 618, Лермонтовский проспект >>
AngleTextOut 0, Arial, 25, 587, 526, Жулебино, 1

; правый вестибюль

; правый вестибюль
;эскалаторы
PenColor 7F7F7F
Stairs 956,539, 956,574, 906,539
PenColor 000000
BrushColor 9B5509
Polygon 902,536, 959,536, 959,539, 902,539
Polygon 902,548, 959,548, 959,553, 902,553
Polygon 902,562, 959,562, 959,567, 902,567
Polygon 902,574, 959,574, 959,577, 902,577

Line 956,577, 901,577, 901,588
Line 940,519, 901,519, 901,508
;Line 890,621, 854,621, 854,626
BrushColor D0D0D0
Polygon 959,531, 959,536, 902,536, 902,531

Opaque 85
PenColor FFFFFF
BrushColor FFFFFF
Polygon 935,518, 907,518, 907,578, 935,578
Opaque 100

PenColor 000000
Line 985,351, 935,351, 935,492, 1000,492, 1000,604, 936,604, 936,736, 987,736
Line 987,754, 857,754
Line 857,736, 908,736, 908,351, 858,351
Line 858,333, 985,333
Stairs 859,736, 859,754, 905,736
Stairs 985,736, 985,754, 939,736
Stairs 983,351, 983,333, 937,351
Stairs 860,351, 860,333, 906,351
BrushColor D0D0D0
Polygon 935,514, 959,514, 959,519, 940,519, 940,577, 959,577, 959,582, 935,582

; турникеты
BrushColor -1
Line 959,551, 1000,551, 0.5
Polygon 988,603, 983,603, 983,598, 988,598
PenColor 009900
Stairs 963,580, 960,583, 980,598
PenColor FF0000
Stairs 959,511, 961,513, 973,495

; кассы
PenColor 000000
BrushColor -1
Line 972,604, 972,613, 944,613, 944,604
AngleTextOut 0, Arial, 10, 946, 601, кассы

;лифты
PenColor 000000
BrushColor D0EFFF
Polygon 955,519, 943,519, 943,531, 955,531
Polygon 927,333, 915,333, 915,345, 927,345
Polygon 928,742, 916,742, 916,754, 928,754
BrushColor -1
AngleTextOut 0, Arial, 4, 945, 522, лифт
AngleTextOut 0, Arial, 4, 917, 336, лифт
AngleTextOut 0, Arial, 4, 918, 745, лифт

;стрелки
PenColor FF0000
Arrow 967,543, 976,543, 976,528
PenColor 009900
Arrow 980,564, 969,564
Arrow 933,593, 947,593


; левый вестибюль

PenColor 000000
Line 56,337, 206,337, 206,715, 15,715
Line 106,256, 106,319, 56,319
Line 124,256, 124,319, 206,319, 206,269
Line 224,269, 224,333, 285,333
Line 155,738, 206,738, 206,733, 15,733
Line 274,738, 224,738, 224,611, 411,611
Line 274,756, 155,756
Line 403,576, 451,576
Line 423,588, 451,588
Line 411,521, 411,485, 224,485, 224,351, 285,351
Line 403,521, 451,521, 451,508
Line 411,611, 411,588
Stairs 58,319, 58,337, 104,319
Stairs 283,351, 283,333, 240,351
Stairs 224,271, 206,271, 224,317
Stairs 124,258, 106,258, 124,304
Stairs 272,738, 272,756, 226,738
Stairs 17,715, 17,733, 63,715
Stairs 157,738, 157,756, 203,738
Stairs 405,576, 405,521, 451,576

;лифты
PenColor 000000
BrushColor D0EFFF
Polygon 81,733, 69,733, 69,745, 81,745
Polygon 221,756, 209,756, 209,768, 221,768
Polygon 423,576, 411,576, 411,588, 423,588
Polygon 236,319, 224,319, 224,331, 236,331
Polygon 106,305, 94,305, 94,317, 106,317
BrushColor -1
AngleTextOut 0, Arial, 4, 71, 736, лифт
AngleTextOut 0, Arial, 4, 211, 759, лифт
AngleTextOut 0, Arial, 4, 413, 579, лифт
AngleTextOut 0, Arial, 4, 226, 322, лифт
AngleTextOut 0, Arial, 4, 96, 308, лифт

; Названия улиц голубым
PenColor 00AFAF
BrushColor -1
AngleTextOut 0, Arial, 15, 273, 409, улица Генерала Кузнецова
AngleTextOut 0, Arial, 15, 357, 685, улица Генерала Кузнецова (дублёр)
AngleTextOut -90, Arial, 15, 602, 169, улица авиаконструктора Миля
AngleTextOut -90, Arial, 15, 175, 167, улица авиаконструктора Миля
AngleTextOut -130, Arial, 15, 85, 791, улица авиаконструктора Миля
AngleTextOut -90, Arial, 15, 598, 734, Тарханская улица
PenColor 000000
