Size 1210x775
PenColor FFF7E5
BrushColor FFF7E5
Polygon 0,0, 0,775, 1210,775, 1210,0
PenColor 0404A4
TextOut Arial, 40, 288, 239, Toulouse
TextOut Arial, 10, 286, 279, (Attention! All time intervals in this version equal 2 minutes)
TextOut Arial, 15, 298, 546, Les Pradettes, 3
TextOut Arial, 15, 395, 534, Cepiere, 3
TextOut Arial, 15, 318, 321, Casselardit, 3
TextOut Arial, 15, 566, 308, Bourrassol, 3
TextOut Arial, 15, 435, 554, Bagatelle, 3
TextOut Arial, 15, 347, 582, Mirail, 3
TextOut Arial, 15, 405, 657, Reynerie, 3
TextOut Arial, 15, 471, 666, Papus, 3
TextOut Arial, 15, 508, 602, Fontaine Lestang, 3
TextOut Arial, 15, 558, 525, Croix de Pierre, 3
TextOut Arial, 15, 597, 446, St Cyprien, 3
TextOut Arial, 15, 743, 219, St Sernin, 3
TextOut Arial, 15, 931, 61, Bonnefoy, 3
TextOut Arial, 15, 1028, 158, Soupetard, 3
TextOut Arial, 15, 1012, 211, La Coquille, 3
TextOut Arial, 15, 223, 483, Lardenne, 3

PenColor 4FC3DC
Spline 2,597, 20,578, 27,559, 52,543, 70,553, 90,545, 107,523, 100,516, 101,492, 118,488, 128,484, 129,473, 140,468, 142,447, 139,419, 161,387, 160,378, 181,377, 192,364, 201,370, 216,363, 204,338, 219,324, 221,312, 207,300, 209,280, 225,277, 224,262, 236,248, 243,197, 274,212, 278,177, 291,170, 297,149, 293,121, 303,110, 315,69, 325,63, 330,53, 331,37, 358,0, 10
Spline 1082,775, 1086,725, 1071,700, 1071,684, 1056,665, 1038,658, 1026,625, 1008,607, 995,590, 977,524, 969,478, 945,430, 935,412, 933,397, 934,387, 945,283, 947,266, 943,251, 920,203, 900,152, 888,132, 863,111, 838,103, 817,108, 798,106, 766,91, 734,92, 696,112, 635,139, 537,156, 12
Line 557,1, 531,173, 699,253, 700,272, 12
Spline 674,775, 664,727, 660,694, 639,638, 631,610, 657,544, 729,429, 748,372, 739,318, 695,297, 619,285, 549,252, 487,212, 442,159, 412,103, 396,1, 17
Spline 728,775, 729,738, 733,704, 713,658, 709,621, 743,563, 743,499, 764,458, 777,429, 758,406, 758,357, 760,334, 716,290, 682,268, 671,268, 654,270, 622,264, 564,245, 514,223, 479,199, 454,176, 12
Spline 739,450, 755,468, 740,491, 722,471, 736,440, 754,412, 753,397, 752,331, 711,297, 679,280, 664,279, 636,276, 563,252, 17
Spline 513,167, 528,166, 533,177, 514,189, 17
Spline 378,676, 366,683, 370,698, 17

PenColor DBE8EB
BrushColor DBE8EB
Spline 2,597, 20,578, 27,559, 52,543, 70,553, 90,545, 107,523, 100,516, 101,492, 118,488, 128,484, 129,473, 140,468, 142,447, 139,419, 161,387, 160,378, 181,377, 192,364, 201,370, 216,363, 204,338, 219,324, 221,312, 207,300, 209,280, 225,277, 224,262, 236,248, 243,197, 274,212, 278,177, 291,170, 297,149, 293,121, 303,110, 315,69, 325,63, 330,53, 331,37, 358,0, 8
Spline 1082,775, 1086,725, 1071,700, 1071,684, 1056,665, 1038,658, 1026,625, 1008,607, 995,590, 977,524, 969,478, 945,430, 935,412, 933,397, 934,387, 945,283, 947,266, 943,251, 920,203, 900,152, 888,132, 863,111, 838,103, 817,108, 798,106, 766,91, 734,92, 696,112, 635,139, 537,156, 10
Line 557,1, 531,173, 699,253, 700,272, 10
Spline 674,775, 664,727, 660,694, 639,638, 631,610, 657,544, 729,429, 748,372, 739,318, 695,297, 619,285, 549,252, 487,212, 442,159, 412,103, 396,1, 15
Spline 728,775, 729,738, 733,704, 713,658, 709,621, 743,563, 743,499, 764,458, 777,429, 758,406, 758,357, 760,334, 716,290, 682,268, 671,268, 654,270, 622,264, 564,245, 514,223, 479,199, 454,176, 10
Spline 739,450, 755,468, 740,491, 722,471, 736,440, 754,412, 753,397, 752,331, 711,297, 679,280, 664,279, 636,276, 563,252, 15
Spline 513,167, 528,166, 533,177, 514,189, 15
Spline 378,676, 366,683, 370,698, 15
PenColor 4FC3DC
Polygon 110,679, 121,682, 123,686, 117,693, 111,694, 97,693, 88,688, 84,678, 88,675, 94,675, 98,669, 104,671, 110,679
Polygon 1,729, 7,732, 11,730, 38,691, 38,687, 38,681, 35,675, 71,624, 50,626, 41,628, 34,633, 36,642, 32,650, 25,653, 20,661, 17,669, 12,675, 3,673, 1,673
PenColor E8F1DB
BrushColor E8F1DB
Polygon 385,530, 375,469, 429,415, 450,428, 461,453, 427,511
Polygon 541,564, 555,537, 572,548, 550,569
Polygon 646,590, 668,599, 661,610, 678,621, 681,635, 694,638, 700,659, 651,641, 644,621, 643,603
Polygon 822,425, 855,409, 887,378, 894,461
PenColor F0E7F2
BrushColor F0E7F2
Polygon 254,-1, 216,103, 79,33, 85,-1
PenColor C0BFC2
Line 79,34, 31,259, 146,371, 117,436, 135,447, 2
Line 147,457, 214,465, 169,565, 91,592, 149,648, 149,667, 79,771, 2

PenColor 4FC3DC
BrushColor -1
AngleTextOut -80, Arial, 15, 992, 460, Canal, 3
AngleTextOut -80, Arial, 15, 1003, 516, du, 3
AngleTextOut -80, Arial, 15, 1013, 552, midi, 3
AngleTextOut -10, Arial, 15, 604, 264, La Garonne, 3

PenColor FFFFFF
Polygon -5,-5, -5,780, 1215,780, 1215,-5, 10

PenColor F2653F
TextOut Arial, 12, 64, 435, A, 1
PenColor FFCF29
TextOut Arial, 12, 64, 458, "B, C", 1
