Size 1170x1160
Angle 145
;Angle 15

Opaque 25
PenColor E41C0C
AngleTextOut 180, Arial, 20, 626, 561, Черкизовская >>
AngleTextOut 180, Arial, 20, 877, 709, << тупик
AngleTextOut 180, Arial, 25, 808, 632, Бульвар Рокоссовского, 1

PenColor 000000
BrushColor E41C0C
Polygon 554,566, 844,566, 844,588, 554,588
Polygon 554,656, 844,656, 844,680, 554,680

BrushColor 808080
Polygon 844,566, 906,566, 906,598, 844,598
Polygon 844,680, 844,645, 906,645, 906,680
Polygon 554,680, 554,645, 448,645, 448,680
Polygon 554,566, 554,599, 448,599, 448,566
Polygon 358,590, 380,590, 380,654, 358,654
Polygon 996,590, 1020,590, 1020,653, 996,653

;Opaque 25
Line 448,566, 352,566, 352,548, 422,548, 422,520, 352,520, 352,248, 422,248, 422,220, 346,220, 346,150, 316,150, 316,680, 448,680
Line 906,680, 1022,680, 1022,846, 988,846, 988,874, 1094,874, 1094,814, 1058,814, 1058,679, 1068,679, 1068,641, 1076,641, 1076,603, 1068,603, 1068,565, 1060,565, 1060,416, 1120,416, 1120,387, 1022,387, 1022,566, 906,566
Line 346,160, 322,160, 322,216
Line 412,248, 412,224, 356,224
Line 412,548, 412,524, 356,524
Line 464,623, 540,623
Line 466,623, 466,645
Line 538,623, 538,645
Line 1114,416, 1114,391, 1064,391
Line 1022,846, 1060,846, 1060,874
Line 1060,850, 998,850, 998,874

Stairs 538,623, 538,599, 466,623
Stairs 844,645, 844,598, 906,645
Stairs 1060,457, 1022,457, 1060,466
Stairs 1058,698, 1022,698, 1058,708

;Opaque 25
PenColor FF0000
Arrow 982,664, 1036,664
Arrow 394,664, 340,664
PenColor 009900
Arrow 1022,577, 972,577
Arrow 342,577, 396,577

Opaque 100

BrushColor -1
PenColor 00AFAF
AngleTextOut -105, Arial, 20, 173, 344, Открытое шоссе
AngleTextOut -90, Arial, 15, 1184, 572, ул. Подбельского
;AngleTextOut 180, Arial, 15, 1394, 523, Ивантеевская ул.
AngleTextOut 165, Arial, 15, 552, 362, Ивантеевская ул.
AngleTextOut 180, Arial, 15, 663, 806, Ивантеевская ул.
PenColor 000000

;Opaque 100
Stairs 412,224, 412,248, 356,224
Stairs 322,160, 346,160, 322,216
Stairs 412,524, 412,548, 356,524
Stairs 998,850, 998,874, 1060,850
Stairs 1114,391, 1114,416, 1064,391

;Opaque 100
AngleTextOut 180, Arial, 13, 1315, 738, << 5-й пр-д Подбельского, 1
AngleTextOut 255, Arial, 13, 147, 601, Плодоовощной комбинат >>, 1
AngleTextOut 255, Arial, 13, 278, 107, << б-р маршала Рокоссовского, 1

PenColor C7D169
AngleTextOut 180, Arial, 25, 1046, 754, 2, 1
AngleTextOut 165, Arial, 25, 756, 469, 2, 1

PenColor 1E75F7
AngleTextOut 180, Arial, 25, 1032, 754, 4л, 1
AngleTextOut 165, Arial, 25, 742, 465, 4п, 1

PenColor C0C0C0
AngleTextOut 180, Arial, 25, 1005, 754, 7, 1
BrushColor C0C0C0
PenColor FFFFFF
AngleTextOut 165, Arial, 25, 717, 458, 7, 1
BrushColor -1

PenColor 008040
AngleTextOut 180, Arial, 25, 993, 754, 29, 1
AngleTextOut 165, Arial, 25, 703, 455, 29, 1

PenColor 900090
AngleTextOut 180, Arial, 25, 968, 754, 33, 1
BrushColor 900090
PenColor FFFFFF
AngleTextOut 165, Arial, 25, 679, 448, 33, 1
BrushColor -1

PenColor FF48A4
AngleTextOut 180, Arial, 25, 943, 754, 46, 1
BrushColor FF48A4
PenColor FFFFFF
AngleTextOut 165, Arial, 25, 654, 441, 46, 1
BrushColor -1

PenColor 000000
Railway 10, 10, 10, 99,847, 296,113
Railway 10, 10, 10, 86,844, 283,110
Railway 10, 10, 10, 99,847, 144,679, 168,591, 204,456, 226,395, 257,369, 289,364, 343,376, 399,406, 464,474, 510,582, 553,673, 589,706, 665,710, 754,710, 906,709, 1058,709, 1110,709, 1320,709
Railway 10, 10, 10, 531,631, 570,662, 627,666, 696,664, 777,664, 829,664, 871,668, 912,700, 950,709
Railway 10, 10, 10, 1319,695, 1201,695, 1154,695, 1130,695, 1095,691, 1053,661, 1002,608, 955,557, 921,534, 875,519, 774,491, 703,471, 574,435, 463,402, 357,370, 284,354, 237,371, 216,398
Railway 10, 10, 10, 867,517, 842,514, 809,521, 779,519, 742,510, 698,498, 662,484, 643,467, 628,454, 607,444
Railway 10, 10, 10, 554,429, 519,422, 494,428, 480,441, 472,457, 470,478, 479,504
Railway 10, 10, 10, 335,364, 286,346, 262,327, 252,304, 254,270
Railway 10, 10, 10, 325,381, 289,367, 268,357, 249,342, 239,327, 234,310, 236,291, 242,263
Railway 10, 10, 10, 545,659, 584,684, 642,688, 680,688, 784,688, 827,688, 882,688, 912,700
Polygon 917,724, 1049,724, 1049,753, 917,753
Polygon 637,403, 768,439, 760,469, 629,434
Line 256,103, 220,236
Line 206,285, 58,836
Line 172,766, 1151,766
Line 182,156, 16,777
Line 220,236, 1151,486
Line 206,285, 1151,539
Line 172,824, 1151,824
Line 1151,824, 1151,890
Line 1151,539, 1151,766
Line 1200,857, 1201,824
Line 1201,500, 1201,444
Line 1201,766, 1201,554
Line 1151,486, 1152,374

