Size 1138x1230
;Image Metro_warsaw.gif
PenColor 0404A4
TextOut Arial, 50, 825, 13, WARSAW, 1

PenColor 07397D
TextOut Arial, 20, 92, 1088, I linia
PenColor D6221A
TextOut Arial, 20, 92, 1110, II linia
PenColor 056032
TextOut Arial, 20, 92, 1132, III linia - projektowana


; серый город

PenColor DCDCDC
BrushColor DCDCDC
Polygon 355,123, 439,103, 454,138, 479,130, 488,101, 503,112, 609,96, 626,147, 634,143, 642,191, 631,193, 655,273, 628,281, 692,473, 798,453, 839,407, 854,407, 868,418, 865,467, 898,508, 891,550, 913,552, 913,577, 881,599, 965,660, 956,666, 956,702, 978,734, 979,789, 1030,790, 1125,860, 1118,880, 1103,882, 1101,897, 1129,899, 1132,918, 1081,954, 1094,972, 1075,998, 1023,959, 968,981, 876,991, 818,1023, 766,1094, 749,1083, 631,1201, 534,1142, 507,1172, 382,1179, 378,1028, 226,919, 193,845, 121,855, 47,833, 47,753, 84,739, 96,657, 138,646, 149,603, 138,588, 77,576, 118,452, 100,444, 105,305, 132,310, 153,273, 220,265, 238,238, 209,144, 239,118, 331,86
PenColor 000000
BrushColor F2F2F2
Polygon 343,116, 427,96, 442,131, 467,123, 476,94, 491,105, 597,89, 614,140, 622,136, 630,184, 619,186, 643,266, 616,274, 680,466, 786,446, 827,400, 842,400, 856,411, 853,460, 886,501, 879,543, 901,545, 901,570, 869,592, 953,653, 944,659, 944,695, 966,727, 967,782, 1018,783, 1113,853, 1106,873, 1091,875, 1089,890, 1117,892, 1120,911, 1069,947, 1082,965, 1063,991, 1011,952, 956,974, 864,984, 806,1016, 754,1087, 737,1076, 619,1194, 522,1135, 495,1165, 370,1172, 366,1021, 214,912, 181,838, 109,848, 35,826, 35,746, 72,732, 84,650, 126,639, 137,596, 126,581, 65,569, 106,445, 88,437, 93,298, 120,303, 141,266, 208,258, 226,231, 197,137, 227,111, 319,79

; река

PenColor 929ACD
Line 174,119, 192,110, 6
Line 818,1021, 847,1016, 6
Spline 192,110, 207,158, 224,195, 228,241, 246,285, 271,313, 282,325, 288,336, 326,362, 359,385, 387,398, 413,432, 423,467, 441,521, 448,541, 463,562, 473,578, 499,605, 521,640, 534,664, 551,686, 595,696, 631,704, 662,725, 677,755, 683,797, 686,817, 706,842, 747,876, 765,900, 781,922, 806,951, 811,967, 827,983, 840,997, 842,1008, 847,1016, 6
Spline 174,119, 185,145, 199,158, 205,182, 216,212, 218,243, 220,270, 238,290, 256,308, 271,323, 284,338, 287,348, 308,365, 326,378, 345,387, 358,398, 382,408, 394,419, 397,431, 414,453, 420,481, 422,498, 433,524, 448,558, 464,579, 490,605, 514,638, 533,670, 543,684, 564,698, 592,702, 617,702, 643,713, 659,730, 670,764, 675,799, 688,835, 719,864, 734,875, 740,896, 747,913, 763,938, 785,968, 805,997, 818,1021, 6
Spline 495,94, 495,166, 493,229, 477,280, 447,298, 404,319, 400,331, 402,357, 390,371, 357,384, 6
Spline 372,372, 361,376, 352,383, 6
Spline 411,358, 402,357, 6
Spline 411,369, 400,366, 6
Spline 506,580, 495,580, 486,582, 471,582, 6
Spline 502,585, 495,580, 6
Spline 530,694, 529,682, 522,669, 523,650, 6
Spline 553,698, 548,698, 540,704, 536,709, 542,710, 550,708, 557,704, 554,698, 555,693, 6


PenColor ACC0F0
BrushColor ACC0F0
Polygon 173,117, 191,108, 205,154, 224,194, 227,234, 241,279, 283,326, 282,332, 222,273, 218,238, 216,208, 206,179, 201,159, 182,143
Polygon 285,336, 370,390, 386,396, 409,425, 421,462, 418,462, 414,450, 398,432, 395,421, 381,406, 355,397, 344,386, 322,377, 285,346
Polygon 421,459, 446,539, 465,564, 477,583, 501,607, 536,667, 493,607, 450,564, 421,497, 416,460
Polygon 548,687, 618,699, 579,702, 552,693
Polygon 657,722, 670,738, 681,777, 684,815, 703,839, 756,884, 807,954, 812,970, 839,994, 847,1018, 818,1023, 789,973, 741,902, 734,874, 698,847, 682,826, 672,778, 664,742
Polygon 538,708, 551,697, 557,705
Spline 192,110, 207,158, 224,195, 228,241, 246,285, 271,313, 282,325, 288,336, 326,362, 359,385, 387,398, 413,432, 423,467, 441,521, 448,541, 463,562, 473,578, 499,605, 521,640, 534,664, 551,686, 595,696, 631,704, 662,725, 677,755, 683,797, 686,817, 706,842, 747,876, 765,900, 781,922, 806,951, 811,967, 827,983, 840,997, 842,1008, 847,1016, 5
Spline 174,119, 185,145, 199,158, 205,182, 216,212, 218,243, 220,270, 238,290, 256,308, 271,323, 284,338, 287,348, 308,365, 326,378, 345,387, 358,398, 382,408, 394,419, 397,431, 414,453, 420,481, 422,498, 433,524, 448,558, 464,579, 490,605, 514,638, 533,670, 543,684, 564,698, 592,702, 617,702, 643,713, 659,730, 670,764, 675,799, 688,835, 719,864, 734,875, 740,896, 747,913, 763,938, 785,968, 805,997, 818,1021, 5
Spline 495,94, 495,166, 493,229, 477,280, 447,298, 404,319, 400,331, 402,357, 390,371, 357,384, 5
Spline 372,372, 361,376, 352,383, 5
Spline 411,358, 402,357, 5
Spline 411,369, 400,366, 5
Spline 506,580, 495,580, 486,582, 471,582, 5
Spline 502,585, 495,580, 5
Spline 530,694, 529,682, 522,669, 523,650, 5
Spline 553,698, 548,698, 540,704, 536,709, 542,710, 550,708, 557,704, 554,698, 555,693, 5


; улицы
PenColor 808080
Line 687,250, 553,510, 446,584, 424,585, 355,624, 264,662, 162,701, 29,707, 7
Line 783,274, 758,329, 779,504, 761,597, 727,642, 630,627, 610,630, 593,645, 458,701, 378,707, 360,707, 338,693, 7
Line 934,542, 809,536, 808,547, 780,571, 761,597, 7
Line 975,678, 776,664, 702,611, 628,587, 379,673, 299,711, 197,817, 139,842, 128,853, 96,853, 71,869, 7
Line 990,1010, 776,664, 7
Line 897,1018, 887,968, 851,945, 815,913, 802,883, 800,871, 754,785, 750,706, 767,674, 767,658, 7
Line 802,883, 769,866, 727,817, 705,767, 659,704, 618,686, 569,684, 548,666, 502,592, 471,561, 449,522, 7
Line 763,318, 700,307, 655,312, 7
Line 644,333, 576,332, 487,366, 417,400, 381,427, 327,468, 279,533, 279,540, 296,559, 294,657, 310,706, 351,730, 378,730, 7
Line 205,44, 216,49, 291,190, 322,233, 352,309, 423,408, 460,493, 465,515, 489,551, 7
Line 526,524, 510,501, 495,500, 423,534, 397,533, 377,541, 361,553, 351,585, 357,617, 382,672, 7
Line 485,31, 482,111, 483,146, 481,190, 487,235, 471,277, 368,331, 7
Line 134,230, 179,257, 218,316, 250,346, 289,360, 320,384, 352,403, 381,427, 402,481, 429,538, 454,576, 513,650, 541,780, 624,900, 626,931, 641,964, 645,986, 665,1037, 655,1078, 658,1092, 698,1145, 700,1177, 7
Line 78,409, 196,431, 253,453, 313,460, 340,482, 359,521, 365,549, 398,614, 419,676, 428,733, 458,835, 461,857, 7
Line 250,346, 314,460, 7
Line 253,453, 253,464, 243,473, 235,501, 182,568, 195,684, 187,731, 195,747, 190,773, 224,789, 302,814, 354,841, 414,863, 429,863, 444,856, 461,857, 625,912, 7
Line 36,585, 120,606, 187,612, 220,603, 335,622, 374,613, 7
Line 187,987, 302,814, 379,673, 7
Line 291,830, 319,843, 327,841, 351,854, 7
Line 382,672, 378,729, 351,854, 355,881, 352,902, 345,903, 340,893, 343,889, 354,885, 7
Line 264,662, 366,649, 458,618, 477,620, 521,584, 521,571, 499,548, 7
Line 521,571, 543,580, 628,587, 7
Line 530,575, 541,617, 7
Line 628,587, 609,630, 7
Line 659,704, 622,739, 588,758, 564,764, 541,780, 530,813, 522,875, 515,895, 493,911, 466,913, 453,911, 420,890, 415,880, 414,790, 406,736, 455,720, 444,702, 7
Line 455,720, 469,756, 471,829, 453,911, 455,1215, 7
Line 583,898, 530,813, 489,747, 482,746, 469,727, 458,727, 7

PenColor FFFFFF
Line 687,250, 553,510, 446,584, 424,585, 355,624, 264,662, 162,701, 29,707, 6
Line 783,274, 758,329, 779,504, 761,597, 727,642, 630,627, 610,630, 593,645, 458,701, 378,707, 360,707, 338,693, 6
Line 934,542, 809,536, 808,547, 780,571, 761,597, 6
Line 975,678, 776,664, 702,611, 628,587, 379,673, 299,711, 197,817, 139,842, 128,853, 96,853, 71,869, 6
Line 990,1010, 776,664, 6
Line 897,1018, 887,968, 851,945, 815,913, 802,883, 800,871, 754,785, 750,706, 767,674, 767,658, 6
Line 802,883, 769,866, 727,817, 705,767, 659,704, 618,686, 569,684, 548,666, 502,592, 471,561, 449,522, 6
Line 763,318, 700,307, 655,312, 6
Line 644,333, 576,332, 487,366, 417,400, 381,427, 327,468, 279,533, 279,540, 296,559, 294,657, 310,706, 351,730, 378,730, 6
Line 205,44, 216,49, 291,190, 322,233, 352,309, 423,408, 460,493, 465,515, 489,551, 6
Line 526,524, 510,501, 495,500, 423,534, 397,533, 377,541, 361,553, 351,585, 357,617, 382,672, 6
Line 485,31, 482,111, 483,146, 481,190, 487,235, 471,277, 368,331, 6
Line 134,230, 179,257, 218,316, 250,346, 289,360, 320,384, 352,403, 381,427, 402,481, 429,538, 454,576, 513,650, 541,780, 624,900, 626,931, 641,964, 645,986, 665,1037, 655,1078, 658,1092, 698,1145, 700,1177, 6
Line 78,409, 196,431, 253,453, 313,460, 340,482, 359,521, 365,549, 398,614, 419,676, 428,733, 458,835, 461,857, 6
Line 250,346, 314,460, 6
Line 253,453, 253,464, 243,473, 235,501, 182,568, 195,684, 187,731, 195,747, 190,773, 224,789, 302,814, 354,841, 414,863, 429,863, 444,856, 461,857, 625,912, 6
Line 36,585, 120,606, 187,612, 220,603, 335,622, 374,613, 6
Line 187,987, 302,814, 379,673, 6
Line 291,830, 319,843, 327,841, 351,854, 6
Line 382,672, 378,729, 351,854, 355,881, 352,902, 345,903, 340,893, 343,889, 354,885, 6
Line 264,662, 366,649, 458,618, 477,620, 521,584, 521,571, 499,548, 6
Line 521,571, 543,580, 628,587, 6
Line 530,575, 541,617, 6
Line 628,587, 609,630, 6
Line 659,704, 622,739, 588,758, 564,764, 541,780, 530,813, 522,875, 515,895, 493,911, 466,913, 453,911, 420,890, 415,880, 414,790, 406,736, 455,720, 444,702, 6
Line 455,720, 469,756, 471,829, 453,911, 455,1215, 6
Line 583,898, 530,813, 489,747, 482,746, 469,727, 458,727, 6

; ж/д
PenColor 707070
Spline 319,57, 326,95, 348,150, 409,310, 444,391, 448,402, 462,418, 463,445, 475,472, 481,487, 477,501, 452,513, 421,530, 403,531, 366,531, 336,544, 308,564, 303,603, 303,655, 304,671, 311,678, 307,690, 288,705, 262,714, 209,738, 20,835
Spline 816,312, 688,404, 625,448, 600,467, 579,495, 508,550
Spline 816,314, 794,329, 785,358, 801,398, 838,447, 860,478, 879,495, 883,519, 878,535, 867,541, 851,542
Spline 874,490, 888,502, 906,519, 904,535, 893,543, 878,544
Spline 935,548, 834,541, 724,533, 651,533, 622,533, 593,537, 578,542, 565,549
Spline 728,600, 721,593, 713,581, 713,564, 702,545, 680,532, 666,529, 653,532, 640,533
Spline 1000,1015, 938,915, 855,781, 795,684, 759,628, 735,605, 712,590, 691,574, 649,556, 616,543, 599,536, 594,539, 581,549, 573,553, 557,556, 538,564, 526,570, 522,590, 512,608, 491,627, 456,641, 389,663, 342,680, 308,693, 299,698, 279,704, 249,723, 247,731, 256,745, 264,759, 274,768, 299,777, 333,791, 360,798, 370,806, 374,822, 376,919, 386,1074, 396,1212
Spline 268,764, 241,799, 222,824, 207,833, 164,848, 119,866
Spline 183,751, 173,757, 161,765, 139,757, 113,740, 94,730, 82,731, 75,735, 61,739
Spline 13,745, 54,740, 82,734, 127,722, 147,716, 157,709, 173,706, 199,701, 213,695, 216,680, 207,659, 216,612, 220,597, 236,582, 254,568, 277,558, 314,557
Spline 473,468, 480,476, 489,481, 504,492, 532,504, 558,517, 573,526, 576,536, 572,543, 556,556
Spline 480,483, 484,488, 491,492, 501,492, 508,494
Spline 494,485, 486,483, 476,484, 472,489, 470,498, 469,504, 463,508
Spline 470,505, 482,500, 492,496, 499,493, 510,495
