Size 580x430
Image logo.vec, 12, 9
PenColor 0404A4
BrushColor -1
TextOut Arial, 22, 100, 8, СХЕМА ЛИНИЙ МЕТРОПОЛИТЕНА БАКУ, 1
TextOut Arial, 15, 413, 56, Мемар Аджеми
TextOut Arial, 15, 413, 75, Хатаи
PenColor 87CEFF
BrushColor 87CEFF
Polygon 63,427, 85,414, 111,403, 134,396, 159,390, 192,385, 227,382, 263,380, 298,380, 338,381, 372,382, 404,385, 437,390, 466,397, 490,405, 511,414, 533,427
PenColor 5151FB
Spline 63,427, 85,414, 111,403, 134,396, 159,390, 192,385, 227,382, 263,380, 298,380, 338,381, 372,382, 404,385, 437,390, 466,397, 490,405, 511,414, 533,427

PenColor FFFFFF
TextOut Arial, 15, 243, 398, Каспийское море
