Size 60x62
PenColor F70D0D
BrushColor F70D0D

Polygon 26,6, 25,3, 28,4, 30,1, 32,4, 35,3, 34,6, 37,7, 34,9, 35,12, 32,11, 30,14, 28,11, 25,12, 26,9, 23,7, 0.1
Polygon 12,34, 16,34, 24,17, 25,17, 30,27, 35,17, 36,17, 44,34, 48,34, 48,39, 40,39, 35,29, 31,39, 29,39, 25,29, 20,39, 12,39, 0.1

Polygon 51,17, 54,20, 57,27, 58,35, 56,44, 52,51, 47,56, 39,60, 30,61, 21,60, 13,56, 8,51, 4,44, 2,35, 3,27, 6,20, 9,17, 8,20, 7,24, 7,28, 7,33, 9,38, 11,42, 14,45, 17,48, 21,49, 25,51, 30,51, 35,51, 39,49, 43,48, 46,45, 49,42, 51,38, 53,33, 53,28, 53,24, 52,20
;9,16, 6,20, 5,23, 3,27, 2,31, 1,34, 2,39, 3,44, 6,48, 8,51, 11,54, 15,57, 19,59, 23,60, 28,61, 35,61, 39,60, 43,58, 47,56, 51,52, 53,49, 56,46, 57,41, 58,37, 58,32, 57,27, 55,23, 54,20, 51,16, 51,16, 52,20, 53,24, 53,28, 53,33, 52,36, 50,41, 48,43, 45,46, 41,48, 37,50, 32,50, 28,50, 21,49, 17,47, 13,44, 10,41, 9,38, 7,33, 6,28, 6,24, 8,20, 9,16
;PenColor 000000
Spline 11,14, 8,20, 7,28, 9,38, 14,45, 21,49, 30,51, 39,49, 46,45, 51,38, 53,28, 52,20, 49,14
Spline 49,14, 54,20, 57,27, 58,35, 56,44, 52,51, 47,56, 39,60, 30,61, 21,60, 13,56, 8,51, 4,44, 2,35, 3,27, 6,20, 11,14
