Size 1468x1890

; фон
PenColor FFFAEA
BrushColor FFFAEA
Polygon 0,0, 1468,0, 1468,1890, 0,1890

; водоемы
PenColor E2ECEE
BrushColor E2ECEE
Polygon 1468,0, 1468,1890, 304,1890, 324,1862, 363,1821, 405,1790, 442,1768, 472,1776, 519,1802, 546,1808, 567,1776, 554,1728, 543,1688, 544,1658, 582,1620, 622,1582, 654,1554, 714,1520, 780,1485, 818,1460, 826,1443, 825,1412, 816,1388, 861,1456, 886,1473, 918,1478, 946,1474, 960,1467, 957,1452, 930,1422, 890,1372, 882,1344, 891,1322, 921,1287, 946,1276, 972,1294, 996,1338, 1016,1371, 1029,1388, 1032,1406, 1026,1449, 1036,1450, 1053,1434, 1078,1390, 1092,1346, 1094,1275, 1101,1215, 1119,1160, 1154,1113, 1185,1082, 1233,1036, 1298,976, 1335,936, 1347,912, 1344,888, 1328,864, 1294,836, 1248,808, 1188,795, 1114,788, 1077,786, 1068,742, 1050,656, 1035,612, 1029,562, 1032,504, 1047,465, 1179,414, 1290,368, 1358,332, 1384,303, 1404,258, 1422,183, 1436,98, 1437,42, 1428,0
Polygon 1032,504, 970,480, 926,456, 872,436, 812,422, 747,408, 813,412, 874,423, 930,442, 978,456, 1047,465
Polygon 1077,786, 1044,790, 1011,801, 972,818, 934,826, 903,822, 874,812, 838,812, 816,825, 810,861, 795,892, 744,909, 675,915, 616,924, 570,940, 507,969, 453,986, 400,992, 441,986, 513,958, 566,933, 618,914, 669,902, 729,888, 770,872, 777,848, 784,816, 808,795, 862,794, 908,800, 939,801, 970,801, 1005,788, 1068,742

PenColor 76C6E0
Spline 1428,0, 1437,42, 1436,98, 1422,183, 1404,258, 1384,303, 1358,332, 1290,368, 1179,414, 1047,465
Spline 1047,465, 978,456, 930,442, 874,423, 813,412, 747,408
Spline 747,408, 812,422, 872,436, 926,456, 970,480, 1032,504
Spline 1032,504, 1029,562, 1035,612, 1050,656, 1068,742
Spline 1068,742, 1005,788, 970,801, 939,801, 908,800, 862,794, 808,795, 784,816, 777,848, 770,872, 729,888, 669,902, 618,914, 566,933, 513,958, 441,986, 370,990
Spline 370,990, 400,992, 453,986, 507,969, 570,940, 616,924, 675,915, 744,909, 795,892, 810,861, 816,825, 838,812, 874,812, 903,822, 934,826, 972,818, 1011,801, 1044,790, 1077,786, 1114,788, 1188,795, 1248,808, 1294,836, 1328,864, 1344,888, 1347,912, 1335,936, 1298,976, 1233,1036, 1185,1082, 1154,1113, 1119,1160, 1101,1215, 1094,1275, 1092,1346, 1078,1390, 1053,1434, 1036,1450, 1026,1449, 1032,1406, 1029,1388, 1016,1371, 996,1338, 972,1294, 946,1276, 921,1287, 891,1322, 882,1344, 890,1372, 930,1422, 957,1452, 960,1467, 946,1474, 918,1478, 886,1473, 861,1456, 816,1388
Spline 816,1388, 825,1412, 826,1443, 818,1460, 780,1485, 714,1520, 654,1554, 622,1582, 582,1620, 544,1658, 543,1688, 554,1728, 567,1776, 546,1808, 519,1802, 472,1776, 442,1768, 405,1790, 363,1821, 324,1862, 304,1890

BrushColor -1
AngleTextOut 0, Arial, 25, 1032, 476, Hawksbury, 2
AngleTextOut 0, Arial, 25, 1056, 492, River, 2
AngleTextOut 0, Arial, 25, 1032, 760, Sydney Harbour, 2
AngleTextOut 0, Arial, 25, 912, 1330, Botany, 2
AngleTextOut 0, Arial, 25, 942, 1354, Bay, 2

; надпись
PenColor 040464
AngleTextOut 0, Arial, 51, 525, -2, Sydney, 1
AngleTextOut 0, Arial, 20, 998, 297, HUNTER, 1
AngleTextOut 0, Arial, 20, 996, 315, VALLEY, 1
AngleTextOut 0, Arial, 20, 1088, 380, CENTRAL, 1
AngleTextOut 0, Arial, 20, 1106, 398, COAST, 1
AngleTextOut 0, Arial, 20, 370, 789, SYDNEY, 1
AngleTextOut 0, Arial, 20, 344, 807, SUBURBAN, 1
AngleTextOut 0, Arial, 20, 398, 826, AREA, 1
AngleTextOut 0, Arial, 20, 156, 1768, SOUTHERN, 1
AngleTextOut 0, Arial, 20, 147, 1786, HIGHLANDS, 1
AngleTextOut 0, Arial, 20, 346, 1806, SOUTH, 1
AngleTextOut 0, Arial, 20, 346, 1824, COAST, 1

