Size 490x1000
Angle 80

;пути
PenColor 000000
BrushColor 4B7D43
Polygon -69,470, -69,440, 381,440, 381,470
Polygon -69,580, -69,550, 381,550, 381,580

BrushColor -1
PenColor 4B7D43
AngleTextOut 0, Arial, 20, -71, 414, << Yunus Rajabiy
AngleTextOut 0, Arial, 20, 308, 580, Minor >>
AngleTextOut 0, Arial, 25, 74, 494, Abdulla Qodiriy, 1

; правый вестибюль

PenColor 000000
Line 394,535, 394,539, 381,539, 381,550
Line 381,470, 381,480, 394,480, 394,492, 447,492, 447,446, 513,446, 513,453, 527,453, 527,335
Line 544,335, 544,385, 716,385
Line 716,402, 550,402, 550,612, 716,612
Line 716,629, 544,629, 544,679
Line 527,679, 527,565, 513,565, 513,572, 447,572, 447,535
Stairs 714,402, 714,385, 668,402
Stairs 714,612, 714,629, 668,612
Stairs 544,337, 527,337, 544,383
Stairs 544,677, 527,677, 544,631
Stairs 443,492, 443,511, 397,492

BrushColor D0D0D0
Polygon 513,531, 513,488, 527,488, 527,531



; эскалатор 3 гор
PenColor 7F7F7F
Stairs 449,532, 449,514, 391,532
PenColor 000000
BrushColor 9B5509
Polygon 456,511, 456,514, 387,514, 387,511
Polygon 456,521, 456,525, 387,525, 387,521
Polygon 456,532, 387,532, 387,535, 456,535

; левый вестибюль

PenColor 000000
Line -69,550, -69,540, -121,540, -121,571, -188,571, -188,564, -201,564, -201,610, -151,610
Line -151,627, -223,627, -223,406, -273,406
Line -273,389, -151,389
Line -151,406, -201,406, -201,452, -187,452, -187,445, -121,445, -121,480, -69,480, -69,470
Stairs -73,480, -73,540, -119,480
Stairs -153,610, -153,627, -199,610
Stairs -271,406, -271,389, -225,406
Stairs -153,406, -153,389, -199,406

BrushColor D0D0D0
Polygon -201,530, -201,487, -187,487, -187,530

;названия улиц голубым

BrushColor -1
PenColor 00AFAF
AngleTextOut 0, Arial, 15, 575, 498, проспект Амира Тимура
AngleTextOut -90, Arial, 15, 628, 195, улица Абдуллы Кадыри
AngleTextOut -90, Arial, 15, -120, 638, Алайский базар
Arrow -142,639, -142,699
