Size 400x1000
Angle -90

;пути
PenColor 000000
BrushColor 2D3C9B
Polygon 392,439, 392,469, -58,469, -58,439
Polygon 392,329, 392,359, -58,359, -58,329

BrushColor -1
PenColor 2D3C9B
AngleTextOut 0, Arial, 20, -57, 305, << тупик
AngleTextOut 0, Arial, 20, 301, 469, Tinchlik >>
AngleTextOut 0, Arial, 25, 118, 383, Beruniy, 1

; правый вестибюль

PenColor 000000
Line -58,439, -58,429, -110,429, -110,462, -176,462, -176,455, -191,455, -210,508, -128,538, -152,605
Line -286,500, -151,549, -169,599
Line -280,483, -230,501, -213,454, -213,336, -190,336, -190,343, -176,343, -176,336, -110,336, -110,370, -58,370, -58,359
Stairs -62,370, -62,429, -108,370
Stairs -277,484, -283,501, -233,500
Stairs -168,596, -151,602, -152,552

BrushColor D0D0D0
Polygon -176,377, -176,420, -190,420, -190,377

; левый вестибюль

PenColor 000000
Line 392,359, 392,369, 444,369, 444,338, 511,338, 511,345, 524,345, 524,338, 544,338, 544,460, 520,525, 454,501
Line 460,484, 508,501, 524,457, 510,457, 510,464, 444,464, 444,429, 392,429, 392,439
Stairs 396,429, 396,369, 442,429
Stairs 463,485, 457,502, 505,500

BrushColor D0D0D0
Polygon 524,379, 524,422, 510,422, 510,379

;названия улиц голубым

BrushColor -1
PenColor 00AFAF
AngleTextOut 160, Arial, 15, 689, 490, проспект Беруни
AngleTextOut 70, Arial, 15, -261, 680, улица Фараби
