Size 690x880
Angle 80

; пути
PenColor 000000
BrushColor 4B7D43
Polygon 605,485, 155,485, 155,455, 605,455
Polygon 155,595, 155,565, 605,565, 605,595

BrushColor -1
PenColor 4B7D43
AngleTextOut 0, Arial, 20, 155, 431, << Minor
AngleTextOut 0, Arial, 20, 437, 595, Habib Abdullayev >>
AngleTextOut 0, Arial, 25, 335, 506, Bodomzor, 1

; правый вестибюль

PenColor 000000
Line 810,649, 737,649, 737,581, 723,581, 723,588, 657,588, 657,555, 605,555, 605,565
Line 810,632, 760,632, 760,462, 737,462, 737,469, 723,469, 723,462, 657,462, 657,496, 605,496, 605,485
Stairs 609,496, 609,555, 655,496
Stairs 808,632, 808,649, 762,632

BrushColor D0D0D0
Polygon 737,546, 723,546, 723,503, 737,503

; левый вестибюль

PenColor 000000
Line 73,416, 23,416, 23,467, 37,467, 37,460, 103,460, 103,495, 155,495, 155,485
Line 73,399, 3,399, 3,630, -47,630
Line -47,647, 23,647, 23,579, 36,579, 36,586, 103,586, 103,555, 155,555, 155,565
Stairs 151,495, 151,555, 105,495
Stairs 71,416, 71,399, 25,416
Stairs -45,630, -45,647, 1,630

BrushColor D0D0D0
Polygon 23,502, 37,502, 37,545, 23,545

; Названия улиц голубым
PenColor 00AFAF
BrushColor -1
AngleTextOut 0, Arial, 15, 326, 730, проспект Амира Тимура
AngleTextOut -80, Arial, 15, 44, 153, международный бизнес-центр
AngleTextOut -80, Arial, 15, 328, 102, Ташкент Плаза
AngleTextOut -80, Arial, 15, 692, 113, 'гостиница "Интерконтиненталь"'
AngleTextOut -80, Arial, 15, -111, 274, НБУ
