Size 740x810

Angle 45

;пути
PenColor 000000
BrushColor F52D35
Polygon 199,337, 199,307, 649,307, 649,337
Polygon 199,447, 199,417, 649,417, 649,447

BrushColor -1
PenColor F52D35
AngleTextOut 0, Arial, 20, 199, 282, << Milliy Bog'
AngleTextOut 0, Arial, 20, 551, 447, Paxtakor >>
AngleTextOut 0, Arial, 25, 364, 359, Bunyodkor, 1

; правый вестибюль
;Ellipse 976,1186, 1119,1329
PenColor 000000
Line 662,359, 662,347, 649,347, 649,337
Line 662,394, 662,406, 649,406, 649,417

; эскалатор 3 гор
PenColor 7F7F7F
Stairs 775,391, 775,362, 660,391
PenColor 000000
BrushColor 9B5509
Polygon 782,362, 655,362, 655,359, 782,359
Polygon 782,369, 782,373, 655,373, 655,369
Polygon 782,380, 782,384, 655,384, 655,380
Polygon 782,391, 655,391, 655,394, 782,394

Opaque 85
PenColor FFFFFF
BrushColor FFFFFF
Polygon 674,357, 757,357, 757,397, 674,396
Opaque 100

PenColor 000000
Line 757,359, 757,394
Line 674,359, 674,394

PenColor 000000
Spline 864,339, 874,376, 864,412
Spline 840,436, 812,446, 782,443, 754,427, 735,395, 735,357, 753,325, 780,308, 810,305, 840,315
Line 864,339, 860,342
Line 840,315, 836,318
Line 864,412, 861,409
Line 840,436, 837,433

; турникеты
Line 769,359, 784,344, 804,344, 0.5
Line 784,373, 805,373, 0.5
Line 769,394, 784,409, 804,409, 0.5
PenColor 009900
Stairs 811,373, 806,373, 811,344
PenColor FF0000
Stairs 806,377, 811,377, 806,410



; левый вестибюль

PenColor 000000
Line -79,346, 16,441, 44,413, 44,312, 67,312, 67,319, 81,319, 81,312, 147,312, 147,347, 199,347, 199,337
Line -91,358, 7,456, -66,529
Line 154,523, 67,436, 80,436, 80,443, 147,443, 147,407, 199,407, 199,417
Line 142,535, 47,440, -54,541
Stairs 195,347, 195,407, 149,347
Stairs -90,359, -78,347, -57,392
Stairs -65,528, -53,540, -32,495
Stairs 153,522, 141,534, 124,493

BrushColor D0D0D0
Polygon 67,354, 81,354, 81,397, 67,397


;названия улиц голубым

BrushColor -1
PenColor 00AFAF
AngleTextOut -45, Arial, 15, 278, 145, Узбекистанский проспект
AngleTextOut 45, Arial, 15, -25, 563, улица Фурката
