Size 1180x650
Angle 25

; пути
PenColor 000000
BrushColor F52D35
Polygon 893,345, 443,345, 443,315, 893,315
Polygon 443,455, 443,425, 893,425, 893,455

BrushColor -1
PenColor F52D35
AngleTextOut 0, Arial, 20, 448, 291, << Pushkin
AngleTextOut 0, Arial, 20, 818, 455, тупик >>
AngleTextOut 0, Arial, 25, 581, 368, Buyuk Ipak Yo'li, 1

; правый вестибюль

PenColor 000000
Line 1098,492, 1048,492, 1048,276, 1144,276
Line 1144,259, 1025,259, 1025,329, 1011,329, 1011,322, 945,322, 945,355, 893,355, 893,345
Line 1098,509, 1025,509, 1025,441, 1011,441, 1011,448, 945,448, 945,414, 893,414, 893,425
Stairs 897,414, 897,355, 943,414
Stairs 1096,492, 1096,509, 1050,492

BrushColor D0D0D0
Polygon 1025,364, 1011,364, 1011,407, 1025,407

; левый вестибюль

PenColor 000000
Line 244,508, 244,490, 288,490, 288,277, 212,277, 74,139, 46,167
Line 361,277, 311,277, 311,327, 325,327, 325,320, 391,320, 391,355, 443,355, 443,345
Line 262,508, 337,508
Line 355,508, 355,490, 311,490, 311,439, 324,439, 324,446, 391,446, 391,415, 443,415, 443,425
Line 361,259, 220,259, 178,217, 215,180
Line 202,167, 165,204, 135,174, 172,137
Line 159,124, 122,161, 74,113, 33,154
Stairs 439,355, 439,415, 393,355
Stairs 288,488, 311,488, 288,466
Stairs 286,508, 286,490, 264,508
Stairs 313,508, 313,490, 335,508
Stairs 359,277, 359,259, 313,277
Stairs 200,169, 213,182, 167,202
Stairs 170,139, 157,126, 137,172
Stairs 48,165, 35,152, 72,141
Stairs 1142,276, 1142,259, 1096,276
BrushColor D0D0D0
Polygon 311,362, 325,362, 325,405, 311,405

; Названия улиц голубым
PenColor 00AFAF
BrushColor -1
AngleTextOut 0, Arial, 15, 118, 378, проспект Мустакиллик
AngleTextOut 0, Arial, 15, 1067, 372, проспект Мустакиллик
AngleTextOut 45, Arial, 15, 218, 68, проспект Мирзо Улугбека
PenColor 000000
