Size 890x950
Angle 50

; пути
PenColor 000000
BrushColor F52D35
Polygon 675,497, 225,497, 225,467, 675,467
Polygon 225,607, 225,577, 675,577, 675,607

BrushColor -1
PenColor F52D35
AngleTextOut 0, Arial, 20, 225, 442, << Olmazor
AngleTextOut 0, Arial, 20, 522, 607, Mirzo Ulug'bek >>
AngleTextOut 0, Arial, 25, 392, 519, Chilonzor, 1

; правый вестибюль

PenColor 000000
Line 757,285, 807,285, 807,481, 793,481, 793,474, 727,474, 727,507, 675,507, 675,497
Line 880,285, 830,285, 830,658, 880,658
Line 757,658, 807,658, 807,593, 793,593, 793,600, 727,600, 727,566, 675,566, 675,577
Line 757,268, 880,268
Line 757,675, 880,675
Stairs 679,566, 679,507, 725,566
Stairs 878,285, 878,268, 832,285
Stairs 878,658, 878,675, 832,658
Stairs 759,658, 759,675, 805,658
Stairs 759,285, 759,268, 805,285

BrushColor D0D0D0
Polygon 807,516, 793,516, 793,559, 807,559

; левый вестибюль

PenColor 000000
Line 143,285, 93,285, 93,481, 107,481, 107,474, 173,474, 173,507, 225,507, 225,497
Line 20,285, 70,285, 70,658, 20,658
Line 143,658, 93,658, 93,593, 107,593, 107,600, 173,600, 173,566, 225,566, 225,577
Line 143,268, 20,268
Line 143,675, 20,675
Stairs 221,566, 221,507, 175,566
Stairs 22,285, 22,268, 68,285
Stairs 22,658, 22,675, 68,658
Stairs 141,658, 141,675, 95,658
Stairs 141,285, 141,268, 95,285

BrushColor D0D0D0
Polygon 93,516, 107,516, 107,559, 93,559


; Названия улиц голубым
PenColor 00AFAF
BrushColor -1
AngleTextOut 0, Arial, 15, 853, 526, проспект Бунёдкор
AngleTextOut -90, Arial, 15, 473, 115, Малая кольцевая автодорога
