Size 910x680
Angle 25

;пути
PenColor 000000
BrushColor 2D3C9B
Polygon 261,218, 261,188, 711,188, 711,218
Polygon 261,328, 261,298, 711,298, 711,328

BrushColor -1
PenColor 2D3C9B
AngleTextOut 0, Arial, 20, 259, 162, << Tinchlik
AngleTextOut 0, Arial, 20, 569, 328, G'afur G'ulom >>
AngleTextOut 0, Arial, 25, 452, 244, Chorsu, 1

; правый вестибюль

PenColor 000000
Line 724,240, 724,228, 711,228, 711,218
Line 724,275, 724,287, 711,287, 711,298

; эскалатор 3 гор
PenColor 7F7F7F
Stairs 814,272, 814,243, 721,272
PenColor 000000
BrushColor 9B5509
Polygon 821,243, 717,243, 717,240, 821,240
Polygon 821,250, 821,254, 717,254, 717,250
Polygon 821,261, 821,265, 717,265, 717,261
Polygon 821,272, 717,272, 717,275, 821,275

Opaque 85
PenColor FFFFFF
BrushColor FFFFFF
Polygon 811,238, 811,277, 786,277, 766,257, 785,238
Opaque 100

Line 811,240, 811,275
Line 795,210, 791,210, 791,201, 865,201, 879,187, 905,187, 919,201, 948,201, 948,224, 982,258, 948,292, 948,314, 919,314, 905,328, 879,328, 865,314, 791,314, 791,305, 795,305
Line 795,222, 791,222, 791,232, 766,257, 791,282, 791,293, 795,293

; левый вестибюль

PenColor 000000
Line 261,298, 261,288, 209,288, 209,319, 142,319, 142,312, 129,312, 129,348, 47,348, 47,355, 97,355
Line 97,375, 20,375, 20,343, -30,343
Line -30,326, 107,326, 107,193, 129,193, 129,200, 143,200, 143,193, 209,193, 209,228, 261,228, 261,218
Stairs 257,228, 257,288, 211,228
Stairs 95,355, 95,375, 49,355
Stairs -28,343, -28,326, 18,343

BrushColor D0D0D0
Polygon 129,278, 129,235, 143,235, 143,278

;названия улиц голубым

BrushColor -1
PenColor 00AFAF
AngleTextOut 0, Arial, 15, 252, -17, продуктовый рынок
AngleTextOut 0, Arial, 15, -47, 460, вещевой рынок
AngleTextOut 0, Arial, 15, 475, 469, '"Детский мир"'
AngleTextOut 50, Arial, 15, 88, 502, "Мечеть, медресе"
Arrow 176,433, 102,521
