Size 900x520
Angle -25

; пути
PenColor 000000
BrushColor 2D3C9B
Polygon 676,246, 226,246, 226,216, 676,216
Polygon 226,356, 226,326, 676,326, 676,356

BrushColor -1
PenColor 2D3C9B
AngleTextOut 0, Arial, 20, 231, 192, << Mashinasozlar
AngleTextOut 0, Arial, 20, 601, 356, тупик >>
AngleTextOut 0, Arial, 25, 406, 267, Do'stlik, 1

; правый вестибюль

PenColor 000000
Line 881,162, 808,162, 808,230, 794,230, 794,223, 728,223, 728,256, 676,256, 676,246
Line 881,179, 831,179, 831,349, 808,349, 808,342, 794,342, 794,349, 728,349, 728,315, 676,315, 676,326
Stairs 680,315, 680,256, 726,315
Stairs 879,179, 879,162, 833,179

BrushColor D0D0D0
Polygon 808,265, 794,265, 794,308, 808,308

; левый вестибюль

PenColor 000000
Line 144,177, 94,177, 94,228, 108,228, 108,221, 174,221, 174,256, 226,256, 226,246
Line 144,160, 74,160, 74,408, 144,408
Line 144,391, 94,391, 94,340, 107,340, 107,347, 174,347, 174,316, 226,316, 226,326
Stairs 222,256, 222,316, 176,256
Stairs 142,177, 142,160, 96,177
Stairs 142,391, 142,408, 96,391

BrushColor D0D0D0
Polygon 94,263, 108,263, 108,306, 94,306

; Названия улиц голубым
PenColor 00AFAF
BrushColor -1
AngleTextOut 40, Arial, 15, 277, 138, улица Карасу-2
AngleTextOut 0, Arial, 15, -22, 273, улица Элбек
AngleTextOut 0, Arial, 15, 844, 272, улица Алимкент
