Size 1050x840
Angle 30

; пути
PenColor 000000
BrushColor F52D35
Polygon 824,356, 374,356, 374,326, 824,326
Polygon 374,466, 374,436, 824,436, 824,466

BrushColor -1
PenColor F52D35
AngleTextOut 0, Arial, 20, 374, 302, << Amir Temur Xiyoboni
AngleTextOut 0, Arial, 20, 732, 466, Pushkin >>
AngleTextOut 0, Arial, 25, 498, 379, Hamid Olimjon, 1

; правый вестибюль

PenColor 000000
Line 1054,275, 1004,275, 1004,503, 1054,503
Line 1054,258, 981,258, 981,339, 967,339, 967,333, 901,333, 901,378
Line 837,378, 837,366, 824,366, 824,356
Line 1054,520, 981,520, 981,453, 967,453, 967,459, 901,459, 901,413
Line 837,413, 837,425, 824,425, 824,436
Stairs 1052,275, 1052,258, 1006,275
Stairs 1052,503, 1052,520, 1006,503

BrushColor D0D0D0
Polygon 981,375, 967,375, 967,418, 981,418

; эскалатор 3 гор
PenColor 7F7F7F
Stairs 903,410, 903,381, 834,410
PenColor 000000
BrushColor 9B5509
Polygon 910,381, 830,381, 830,378, 910,378
Polygon 910,388, 910,392, 830,392, 830,388
Polygon 910,399, 910,403, 830,403, 830,399
Polygon 910,410, 830,410, 830,413, 910,413


; левый вестибюль

PenColor 000000
Line 361,376, 361,366, 374,366, 374,356
Line 361,411, 361,426, 374,426, 374,436
Line 128,273, 178,273, 178,518, 259,518
Line 251,273, 201,273, 201,337, 215,337, 215,331, 281,331, 281,376
Line 128,256, 251,256
Line 259,501, 201,501, 201,451, 215,451, 215,457, 281,457, 281,411
Stairs 130,273, 130,256, 176,273
Stairs 257,501, 257,518, 211,501
Stairs 249,273, 249,256, 203,273

BrushColor D0D0D0
Polygon 201,373, 215,373, 215,416, 201,416

; эскалатор 3 гор
PenColor 7F7F7F
Stairs 363,408, 363,379, 277,408
PenColor 000000
BrushColor 9B5509
Polygon 370,379, 272,379, 272,376, 370,376
Polygon 370,386, 370,390, 272,390, 272,386
Polygon 370,397, 370,401, 272,401, 272,397
Polygon 370,408, 272,408, 272,411, 370,411

; Названия улиц голубым
PenColor 00AFAF
BrushColor -1
AngleTextOut 0, Arial, 15, 22, 384, проспект Мустакиллик
AngleTextOut -90, Arial, 15, 127, 476, улица Хамидуллы Орипова
AngleTextOut -90, Arial, 15, -37, 410, улица Абдуллы Кадыри
PenColor 000000
