Size 740x890
Angle 55

; пути
PenColor 000000
BrushColor F52D35
Polygon 597,403, 147,403, 147,373, 597,373
Polygon 147,513, 147,483, 597,483, 597,513

BrushColor -1
PenColor F52D35
AngleTextOut 0, Arial, 20, 152, 349, << Mirzo Ulug'bek
AngleTextOut 0, Arial, 20, 489, 513, Milliy Bog' >>
AngleTextOut 0, Arial, 25, 355, 426, Hamza, 1

; правый вестибюль

PenColor 000000
Line 679,322, 729,322, 729,387, 715,387, 715,380, 649,380, 649,413, 597,413, 597,403
Line 802,322, 752,322, 752,564, 802,564
Line 679,564, 729,564, 729,499, 715,499, 715,506, 649,506, 649,472, 597,472, 597,483
Line 679,305, 802,305
Line 679,581, 802,581
Stairs 601,472, 601,413, 647,472
Stairs 800,322, 800,305, 754,322
Stairs 800,564, 800,581, 754,564
Stairs 681,564, 681,581, 727,564
Stairs 681,322, 681,305, 727,322

BrushColor D0D0D0
Polygon 729,422, 715,422, 715,465, 729,465

; левый вестибюль

PenColor 000000
Line 65,322, 15,322, 15,387, 29,387, 29,380, 95,380, 95,413, 147,413, 147,403
Line -58,322, -8,322, -8,564, -58,564
Line 65,564, 15,564, 15,499, 29,499, 29,506, 95,506, 95,472, 147,472, 147,483
Line 65,305, -58,305
Line 65,581, -58,581
Stairs 143,472, 143,413, 97,472
Stairs -56,322, -56,305, -10,322
Stairs -56,564, -56,581, -10,564
Stairs 63,564, 63,581, 17,564
Stairs 63,322, 63,305, 17,322

BrushColor D0D0D0
Polygon 15,422, 29,422, 29,465, 15,465


; Названия улиц голубым
PenColor 00AFAF
BrushColor -1
AngleTextOut 0, Arial, 15, 775, 432, проспект Бунёдкор
AngleTextOut -90, Arial, 15, 395, 152, улица Мукими
