Size 1070x680
Angle -17

;пути
PenColor 000000
BrushColor 2D3C9B
Polygon 293,224, 293,194, 743,194, 743,224
Polygon 293,334, 293,304, 743,304, 743,334

BrushColor -1
PenColor 2D3C9B
AngleTextOut 0, Arial, 20, 291, 168, << O'zbekiston
AngleTextOut 0, Arial, 20, 662, 334, Oybek >>
AngleTextOut 0, Arial, 25, 436, 248, Kosmonavtlar, 1

; правый вестибюль

PenColor 000000
Line 743,224, 743,234, 795,234, 795,201, 861,201, 861,208, 875,208, 875,140, 948,140
Line 948,157, 898,157, 898,336, 875,336, 875,320, 861,320, 861,327, 795,327, 795,293, 743,293, 743,304
Stairs 747,293, 747,234, 793,293
Stairs 946,157, 946,140, 900,157

BrushColor D0D0D0
Polygon 861,286, 861,243, 875,243, 875,286

; левый вестибюль

PenColor 000000
Line 293,304, 293,294, 241,294, 241,325, 174,325, 174,318, 161,318, 161,368, 211,368
Line 211,388, 141,388, 141,157, 91,157
Line 91,140, 161,140, 161,206, 175,206, 175,199, 241,199, 241,234, 293,234, 293,224
Stairs 289,234, 289,294, 243,234
Stairs 209,368, 209,388, 163,368
Stairs 93,157, 93,140, 139,157

BrushColor D0D0D0
Polygon 161,284, 161,241, 175,241, 175,284

;названия улиц голубым

BrushColor -1
PenColor 00AFAF
AngleTextOut 0, Arial, 15, -40, 253, улица Космонавтов
AngleTextOut 0, Arial, 15, 952, 283, улица Афросиаб
AngleTextOut 90, Arial, 15, 892, 77, проспект Шарафа Рашидова
AngleTextOut 90, Arial, 15, 888, 572, улица Юсуфа Хос Ходжиба
AngleTextOut -50, Arial, 15, 949, 453, улица Мирабад
