Size 500x750
Angle 55

; пути
PenColor 000000
BrushColor F52D35
Polygon 342,378, -108,378, -108,348, 342,348
Polygon -108,488, -108,458, 342,458, 342,488

BrushColor -1
PenColor F52D35
AngleTextOut 0, Arial, 20, -103, 324, << Novza
AngleTextOut 0, Arial, 20, 224, 488, Bunyodkor >>
AngleTextOut 0, Arial, 25, 100, 401, Milliy Bog', 1

; правый вестибюль

PenColor 000000
Line 547,280, 497,280, 497,170, 547,170
Line 424,297, 474,297, 474,362, 460,362, 460,355, 394,355, 394,388, 342,388, 342,378
Line 547,297, 497,297, 497,481, 474,481, 474,474, 460,474, 460,481, 394,481, 394,447, 342,447, 342,458
Line 424,280, 474,280, 474,170, 424,170
Line 424,153, 547,153
Stairs 346,447, 346,388, 392,447
Stairs 545,170, 545,153, 499,170
Stairs 545,280, 545,297, 499,280
Stairs 426,280, 426,297, 472,280
Stairs 426,170, 426,153, 472,170

BrushColor D0D0D0
Polygon 474,397, 460,397, 460,440, 474,440

; левый вестибюль

PenColor 000000
Line -108,378, -108,393, -3,393, -3,443, -108,443, -108,458

; Названия улиц голубым
PenColor 00AFAF
BrushColor -1
AngleTextOut 0, Arial, 15, 182, 201, проспект Бунёдкор
