Size 970x870
Angle 50

; пути
PenColor 000000
BrushColor F52D35
Polygon 654,327, 204,327, 204,297, 654,297
Polygon 204,437, 204,407, 654,407, 654,437

BrushColor -1
PenColor F52D35
AngleTextOut 0, Arial, 20, 209, 273, << Chilonzor
AngleTextOut 0, Arial, 20, 570, 437, Novza >>
AngleTextOut 0, Arial, 25, 371, 349, Mirzo Ulug'bek, 1

; правый вестибюль

PenColor 000000
Line 736,246, 786,246, 786,311, 772,311, 772,304, 706,304, 706,337, 654,337, 654,327
Line 859,246, 809,246, 809,488, 859,488
Line 736,488, 786,488, 786,423, 772,423, 772,430, 706,430, 706,396, 654,396, 654,407
Line 736,229, 859,229
Line 736,505, 859,505
Stairs 658,396, 658,337, 704,396
Stairs 857,246, 857,229, 811,246
Stairs 857,488, 857,505, 811,488
Stairs 738,488, 738,505, 784,488
Stairs 738,246, 738,229, 784,246

BrushColor D0D0D0
Polygon 786,346, 772,346, 772,389, 786,389

; левый вестибюль

PenColor 000000
Line 122,246, 72,246, 72,311, 86,311, 86,304, 152,304, 152,337, 204,337, 204,327
Line -1,246, 49,246, 49,488, -1,488
Line 122,488, 72,488, 72,423, 86,423, 86,430, 152,430, 152,396, 204,396, 204,407
Line 122,229, -1,229
Line 122,505, -1,505
Stairs 200,396, 200,337, 154,396
Stairs 1,246, 1,229, 47,246
Stairs 1,488, 1,505, 47,488
Stairs 120,488, 120,505, 74,488
Stairs 120,246, 120,229, 74,246

BrushColor D0D0D0
Polygon 72,346, 86,346, 86,389, 72,389


; Названия улиц голубым
PenColor 00AFAF
BrushColor -1
AngleTextOut 0, Arial, 15, 832, 356, проспект Бунёдкор
AngleTextOut -90, Arial, 15, 452, 76, улица Чапаната
AngleTextOut -50, Arial, 15, 836, 540, парк имени Гафура Гуляма
