Size 800x580
Angle -20

;пути
PenColor 000000
BrushColor F52D35
Polygon 232,210, 232,180, 682,180, 682,210
Polygon 232,320, 232,290, 682,290, 682,320

BrushColor -1
PenColor F52D35
AngleTextOut 0, Arial, 20, 232, 156, << Paxtakor
AngleTextOut 0, Arial, 20, 485, 321, Amir Temur Xiyoboni >>
AngleTextOut 0, Arial, 25, 348, 233, Mustaqillik Maydoni, 1

; правый вестибюль

PenColor 000000
Line 682,210, 682,220, 770,220, 770,349, 830,349, 830,419, 758,419, 758,415
Line 742,415, 742,419, 681,419, 681,481, 623,481, 623,349, 734,349, 734,279, 682,279, 682,290
Stairs 686,279, 686,220, 732,279

; левый вестибюль

PenColor 000000
Line 232,290, 232,280, 180,280, 180,311, 113,311, 113,304, 100,304, 100,321, 80,321, 80,141, 30,141
Line 150,141, 100,141, 100,192, 114,192, 114,185, 180,185, 180,220, 232,220, 232,210
Line 150,124, 30,124
Stairs 228,220, 228,280, 182,220
Stairs 148,141, 148,124, 102,141
Stairs 32,141, 32,124, 78,141

BrushColor D0D0D0
Polygon 100,270, 100,227, 114,227, 114,270

;названия улиц голубым

BrushColor -1
PenColor 00AFAF
AngleTextOut 90, Arial, 15, 533, 505, улица Буюк Турон
AngleTextOut 90, Arial, 15, 81, 568, проспект Шарафа Рашидова
