Size 760x1100
Angle 90

; пути
PenColor 000000
BrushColor F52D35
Polygon 494,728, 44,728, 44,698, 494,698
Polygon 44,838, 44,808, 494,808, 494,838

BrushColor -1
PenColor F52D35
AngleTextOut 0, Arial, 20, 49, 674, << тупик
AngleTextOut 0, Arial, 20, 388, 838, Chilonzor >>
AngleTextOut 0, Arial, 25, 211, 750, Olmazor, 1

; правый вестибюль

PenColor 000000
Line 626,647, 626,712, 612,712, 612,705, 546,705, 546,738, 494,738, 494,728
Line 649,647, 649,889, 699,889
Line 576,889, 626,889, 626,824, 612,824, 612,831, 546,831, 546,797, 494,797, 494,808
Line 576,906, 699,906
Line 564,555, 514,537
Line 570,538, 520,520
Line 695,524, 759,447, 795,477
Line 806,464, 770,434, 791,409, 827,439
Line 838,426, 802,396, 826,367, 865,400
Line 898,361, 859,328, 876,308, 919,313
Line 921,296, 880,291, 830,249
Line 819,262, 855,292, 675,507
Line 837,354, 876,387, 890,370, 860,345
Line 874,371, 844,346, 859,328
Spline 695,524, 712,559, 708,599, 685,631, 649,647
Spline 626,647, 598,637, 576,616, 564,588, 564,555
Spline 570,538, 589,515, 614,501, 645,497, 675,507
Stairs 498,797, 498,738, 544,797
Stairs 697,889, 697,906, 651,889
Stairs 578,889, 578,906, 624,889
Stairs 514,537, 520,520, 556,552
Stairs 806,464, 795,477, 770,434
Stairs 838,426, 827,439, 802,396
Stairs 874,385, 863,398, 837,354
Stairs 921,296, 919,313, 880,291
Stairs 819,262, 830,249, 855,292

BrushColor D0D0D0
Polygon 626,747, 612,747, 612,790, 626,790

; левый вестибюль

PenColor 000000
Line -161,889, -111,889, -111,712, -74,712, -74,705, -8,705, -8,738, 44,738, 44,728
Line -38,889, -88,889, -88,824, -74,824, -74,831, -8,831, -8,797, 44,797, 44,808
Line -38,906, -161,906
Stairs 40,797, 40,738, -6,797
Stairs -159,889, -159,906, -113,889
Stairs -40,889, -40,906, -86,889

BrushColor D0D0D0
Polygon -88,747, -74,747, -74,790, -88,790


; Названия улиц голубым
PenColor 00AFAF
BrushColor -1
AngleTextOut -40, Arial, 15, 591, 255, проспект Бунёдкор
AngleTextOut -135, Arial, 15, 36, 289, улица Гавхар
AngleTextOut -90, Arial, 15, 897, 180, Автовокзал
