Size 980x1300
Angle 40

; перекресток
PenColor F5F5F5
BrushColor F5F5F5
Line -776,461, 1307,460, 50
Line 287,-383, 286,1398, 50

; Ming O'rik

; пути
PenColor 000000
BrushColor 4B7D43
Polygon 891,456, 441,456, 441,426, 891,426
Polygon 441,566, 441,536, 891,536, 891,566

BrushColor -1
PenColor 4B7D43
AngleTextOut 0, Arial, 20, 446, 402, << тупик
AngleTextOut 0, Arial, 20, 744, 566, Yunus Rajabiy >>
AngleTextOut 0, Arial, 25, 553, 485, Ming O'rik, 1

; правый вестибюль

PenColor 000000
PenColor 000000
Line 1121,375, 1071,375, 1071,603, 1121,603
Line 1121,358, 1048,358, 1048,433, 968,433, 968,478
Line 904,478, 904,466, 891,466, 891,456
Line 1121,620, 1048,620, 1048,559, 968,559, 968,513
Line 904,513, 904,525, 891,525, 891,536
Stairs 1119,375, 1119,358, 1073,375
Stairs 1119,603, 1119,620, 1073,603

BrushColor D0D0D0
Polygon 1048,475, 1034,475, 1034,518, 1048,518

; эскалатор 3 гор
PenColor 7F7F7F
Stairs 970,510, 970,481, 901,510
PenColor 000000
BrushColor 9B5509
Polygon 977,481, 897,481, 897,478, 977,478
Polygon 977,488, 977,492, 897,492, 897,488
Polygon 977,499, 977,503, 897,503, 897,499
Polygon 977,510, 897,510, 897,513, 977,513

; кассы
BrushColor FFFFFF
Polygon 1015,568, 1015,559, 1041,559, 1041,568
BrushColor -1
AngleTextOut 0, Arial, 10, 1016, 557, кассы

; турникеты
Polygon 1001,498, 1001,492, 1007,492, 1007,498
PenColor 009900
Stairs 1006,555, 1001,555, 1006,502
PenColor FF0000
Stairs 1002,437, 1007,437, 1002,490


; левый вестибюль

PenColor 000000
Line 428,476, 428,466, 441,466, 441,456
Line 428,511, 428,526, 441,526, 441,536

; эскалатор 3 гор
PenColor 7F7F7F
Stairs 430,508, 430,479, 344,508
PenColor 000000
BrushColor 9B5509
Polygon 437,479, 339,479, 339,476, 437,476
Polygon 437,486, 437,490, 339,490, 339,486
Polygon 437,497, 437,501, 339,501, 339,497
Polygon 437,508, 339,508, 339,511, 437,511


; Oybek

Opaque 85
PenColor FFFFFF
BrushColor FFFFFF
Polygon 391,456, 412,456, 412,515, 391,515
Opaque 100

; пути
PenColor 000000
BrushColor 2D3C9B
Polygon 245,572, 245,1022, 215,1022, 215,572
Polygon 355,1022, 325,1022, 325,572, 355,572

BrushColor -1
PenColor 2D3C9B
AngleTextOut -90, Arial, 20, 379, 573, << Kosmonavtlar
AngleTextOut -90, Arial, 20, 215, 917, Toshkent >>
AngleTextOut -90, Arial, 25, 304, 696, Oybek, 1

; нижний вестибюль

PenColor 000000
Line 148,1182, 401,1182, 401,1232
Line 148,1163, 222,1163, 222,1079, 255,1079, 255,1022, 245,1022
Line 418,1232, 418,1159, 348,1159, 348,1079, 315,1079, 315,1022, 325,1022
Stairs 150,1163, 150,1182, 196,1163
Stairs 315,1070, 255,1070, 315,1024
Stairs 401,1230, 418,1230, 401,1184

BrushColor D0D0D0
Polygon 264,1163, 264,1149, 307,1149, 307,1163

; кассы
BrushColor FFFFFF
Polygon 348,1154, 356,1154, 356,1128, 348,1128
BrushColor -1
AngleTextOut -90, Arial, 10, 359, 1129, кассы

; турникеты
Polygon 288,1120, 288,1114, 282,1114, 282,1120
PenColor 009900
Stairs 344,1119, 344,1114, 290,1119
PenColor FF0000
Stairs 278,1119, 278,1114, 223,1119


; общий вестибюль

PenColor 000000
Line 393,339, 393,389, 162,389, 162,339
Line 145,339, 145,550
Line 393,550, 393,412, 348,412, 348,476
Line 348,511, 348,515, 315,515, 315,572, 325,572
Line 409,550, 409,339
Line 162,550, 162,412, 222,412, 222,515, 255,515, 255,572, 245,572
Stairs 162,548, 145,548, 162,502
Stairs 162,341, 145,341, 162,387
Stairs 255,524, 315,524, 255,570
Stairs 393,341, 409,341, 393,387
Stairs 393,548, 409,548, 393,502

BrushColor D0D0D0
Polygon 306,412, 306,426, 263,426, 263,412

; кассы
BrushColor FFFFFF
Polygon 348,425, 357,425, 357,453, 348,453
BrushColor -1
AngleTextOut -90, Arial, 10, 359, 427, кассы

; турникеты
Polygon 311,433, 306,438, 301,433, 306,428
PenColor 009900
Stairs 314,437, 310,441, 348,466
PenColor FF0000
Stairs 258,419, 258,425, 224,419

; переход

Opaque 85
PenColor FFFFFF
BrushColor FFFFFF
Polygon 720,568, 720,534, 700,534, 700,568
Opaque 100

PenColor 000000
Line 746,489, 674,489
Line 746,509, 720,509, 720,590
Spline 720,590, 714,608, 700,625
Line 700,625, 447,847
Spline 447,847, 433,854, 419,857
Line 419,857, 358,857
Line 674,509, 700,509, 700,587
Spline 700,587, 696,599, 689,609
Line 689,609, 436,831
Spline 436,831, 427,835, 418,837
Line 418,837, 358,837
Line 299,806, 299,830, 279,830, 279,806
Line 299,888, 299,864, 279,864, 279,888
Stairs 744,509, 744,489, 722,509
Stairs 676,509, 676,489, 698,509
Stairs 720,511, 700,511, 720,533
Stairs 299,808, 279,808, 299,830
Stairs 299,886, 279,886, 299,864

PenColor 263282
Line 354,837, 326,837
Line 354,857, 326,857

PenColor D0D0D0
Line 322,837, 299,837, 299,832
Line 322,857, 299,857, 299,862
Line 279,862, 279,832



; Названия улиц голубым
PenColor 00AFAF
BrushColor -1
AngleTextOut 0, Arial, 15, -15, 450, Шахрисабская улица
AngleTextOut -90, Arial, 15, 296, 244, улица Айбека
PenColor 000000
