Size 570x960
Angle 85

;пути
PenColor 000000
BrushColor 2D3C9B
Polygon 140,414, 140,384, 590,384, 590,414
Polygon 140,524, 140,494, 590,494, 590,524

BrushColor -1
PenColor 2D3C9B
AngleTextOut 0, Arial, 20, 140, 358, << Kosmonavtlar
AngleTextOut 0, Arial, 20, 443, 524, Alisher Navoiy >>
AngleTextOut 0, Arial, 25, 283, 438, O'zbekiston, 1

; правый вестибюль

PenColor 000000
Line 590,414, 590,424, 642,424, 642,391, 708,391, 708,398, 722,398, 722,347, 672,347
Line 672,330, 745,330, 745,578, 623,578
Line 623,561, 722,561, 722,510, 708,510, 708,517, 642,517, 642,483, 590,483, 590,494
Stairs 594,483, 594,424, 640,483
Stairs 625,561, 625,578, 671,561
Stairs 674,347, 674,330, 720,347

BrushColor D0D0D0
Polygon 708,476, 708,433, 722,433, 722,476

; левый вестибюль

PenColor 000000
Line 140,494, 140,484, 88,484, 88,515, 21,515, 21,508, 8,508, 8,558, 58,558
Line -171,558, -12,558, -12,345, -182,345
Line 26,276, 26,345, 8,345, 8,396, 22,396, 22,389, 88,389, 88,424, 140,424, 140,414
Line 9,276, 9,328, -182,328
Line -171,578, 58,578
Stairs 136,424, 136,484, 90,424
Stairs 56,558, 56,578, 10,558
Stairs -180,345, -180,328, -134,345
Stairs -169,558, -169,578, -123,558
Stairs 9,278, 26,278, 9,324

BrushColor D0D0D0
Polygon 8,474, 8,431, 22,431, 22,474

;названия улиц голубым

BrushColor -1
PenColor 00AFAF
AngleTextOut 0, Arial, 15, -180, 446, улица Батыра Закирова
AngleTextOut -90, Arial, 15, -70, 611, Узбекистанский проспект
