Size 1090x1440
Angle -5

;Paxtakor

;пути
PenColor 000000
BrushColor F52D35
Polygon 474,1219, 474,1189, 924,1189, 924,1219
Polygon 474,1329, 474,1299, 924,1299, 924,1329

BrushColor -1
PenColor F52D35
AngleTextOut 0, Arial, 20, 474, 1164, << Bunyodkor
AngleTextOut 0, Arial, 20, 735, 1329, Mustaqillik Maydoni >>
AngleTextOut 0, Arial, 25, 654, 1242, Paxtakor, 1

; правый вестибюль
;Ellipse 976,1186, 1119,1329
PenColor 000000
Line 937,1241, 937,1229, 924,1229, 924,1219
Line 937,1276, 937,1288, 924,1288, 924,1299
Line 1037,1190, 1037,1195
Line 1071,1195, 1071,1190

; эскалатор 3 гор
PenColor 7F7F7F
Stairs 1050,1273, 1050,1244, 934,1273
PenColor 000000
BrushColor 9B5509
Polygon 1057,1244, 930,1244, 930,1241, 1057,1241
Polygon 1057,1251, 1057,1255, 930,1255, 930,1251
Polygon 1057,1262, 1057,1266, 930,1266, 930,1262
Polygon 1057,1273, 930,1273, 930,1276, 1057,1276

Opaque 95
PenColor FFFFFF
BrushColor FFFFFF
Polygon 949,1239, 1032,1239, 1032,1279, 949,1278
Opaque 100

PenColor 000000
Line 1032,1241, 1032,1276
Line 949,1241, 949,1276
Spline 985,1242, 1004,1209, 1037,1190
Spline 1071,1190, 1097,1203, 1117,1226, 1125,1257, 1116,1294, 1089,1321, 1054,1330, 1023,1323, 999,1304, 985,1276
Line 985,1242, 990,1242
Line 985,1276, 990,1276

; стрелки
PenColor FF0000
Arrow 1054,1210, 1054,1192
PenColor 009900
Arrow 986,1258, 1004,1258

BrushColor D0D0D0

; левый вестибюль

PenColor 000000
Line 461,1241, 461,1229, 474,1229, 474,1219
Line 461,1276, 461,1288, 474,1288, 474,1299

; эскалатор 3 гор
PenColor 7F7F7F
Stairs 463,1273, 463,1244, 377,1273
PenColor 000000
BrushColor 9B5509
Polygon 470,1244, 372,1244, 372,1241, 470,1241
Polygon 470,1251, 470,1255, 372,1255, 372,1251
Polygon 470,1262, 470,1266, 372,1266, 372,1262
Polygon 470,1273, 372,1273, 372,1276, 470,1276

; Alisher Navoiy

;пути
PenColor 000000
BrushColor 2D3C9B
Polygon 154,1021, 124,1021, 124,571, 154,571
Polygon 264,1021, 234,1021, 234,571, 264,571

BrushColor -1
PenColor 2D3C9B
AngleTextOut 90, Arial, 20, 99, 1021, << O'zbekiston
AngleTextOut 90, Arial, 20, 264, 718, G'afur G'ulom >>
AngleTextOut 90, Arial, 25, 178, 878, Alisher Navoiy, 1

; северный вестибюль

PenColor 000000
Line 154,571, 168,571, 168,559, 176,559
Line 176,439, 133,439, 133,372, 140,372, 140,359, 70,359, 70,287
Line 90,287, 90,339, 303,339, 303,289
Line 320,289, 320,359, 252,359, 252,373, 259,373, 259,439, 211,439
Line 211,559, 219,559, 219,571, 234,571
Stairs 303,291, 320,291, 303,337
Stairs 90,289, 70,289, 90,339

BrushColor D0D0D0
Polygon 217,373, 174,373, 174,359, 217,359

; эскалатор 3 верт
PenColor 7F7F7F
Stairs 179,561, 208,561, 179,432
PenColor 000000
BrushColor 9B5509
Polygon 176,567, 176,428, 179,428, 179,567
Polygon 186,567, 186,428, 190,428, 190,567
Polygon 197,567, 197,428, 201,428, 201,567
Polygon 208,567, 208,428, 211,428, 211,567


; южный вестибюль

PenColor 000000
Line 234,1021, 220,1021, 220,1032, 212,1032
Line 177,1032, 169,1032, 169,1021, 154,1021

; эскалатор 3 верт
PenColor 7F7F7F
Stairs 180,1158, 209,1158, 180,1029
PenColor 000000
BrushColor 9B5509
Polygon 177,1164, 177,1025, 180,1025, 180,1164
Polygon 187,1164, 187,1025, 191,1025, 191,1164
Polygon 198,1164, 198,1025, 202,1025, 202,1164
Polygon 209,1164, 209,1025, 212,1025, 212,1164

; переход

PenColor 000000

Line 75,1426, 314,1426
Line 314,1409, 250,1409, 250,1395, 257,1395, 257,1330, 381,1330, 381,1276
Line 381,1241, 381,1187, 266,1187, 266,1156, 212,1156
Line 75,1409, 138,1409, 138,1395, 131,1395, 131,1156, 177,1156
Stairs 77,1409, 77,1426, 123,1409
Stairs 312,1409, 312,1426, 266,1409

;Line 280,696, 326,696, 326,764, 305,764, 305,791, 387,791, 387,741
;Line 55,770, 127,770, 127,791, 205,791, 205,764, 170,768, 163,674, 230,696
;Line 387,970, 387,835, 127,835, 127,970
;Line 55,790, 107,790, 107,970
;Line 407,970, 407,741
;Stairs 387,743, 407,743, 387,789
;Stairs 127,968, 107,968, 127,922
;Stairs 387,968, 407,968, 387,922

BrushColor D0D0D0
Polygon 218,1409, 168,1409, 168,1395, 218,1395


;названия улиц голубым

BrushColor -1
PenColor 00AFAF
AngleTextOut 90, Arial, 15, 187, 299, улица Батыра Закирова
AngleTextOut 0, Arial, 15, 170, 39, проспект Навои
