Size 850x530
Angle 25

; пути
PenColor 000000
BrushColor F52D35
Polygon 629,176, 179,176, 179,146, 629,146
Polygon 179,286, 179,256, 629,256, 629,286

BrushColor -1
PenColor F52D35
AngleTextOut 0, Arial, 20, 184, 122, << Hamid Olimjon
AngleTextOut 0, Arial, 20, 474, 286, Buyuk Ipak Yo'li >>
AngleTextOut 0, Arial, 25, 353, 199, Pushkin, 1

; правый вестибюль

PenColor 000000
Line 834,323, 784,323, 784,153, 761,153, 761,160, 747,160, 747,153, 681,153, 681,186, 629,186, 629,176
Line 834,340, 761,340, 761,272, 747,272, 747,279, 681,279, 681,245, 629,245, 629,256
Stairs 633,245, 633,186, 679,245
Stairs 832,323, 832,340, 786,323

BrushColor D0D0D0
Polygon 761,195, 747,195, 747,238, 761,238

; левый вестибюль

PenColor 000000
Line -26,321, 24,321, 24,151, 47,151, 47,158, 61,158, 61,151, 127,151, 127,186, 179,186, 179,176
Line -26,338, 47,338, 47,270, 60,270, 60,277, 127,277, 127,246, 179,246, 179,256
Stairs 175,186, 175,246, 129,186
Stairs -24,321, -24,338, 22,321

BrushColor D0D0D0
Polygon 47,193, 61,193, 61,236, 47,236

; Названия улиц голубым
PenColor 00AFAF
BrushColor -1
AngleTextOut 0, Arial, 15, 316, 392, проспект Мустакиллик
AngleTextOut 0, Arial, 15, 712, 360, 'ж/д станция "Салар"'
Arrow 783,352, 833,352
