Size 970x780
Angle -35

;пути
PenColor 000000
BrushColor 2D3C9B
Polygon 306,354, 306,324, 756,324, 756,354
Polygon 306,464, 306,434, 756,434, 756,464

BrushColor -1
PenColor 2D3C9B
AngleTextOut 0, Arial, 20, 304, 298, << Beruniy
AngleTextOut 0, Arial, 20, 668, 464, Chorsu >>
AngleTextOut 0, Arial, 25, 488, 380, Tinchlik, 1

; правый вестибюль

PenColor 000000
Line 756,354, 756,364, 808,364, 808,331, 874,331, 874,338, 888,338, 888,270, 961,270
Line 961,287, 911,287, 911,497, 961,497
Line 961,514, 888,514, 888,450, 874,450, 874,457, 808,457, 808,423, 756,423, 756,434
Stairs 760,423, 760,364, 806,423
Stairs 959,287, 959,270, 913,287
Stairs 959,497, 959,514, 913,497

BrushColor D0D0D0
Polygon 874,416, 874,373, 888,373, 888,416

; левый вестибюль

PenColor 000000
Line 306,434, 306,424, 254,424, 254,455, 187,455, 187,448, 174,448, 174,497, 224,497
Line -2,497, 154,497, 154,270, 224,270
Line 224,287, 174,287, 174,336, 188,336, 188,329, 254,329, 254,364, 306,364, 306,354
Line -2,514, 224,514
Stairs 302,364, 302,424, 256,364
Stairs 222,497, 222,514, 176,497
Stairs 0,497, 0,514, 46,497
Stairs 222,287, 222,270, 176,287

BrushColor D0D0D0
Polygon 174,414, 174,371, 188,371, 188,414

;названия улиц голубым

BrushColor -1
PenColor 00AFAF
AngleTextOut 0, Arial, 15, 10, 377, проспект Беруни
AngleTextOut 0, Arial, 15, 927, 383, проспект Беруни
AngleTextOut 90, Arial, 15, 104, 293, улица Матлубот
