Size 1000x1000
Angle 40


; пути
PenColor 000000
BrushColor 2D3C9B
Polygon 814,465, 364,465, 364,435, 814,435
Polygon 364,575, 364,545, 814,545, 814,575

BrushColor -1
PenColor 2D3C9B
AngleTextOut 0, Arial, 20, 369, 411, << Oybek
AngleTextOut 0, Arial, 20, 667, 575, Mashinasozlar >>
AngleTextOut 0, Arial, 25, 538, 488, Toshkent, 1

; правый вестибюль

PenColor 000000
Line 1019,612, 969,612, 969,398, 1019,398
Line 1019,381, 946,381, 946,449, 932,449, 932,442, 866,442, 866,475, 814,475, 814,465
Line 1019,629, 946,629, 946,561, 932,561, 932,568, 866,568, 866,534, 814,534, 814,545
Stairs 818,534, 818,475, 864,534
Stairs 1017,612, 1017,629, 971,612
Stairs 1017,398, 1017,381, 971,398

BrushColor D0D0D0
Polygon 946,484, 932,484, 932,527, 946,527

; левый вестибюль

PenColor 000000
Line -27,560, -27,610, 31,610, 31,396, -19,396
Line -44,560, -44,677
Line 162,379, 232,379, 232,447, 246,447, 246,440, 312,440, 312,475, 364,475, 364,465
Line 282,704, 232,704, 232,559, 245,559, 245,566, 312,566, 312,535, 364,535, 364,545
Line 162,396, 212,396, 212,525, 48,525, 48,379, -19,379
Line 282,721, 162,721
Line 162,704, 212,704, 212,559, 48,559, 48,627, -27,627, -27,677
Stairs 360,475, 360,535, 314,475
Stairs -17,396, -17,379, 29,396
Stairs -27,562, -44,562, -27,608
Stairs -27,675, -44,675, -27,629
Stairs 164,396, 164,379, 210,396
Stairs 280,704, 280,721, 234,704
Stairs 164,704, 164,721, 210,704

BrushColor D0D0D0
Polygon 232,482, 246,482, 246,525, 232,525

; Названия улиц голубым
PenColor 00AFAF
BrushColor -1
AngleTextOut -90, Arial, 15, 123, 211, улица Тараса Шевченко
AngleTextOut -90, Arial, 15, 1092, 353, проспект
AngleTextOut -90, Arial, 15, 1077, 350, Амира тимура
AngleTextOut 0, Arial, 15, 1014, 492, улица Туркистан
