Size 843x1236
PenColor FFFAEA
BrushColor FFFAEA
Polygon 0,0, 0,1236, 843,1236, 843,0
PenColor 0404A4
TextOut Arial, 40, 19, 41, Strasbourg
TextOut Arial, 10, 19, 82, (Attention! All time intervals in this version equal 2 minutes)


PenColor E6EEF2
BrushColor E6EEF2
Polygon 820,1236, 821,1006, 821,989, 819,914, 810,767, 805,637, 797,490, 796,462, 843,313, 843,264, 799,390, 778,436, 771,445, 784,470, 787,486, 783,572, 783,594, 804,788, 805,811, 803,841, 806,929, 809,1052, 812,1236
Polygon 789,1236, 777,1236, 797,835, 796,825, 805,811, 803,841
Polygon 805,811, 800,813, 782,794, 764,765, 750,734, 736,686, 727,605, 727,594, 720,609, 721,611, 721,619, 721,629, 730,684, 744,740, 748,751, 775,795, 781,800, 796,825
Polygon 727,594, 751,431, 746,429, 729,531, 724,577
Polygon 778,436, 769,430, 728,411, 716,403, 641,340, 632,332, 569,265, 564,258, 560,250, 514,0, 510,0, 558,253, 561,260, 564,265, 630,334, 636,341, 710,407, 724,416, 761,437, 771,445
Polygon 191,1194, 196,1194, 237,1158, 326,648, 320,655, 231,1158
Polygon 724,577, 727,594, 720,609, 704,627, 685,643, 682,648, 684,653, 702,671, 704,674, 698,674, 672,658, 644,645, 599,634, 587,632, 339,633, 334,637, 332,622, 334,626, 340,629, 587,629, 602,631, 641,642, 649,641, 652,636, 653,618, 656,611, 662,608, 668,607, 671,609, 667,627, 667,632, 670,635, 680,630, 715,595, 721,588
Polygon 546,958, 547,958, 548,951, 538,880, 539,873, 542,867, 549,857, 548,853, 547,850, 503,805, 501,802, 502,784, 501,778, 496,773, 474,764, 464,757, 454,750, 430,745, 422,740, 411,728, 402,721, 393,718, 378,706, 356,688, 347,683, 305,667, 298,667, 342,685, 354,691, 376,709, 391,720, 402,725, 409,731, 418,742, 429,748, 454,754, 461,760, 473,767, 495,777, 499,780, 500,786, 499,804, 501,808, 542,850, 544,854, 541,858, 536,866, 533,872, 534,880
Polygon 202,847, 198,847, 181,842, 172,842, 167,847, 165,856, 165,868, 171,876, 207,894, 213,898, 216,907, 211,914, 202,920, 187,932, 179,938, 169,943, 154,946, 149,965, 145,983, 142,995, 133,1005, 127,1015, 124,1031, 125,1039, 129,1044, 134,1042, 145,1004, 147,995, 169,951, 174,945, 180,940, 189,933, 201,924, 212,918, 219,913, 221,905, 219,897, 208,890, 177,874, 173,870, 170,865, 169,855, 171,847, 174,845, 181,843, 204,852
Polygon 204,852, 214,854, 223,854, 246,849, 255,846, 268,839, 276,831, 281,820, 281,811, 276,800, 269,793, 257,794, 255,799, 246,803, 196,802, 190,804, 188,808, 183,818, 183,823, 187,828, 195,830, 205,830, 209,833, 209,836, 202,839, 194,838, 190,840, 191,843, 198,844, 201,845, 202,847
Polygon 269,793, 249,780, 238,775, 188,767, 177,761, 169,752, 167,746, 165,713, 167,703, 173,695, 182,692, 188,690, 191,688, 208,673, 217,670, 291,671, 298,667, 288,664, 286,665, 218,665, 212,666, 204,669, 188,684, 183,687, 179,687, 171,692, 164,699, 160,707, 161,746, 164,755, 172,765, 181,769, 234,778, 247,784, 257,794
Polygon 288,664, 305,667, 320,655, 326,648, 334,637, 332,622, 332,595, 334,589, 348,574, 357,571, 372,571, 380,575, 402,596, 411,601, 424,601, 431,598, 436,594, 476,553, 480,547, 482,540, 482,498, 528,484, 540,479, 546,474, 555,466, 560,457, 566,433, 569,426, 573,419, 584,404, 590,393, 595,378, 599,372, 604,368, 636,341, 630,334, 597,366, 590,376, 585,392, 580,402, 569,418, 562,432, 558,453, 552,464, 543,474, 534,479, 481,489, 477,493, 473,503, 473,520, 472,525, 468,532, 416,584, 412,586, 408,586, 381,559, 373,555, 353,555, 344,559, 329,574, 324,580, 323,589, 323,636, 321,644, 318,649, 307,660, 300,663, 291,662
Polygon 288,664, 291,662, 242,606, 239,599, 237,592, 236,562, 236,554, 255,484, 260,475, 311,426, 319,420, 395,386, 402,381, 480,313, 485,307, 487,299, 487,291, 491,284, 505,272, 512,269, 528,270, 540,269, 564,265, 562,262, 545,265, 531,265, 517,264, 507,267, 491,279, 485,289, 482,298, 480,305, 474,311, 400,379, 389,386, 319,417, 309,423, 257,472, 251,482, 234,552, 233,563, 233,592, 235,600, 239,607, 285,662
Polygon 569,265, 567,262, 623,254, 634,254, 656,267, 660,270, 663,277, 658,321, 654,333, 649,335, 641,340, 632,332, 642,331, 648,329, 650,324, 655,278, 652,274, 650,272, 630,262, 624,260, 569,265

PenColor 77B5D7
Spline 820,1236, 821,1007, 820,939, 812,801, 804,619, 798,512, 798,473, 796,462
Spline 796,462, 820,384, 843,313
Spline 843,264, 825,315, 805,374, 778,436
Spline 778,436, 762,426, 730,412, 710,398, 673,367, 641,339
Spline 641,339, 652,334, 656,328, 659,314, 663,281, 659,269, 637,256, 623,254, 594,258, 567,262
Spline 567,262, 561,252, 558,236, 552,205, 544,163, 531,95, 514,0
Spline 510,0, 527,94, 541,163, 548,205, 554,236, 558,253, 562,262
Spline 562,262, 544,265, 530,265, 518,264, 503,269, 489,281, 484,290, 481,303, 471,314, 452,331, 421,359, 404,375, 389,386, 364,397, 328,413, 311,421, 295,435, 275,455, 261,468, 254,476, 251,484, 247,500, 240,526, 234,547, 233,556, 233,574, 234,587, 234,596, 238,605, 253,624, 272,647, 284,661, 287,664
Spline 287,664, 285,665, 277,665, 240,665, 218,665, 206,668, 197,676, 189,683, 182,686, 172,691, 161,703, 160,724, 161,746, 168,761, 184,770, 219,775, 236,779, 250,787, 257,796, 248,801, 229,802, 197,802, 189,806, 183,817, 185,826, 195,830, 205,830, 210,834, 204,838, 193,838, 190,840, 194,844, 199,844, 202,846, 198,847, 190,844, 177,841, 167,847, 166,869, 180,881, 201,891, 213,898, 215,908, 208,916, 192,927, 178,938, 161,944, 153,947, 151,954, 144,982, 140,997, 129,1009, 124,1029, 125,1040, 130,1044, 134,1041, 140,1022, 146,999, 157,975, 171,948, 185,936, 204,922, 216,916, 221,904, 216,894, 201,886, 183,877, 172,866, 171,850, 176,844, 186,845, 199,850, 212,854, 228,853, 251,848, 269,838, 279,825, 281,810, 272,795, 254,783, 238,775, 220,771, 187,766, 174,757, 167,745, 166,725, 167,703, 175,695, 182,692, 189,690, 200,680, 209,673, 219,670, 240,671, 278,671, 292,671, 297,669, 305,671, 316,675
Line 316,675, 231,1158, 191,1196, 196,1196, 237,1158, 321,677
Line 304,667, 317,672, 320,655
Spline 321,677, 347,688, 359,695, 382,714, 395,722, 406,728, 415,739, 429,748, 450,753, 465,763, 482,772, 493,776, 500,783, 498,801, 504,812, 523,830, 540,848, 543,854, 539,860, 534,870, 534,882, 545,951, 546,956, 547,958
Spline 547,958, 548,952, 546,938, 540,893, 538,881, 540,871, 546,862, 549,858, 548,852, 543,846, 525,827, 507,810, 501,799, 502,783, 496,773, 482,768, 468,760, 452,749, 430,745, 419,737, 407,724, 396,719, 385,712, 361,692, 347,683, 322,673
Spline 304,667, 312,663, 320,655
Spline 322,673, 325,654, 327,648, 330,644, 333,639, 337,635, 343,633, 352,633
Line 352,633, 584,633
Spline 584,633, 598,634, 625,641, 647,646, 675,660, 696,672, 703,675, 705,673, 699,667, 688,656, 684,651, 684,647, 686,643, 699,633, 711,621, 717,613, 719,610, 721,611, 721,618, 722,633, 726,665, 733,698, 744,739, 748,751, 764,778, 772,791, 776,797, 780,800, 788,811, 794,821, 797,831, 796,864, 788,1023, 777,1236
Spline 789,1236, 797,1021, 803,841
Spline 803,841, 808,1021, 812,1236
Spline 751,431, 742,498, 733,559, 728,592, 728,611, 733,662, 735,679, 742,706, 753,741, 770,775, 781,793, 787,799, 796,809, 802,812, 805,804, 802,772, 791,666, 785,609, 783,578, 785,532, 786,491, 786,477, 780,463, 772,447, 762,438, 751,431
Spline 636,341, 694,392, 710,407, 724,416, 746,429
Spline 746,429, 737,483, 728,540, 724,575, 722,586, 718,591, 702,609, 683,627, 672,634, 667,632, 668,623, 671,612, 670,607, 661,608, 655,613, 653,622, 652,636, 649,640, 643,642, 625,637, 600,630, 584,629
Line 584,629, 351,629
Spline 351,629, 339,628, 334,626, 333,621, 333,606, 333,594, 336,587, 346,576, 351,573, 357,571, 370,571, 377,573, 389,584, 403,597, 417,601, 432,597, 450,579, 466,563, 477,551, 482,540, 482,517, 482,498
Spline 482,498, 510,489, 534,482, 547,473, 555,466, 561,456, 564,439, 571,422, 581,408, 589,394, 596,376, 605,368, 616,359, 636,341
Line 633,332, 569,265
Line 630,334, 564,265
Spline 569,265, 596,262, 617,261, 628,261, 640,267, 646,270, 652,274, 654,280, 653,300, 650,321, 647,329, 641,331, 633,332
Spline 630,334, 608,355, 598,365, 591,375, 585,392, 578,405, 568,420, 561,437, 557,455, 552,464, 544,472, 534,479, 508,484, 482,489, 474,499, 473,517, 470,529, 443,557, 419,581, 410,586, 402,580, 389,567, 380,559, 371,555, 353,555, 344,560, 330,573, 323,584, 323,608, 323,633, 321,644, 311,656, 302,662, 291,662
Spline 291,662, 271,639, 247,611, 241,603, 238,595, 236,574, 236,558, 238,547, 244,526, 250,502, 255,485, 259,476, 266,469, 278,457, 298,438, 313,424, 328,417, 365,400, 391,389, 409,376, 424,363, 456,335, 475,317, 485,306, 488,291, 493,283, 505,272, 517,269, 531,270, 547,268, 564,265

;Image france-strasbourg.gif
;PenColor 0
PenColor 6090B0
BrushColor -1
AngleTextOut 0, Arial, 18, 215, 808, Etang, 2
AngleTextOut 0, Arial, 18, 216, 822, Gerig, 2
AngleTextOut 80, Arial, 12, 269, 908, Canal du Rhane au Rhin, 2

;PenColor C50319
PenColor FFFFFF
BrushColor C50319
SpotCircle 13, 31, 362, SelectRoute A
AngleTextOut 0, Arial, 18, 25, 353, A, 1

SpotCircle 13, 186, 979, SelectRoute A
AngleTextOut 0, Arial, 18, 180, 970, A, 1

BrushColor 1D64AE
SpotCircle 13, 229, 725, SelectRoute B
AngleTextOut 0, Arial, 18, 223, 717, B, 1

SpotCircle 13, 509, 75, SelectRoute B
AngleTextOut 0, Arial, 18, 503, 66, B, 1

BrushColor D88942
SpotCircle 13, 278, 724, SelectRoute C
AngleTextOut 0, Arial, 18, 272, 716, C, 1

SpotCircle 13, 587, 580, SelectRoute C
AngleTextOut 0, Arial, 18, 581, 571, C, 1

BrushColor 268152
SpotCircle 13, 257, 380, SelectRoute D
AngleTextOut 0, Arial, 18, 252, 371, D, 1

SpotCircle 13, 440, 686, SelectRoute D
AngleTextOut 0, Arial, 18, 434, 677, D, 1

PenColor F2F6E2
BrushColor F2F6E2
;PenColor FFFFFF
Spline 551,1035, 551,1009, 546,1003, 530,1003, 516,998, 537,971, 536,956, 514,934, 506,916, 509,909, 493,908, 465,910, 452,900, 450,889, 437,903, 377,962, 370,994, 371,1028, 364,1054, 334,1084, 305,1095, 269,1095, 258,1102, 258,1115, 268,1125, 330,1127, 436,1128, 508,1128, 589,1128, 642,1128, 662,1127, 667,1118, 668,1087, 673,1067, 691,1045, 699,1035, 704,1016, 703,986, 704,946, 703,913, 714,886, 731,871, 738,849, 738,821, 732,802, 716,784, 701,783, 676,809, 664,829, 663,872, 669,892, 682,906, 690,918, 688,930, 676,943, 659,960, 656,971, 666,988, 661,1003, 633,1030, 593,1071, 564,1098, 549,1106, 534,1097, 517,1080, 501,1073, 482,1073, 470,1068, 471,1057, 483,1049, 503,1042, 534,1042, 546,1042, 551,1035, 10
Polygon 551,1035, 551,1009, 546,1003, 530,1003, 516,998, 537,971, 536,956, 514,934, 506,916, 509,909, 493,908, 465,910, 452,900, 450,889, 437,903, 377,962, 370,994, 371,1028, 364,1054, 334,1084, 305,1095, 269,1095, 258,1102, 258,1115, 268,1125, 330,1127, 436,1128, 508,1128, 589,1128, 642,1128, 662,1127, 667,1118, 668,1087, 673,1067, 691,1045, 699,1035, 704,1016, 703,986, 704,946, 703,913, 714,886, 731,871, 738,849, 738,821, 732,802, 716,784, 701,783, 676,809, 664,829, 663,872, 669,892, 682,906, 690,918, 688,930, 676,943, 659,960, 656,971, 666,988, 661,1003, 633,1030, 593,1071, 564,1098, 549,1106, 534,1097, 517,1080, 501,1073, 482,1073, 470,1068, 471,1057, 483,1049, 503,1042, 534,1042, 546,1042, 10

PenColor C50319
BrushColor -1
TextOut Arial, 12, 127, 130, A, 1
PenColor 1D64AE
TextOut Arial, 12, 127, 147, B, 1
PenColor D88942
TextOut Arial, 12, 127, 164, C, 1
PenColor 268152
TextOut Arial, 12, 127, 181, D, 1
