Size 750x820
;Image D:\Boris\PAS\Metro\rec.png
;Image D:\Boris\NEW\recife-map.gif, 1, 0

PenColor 87CEFF
BrushColor 87CEFF
Polygon 750,242, 512,819, 750,819

Spline 750,228, 743,233, 736,232, 734,236, 731,247, 720,265, 703,277, 684,277, 670,280, 656,289, 629,296, 609,296, 600,292, 595,290, 594,294, 594,300, 589,310, 580,314, 573,310, 559,307, 540,309, 527,314, 519,317, 519,324, 516,329, 509,329, 496,334, 486,341, 483,346, 483,350, 490,355, 497,361, 501,369, 502,377, 496,383, 488,388, 485,390, 485,394, 488,398, 487,401, 485,404, 485,412, 485,418, 498,418, 510,418, 522,416, 531,409, 535,404, 538,398, 533,394, 526,387, 522,381, 522,377, 517,370, 516,359, 517,351, 523,345, 531,343, 540,335, 549,326, 555,318, 569,317, 576,317, 580,319, 584,322, 591,325, 592,332, 591,343, 588,358, 585,373, 584,383, 583,394, 586,409, 592,420, 594,428, 604,432, 615,434, 626,435, 636,430, 645,423, 651,412, 656,400, 658,390, 650,379, 638,368, 626,361, 610,349, 605,339, 607,326, 614,318, 624,313, 638,316, 649,318, 661,320, 677,316, 690,312, 704,305, 716,298, 723,292, 729,280, 734,271, 743,266, 5
Polygon 750,228, 743,233, 736,232, 734,236, 731,247, 720,265, 703,277, 684,277, 670,280, 656,289, 629,296, 609,296, 600,292, 595,290, 594,294, 594,300, 589,310, 580,314, 573,310, 559,307, 540,309, 527,314, 519,317, 519,324, 516,329, 509,329, 496,334, 486,341, 483,346, 483,350, 490,355, 497,361, 501,369, 502,377, 496,383, 488,388, 485,390, 485,394, 488,398, 487,401, 485,404, 485,412, 485,418, 498,418, 510,418, 522,416, 531,409, 535,404, 538,398, 533,394, 526,387, 522,381, 522,377, 517,370, 516,359, 517,351, 523,345, 531,343, 540,335, 549,326, 555,318, 569,317, 576,317, 580,319, 584,322, 591,325, 592,332, 591,343, 588,358, 585,373, 584,383, 583,394, 586,409, 592,420, 594,428, 604,432, 615,434, 626,435, 636,430, 645,423, 651,412, 656,400, 658,390, 650,379, 638,368, 626,361, 610,349, 605,339, 607,326, 614,318, 624,313, 638,316, 649,318, 661,320, 677,316, 690,312, 704,305, 716,298, 723,292, 729,280, 734,271, 743,266

PenColor 0404A4
BrushColor -1
TextOut Arial, 28, 405, 20, Recife, 1
TextOut Arial, 10, 406, 48, (Attention! All time intervals in this version equal 2 minutes)

PenColor FFFFFF
AngleTextOut 90, Arial, 15, 657, 732, Atlantic Ocean

PenColor 808080
BrushColor 808080
Line 203,257, 203,326, 170,359, 170,376, 263,469, 263,531, 379,647, 379,806, 3
Line 437,748, 373,812, 3
Spline 424,761, 395,769, 379,747, 3
Line 373,803, 373,812, 382,812, 3
Polygon 201,255, 201,259, 205,259, 205,255, 3
Polygon 255,461, 255,465, 259,465, 259,461, 3
Polygon 377,653, 377,657, 381,657, 381,653, 3
Polygon 435,746, 435,750, 439,750, 439,746, 3
Line 476,134, 505,134, 3
Polygon 488,131, 488,136, 492,136, 492,131, 3

; самолет
Polygon 502,589, 504,583, 502,577, 504,577, 507,581, 517,580, 513,568, 516,568, 524,580, 531,581, 534,583, 531,585, 524,586, 516,598, 513,598, 517,586, 507,585, 504,589

PenColor 000000
BrushColor -1
TextOut Arial, 15, 270, 450, Jorge Lins
TextOut Arial, 15, 271, 648, Marcos Freire
TextOut Arial, 15, 328, 796, Cabo
TextOut Arial, 15, 524, 128, Trem Diesel

PenColor AF0000
TextOut Arial, 15, 524, 87, Metro Linha Centro
PenColor 0000AF
TextOut Arial, 15, 524, 107, Metro Linha Sul
