Size 1130x720
Angle -19

;Пути зеленым
BrushColor 0DA303
Polygon 454,465, 904,465, 904,495, 454,495
Polygon 904,355, 904,385, 454,385, 454,355

; правый вестибюль
BrushColor FFFFFF
Line 904,385, 904,395
Line 904,465, 904,455
Line 894,395, 925,395, 925,380, 969,380, 969,372, 988,372, 988,344, 920,344, 920,338
Line 920,317, 920,313, 1020,313, 1020,372, 1028,372, 1028,379
Spline 1028,379, 1042,393, 1051,412, 1051,439, 1041,457, 1027,471
Line 1027,471, 1027,478, 1020,478, 1020,560, 940,560, 940,555
Line 941,534, 941,529, 988,529, 988,478, 969,478, 969,470, 925,470, 925,455, 894,455
Line 981,392, 989,392
Line 981,458, 989,458
Spline 969,380, 975,381, 980,385, 981,392
Spline 969,470, 976,469, 980,465, 981,458
Stairs 894,455, 894,395, 925,455
Stairs 988,490, 1020,490, 988,511
Stairs 981,458, 981,392, 990,458
Stairs 930,344, 930,313, 969,344
Stairs 988,529, 988,560, 949,529

; турникеты
Line 947,470, 947,465
Line 947,432, 947,437
Line 947,426, 947,422
Line 937,388, 937,380
Polygon 944,426, 944,432, 950,432, 950,426
PenColor 009900
Stairs 949,422, 945,423, 939,385
PenColor FF0000
Stairs 949,437, 945,437, 949,466

; кассы
PenColor 000000
BrushColor -1
Line 1042,393, 1048,390, 1057,409, 1051,412
Line 1051,439, 1056,442, 1046,460, 1041,457
AngleTextOut -65, Arial, 7, 1051, 391, кассы
AngleTextOut 60, Arial, 7, 1041, 454, кассы

; левый вестибюль
Line 454,385, 454,395
Line 454,465, 454,455
Line 467,395, 418,395, 418,380, 358,380, 358,297, 162,262, 124,327
Line 144,339, 174,287, 336,316, 336,372, 327,372, 327,379
Spline 327,379, 313,393, 304,412, 304,438, 313,457, 327,471
Line 327,471, 327,478, 336,478, 336,547, 243,601
Line 253,620, 358,559, 358,470, 418,470, 418,455, 467,455
Stairs 463,395, 463,455, 433,395
Stairs 250,597, 261,616, 275,582
Stairs 336,537, 358,537, 336,531
Stairs 302,310, 306,288, 293,308
Stairs 146,335, 127,324, 164,303

; турникеты
Line 387,470, 387,465
Line 387,437, 387,432
Polygon 384,426, 390,426, 390,432, 384,432
Line 387,426, 387,422
Line 397,388, 397,380
Stairs 385,465, 389,465, 385,436
Stairs 385,422, 389,423, 395,386

; кассы
Line 313,457, 307,460, 298,441, 304,438
Line 304,412, 297,409, 307,390, 313,393
AngleTextOut -65, Arial, 7, 306, 439, кассы
AngleTextOut 60, Arial, 7, 296, 406, кассы

; надписи
PenColor 0DA303
BrushColor -1
TextOut Arial, 20, 463, 332, << Маршала Покрышкина
TextOut Arial, 20, 756, 494, Золотая нива >>
TextOut Arial, 25, 597, 410, Берёзовая роща, 1

;Улицы голубым
BrushColor -1
PenColor 00AFAF
TextOut Arial, 15, 4, 412, ул. Кошурникова
AngleTextOut 30, Arial, 15, 79, 669, ул. Крылова
TextOut Arial, 15, 1075, 418, ул. Кошурникова
AngleTextOut 65, Arial, 15, 276, 212, проспект Дзержинcкого

PenColor FF0000
Arrow 939,451, 957,451
PenColor 009900
Arrow 953,402, 931,408

; трамвай
PenColor 000000
Railway 5, 7, 3, 381,71, 355,119, 327,171, 318,190, 315,209, 320,223, 328,230, 339,232, 349,228, 355,219, 356,205, 352,190, 347,174, 350,153, 358,138, 374,106, 392,71, 0.5

; остановки
PenColor 000000
BrushColor 0000FF
SpotCircle 15, 844, 325, showmessage Авт. 32
SpotCircle 15, 376, 115, showmessage Авт. 62

BrushColor FF0000
SpotCircle 15, 353, 162, showmessage Трамвай 16

PenColor FFFFFF
BrushColor -1
AngleTextOut 19, Arial, 20, 367, 108, А, 1
AngleTextOut 19, Arial, 20, 835, 317, А, 1
AngleTextOut 19, Arial, 20, 344, 155, Т, 1

Opaque 70
; "закрыто"
PenColor FFD0D0
BrushColor FFD0D0
Polygon 118,255, 429,255, 429,390, 471,390, 471,461, 429,461, 429,632, 118,632
PenColor FF4040

Opaque 100
PenColor FF4040
BrushColor -1
AngleTextOut 19, Arial, 15, 188, 459, Закрыто
Dashed 118,255, 429,255, 429,390, 471,390, 471,461, 429,461, 429,632, 118,632, 118,255
