Size 750x1210

;Пути красным
BrushColor FB0505
Polygon 464,324, 494,324, 494,774, 464,774
Polygon 384,324, 384,774, 354,774, 354,324

PenColor FB0505
BrushColor -1
AngleTextOut 90, Arial, 25, 494, 503, Заельцовская >>
AngleTextOut 90, Arial, 25, 325, 774, << Красный проспект
AngleTextOut 90, Arial, 25, 411, 610, Гагаринская, 1

; правый вестибюль
PenColor 000000
Line 395,324, 380,324, 380,314, 360,294, 360,254, 269,254, 269,184
Line 299,184, 299,223, 360,223, 360,214, 490,214, 490,225, 507,225, 518,214, 518,114, 550,82, 550,45
Line 580,45, 580,95, 550,125, 550,229, 523,256, 490,256, 490,294, 470,314, 470,324, 454,324
Line 454,314, 454,370
Line 395,370, 395,314
Stairs 395,314, 454,314, 395,371
Stairs 550,45, 580,45, 550,82
Stairs 518,204, 550,204, 518,214
Stairs 299,254, 299,223, 308,254
Stairs 269,184, 299,184, 269,223
BrushColor C0C0C0
Polygon 392,261, 392,254, 459,254, 459,261

; кассы
BrushColor -1
Line 360,294, 366,288, 386,308, 380,314
AngleTextOut -45, Arial, 10, 369, 287, кассы

; турникеты
Line 386,308, 389,305
Polygon 417,281, 413,277, 417,273, 421,277
Line 419,275, 422,272, 434,272
Line 486,272, 490,272
PenColor 009900
Stairs 391,306, 388,303, 414,283
PenColor FF0000
Stairs 434,274, 434,270, 487,274

; левый вестибюль
PenColor 000000
Line 395,724, 395,784
Line 454,724, 454,784
Line 395,774, 380,774, 380,782, 359,803, 359,843, 336,843, 296,883, 296,976
Line 328,976, 328,895, 349,874, 359,874, 359,884, 489,884, 489,874, 519,874, 548,903, 548,954
Line 579,954, 579,894, 529,844, 489,844, 489,803, 469,783, 469,774, 454,774
Stairs 548,914, 579,914, 548,955
Stairs 296,934, 328,934, 296,976
Stairs 395,724, 454,724, 395,785
BrushColor C0C0C0
Polygon 392,845, 459,845, 459,837, 392,837

; колонны
BrushColor C0C0C0
Ellipse 399,384, 409,394
Ellipse 399,404, 409,414
Ellipse 399,424, 409,434
Ellipse 399,444, 409,454
Ellipse 399,464, 409,474
Ellipse 399,484, 409,494
Ellipse 399,504, 409,514
Ellipse 399,524, 409,534
Ellipse 399,544, 409,554
Ellipse 399,564, 409,574
Ellipse 399,584, 409,594
Ellipse 399,604, 409,614
Ellipse 399,624, 409,634
Ellipse 399,644, 409,654
Ellipse 399,664, 409,674
Ellipse 399,684, 409,694
Ellipse 399,704, 409,714
Ellipse 439,384, 449,394
Ellipse 439,404, 449,414
Ellipse 439,424, 449,434
Ellipse 439,444, 449,454
Ellipse 439,464, 449,474
Ellipse 439,484, 449,494
Ellipse 439,504, 449,514
Ellipse 439,524, 449,534
Ellipse 439,544, 449,554
Ellipse 439,564, 449,574
Ellipse 439,584, 449,594
Ellipse 439,604, 449,614
Ellipse 439,624, 449,634
Ellipse 439,644, 449,654
Ellipse 439,664, 449,674
Ellipse 439,684, 449,694
Ellipse 439,704, 449,714

; кассы
BrushColor -1
Line 489,803, 483,809, 463,789, 469,783
AngleTextOut -45, Arial, 10, 472, 782, кассы

; турникеты
Line 463,789, 459,793
Polygon 431,817, 435,821, 431,825, 427,821
Line 429,823, 425,827, 408,827
Line 364,827, 359,827
PenColor 009900
Stairs 457,792, 460,795, 433,816
PenColor FF0000
Stairs 408,829, 408,825, 363,829

; дорожки
PenColor 000000
Stairs 269,115, 269,155, 240,115
Line 241,155, 269,155
Line 241,115, 269,115
Line 269,115, 269,6
Stairs 241,916, 241,857, 280,916
Line 208,859, 170,859
Line 209,915, 170,915
Line 280,857, 241,857
Line 280,916, 241,916
Line 241,916, 241,996, 209,996, 209,915
Stairs 170,915, 170,859, 209,915
Line 241,155, 241,857
Line 208,859, 208,4, 241,4, 241,115
Line 170,998, 170,746, 30,746
Line 280,916, 280,1016
Line 280,857, 280,254
Line 620,746, 620,427
Line 620,866, 620,1016
Line 620,306, 620,8
Line 620,1129, 620,1199
Line 280,1129, 280,1199
Line 177,1134, 3,1134
Line 544,990, 544,1016
Line 269,184, 269,155
Line 579,954, 579,990, 544,990
Stairs 590,896, 590,866, 651,896
Line 590,896, 650,896

; мост
Line 169,1006, 180,1016, 671,1016, 682,1005, 2
Line 681,1140, 670,1129, 182,1129, 171,1140, 2

; рельсы
Railway 10, 15, 5, 744,1045, -2,1045
Railway 10, 15, 5, 744,1067, -1,1067
Railway 10, 15, 5, 745,1116, -2,1116
BrushColor C0C0C0
Polygon 160,1026, 160,1002, 29,1002, 29,1026
Polygon 160,1076, 160,1096, 29,1096, 29,1076
BrushColor -1
TextOut Arial, 20, 45, 1002, Гагаринская


;Улицы голубым
PenColor 00AFAF
BrushColor -1
TextOut Arial, 15, 366, 12, ул. Кропоткина
AngleTextOut 90, Arial, 15, 415, 1008, Красный проспект
AngleTextOut 90, Arial, 15, 415, 189, Красный проспект
TextOut Arial, 15, 388, 1179, ул. Писарева

;Здания беж
PenColor 000000
;BrushColor FEEDB9
BrushColor FEFBF1
Polygon 19,917, 90,917, 90,786, 19,786
Polygon 200,705, 140,705, 140,416, 200,416
Polygon 139,315, 200,315, 200,15, 139,15
Polygon 580,866, 681,866, 681,746, 580,746
Polygon 577,306, 577,426, 675,426, 675,306
Polygon 641,466, 641,706, 691,706, 691,466
Polygon 640,266, 690,266, 690,8, 640,8

; надписи на зданиях
PenColor 000000
BrushColor -1
TextOut Arial, 15, 619, 783, ТК
TextOut Arial, 15, 589, 795, '"Праздничный'
TextOut Arial, 15, 616, 807, 'зал"'
TextOut Arial, 15, 598, 348, Магазин
TextOut Arial, 15, 598, 361, '"Нептун"'
AngleTextOut 90, Arial, 15, 34, 905, 'ТК "Зеленые'
AngleTextOut 90, Arial, 15, 58, 887, 'Купола"'
AngleTextOut 90, Arial, 15, 178, 228, 'Магазин "Надежда"'

; стрелки
PenColor 009900
Arrow 398,288, 408,298
Arrow 451,812, 439,800
PenColor FF0000
Arrow 472,279, 472,263
Arrow 382,821, 382,835
