Size 1010x1210

PenColor 2C04FC
BrushColor 2C04FC
Polygon 7,6, 998,6, 998,194, 7,194

PenColor 00007F
TextOut Arial, 40, 393, 66, р. Иня
Arrow 378,86, 296,86, 3

PenColor 000000
BrushColor 00CCCC
Polygon 137,6, 186,6, 186,215, 137,215
Polygon 196,6, 242,6, 242,215, 196,215
Polygon 998,265, 998,204, 377,204, 326,218, 292,252, 275,284, 275,334, 323,334, 323,303, 341,278, 372,265
Polygon 144,215, 233,215, 233,334, 249,350, 259,350, 275,334, 323,334, 323,476, 274,476, 274,415, 259,430, 240,430, 227,415, 144,415
Polygon 144,415, 227,415, 227,524, 274,476, 323,476, 323,595, 275,595, 275,547, 226,596, 144,596
Polygon 144,596, 226,596, 226,634, 240,648, 259,648, 275,632, 275,595, 323,595, 323,661, 297,703, 252,731, 226,787, 226,1199, 144,1199

Line 137,6, 137,215, 118,234, 3
Line 242,6, 242,215, 260,233, 3

PenColor FFFFFF
Arrow 228,366, 218,330, 2
Spline 228,366, 250,381, 277,368, 291,329, 2
Arrow 236,542, 209,574, 2
Spline 236,542, 250,529, 274,512, 298,467, 2
Arrow 287,665, 305,626, 2
Spline 287,665, 243,694, 194,677, 170,631, 164,563, 2
Spline 207,800, 227,733, 263,696, 287,665, 2

PenColor 000000
Dashed 191,215, 191,279

Polygon 597,6, 629,6, 629,286, 597,286
Polygon 649,6, 682,6, 682,286, 649,286
Polygon 701,6, 735,6, 735,287, 701,286
Line 597,6, 597,286, 587,296, 3
Line 735,6, 735,287, 744,296, 3
Line 629,6, 629,6, 629,286, 636,293, 642,293, 649,286, 649,6, 3
Line 682,6, 682,286, 688,292, 695,292, 701,286, 701,6, 3

Railway 10, 20, 5, 608,1196, 609,6, 2
Railway 10, 20, 5, 671,6, 671,1195, 2
Railway 10, 20, 5, 723,6, 723,193, 723,314, 724,412, 732,488, 760,549, 813,632, 885,745, 1010,932, 2
Railway 10, 20, 5, 671,6, 672,219, 672,407, 676,461, 688,506, 708,547, 734,592, 793,682, 889,828, 1010,1015, 2

Polygon 1000,1185, 567,1185, 567,1156, 706,1155, 706,1135, 567,1135, 567,1104, 1000,1104
Line 555,1093, 567,1104, 1000,1104, 3
Line 1000,1185, 567,1185, 556,1195, 3
Line 706,1135, 567,1135, 559,1142, 559,1149, 567,1156, 706,1156, 3
Polygon 256,1104, 113,1104, 113,1137, 256,1137
Polygon 114,1152, 255,1152, 255,1183, 114,1183
Line 266,1094, 256,1104, 113,1104, 104,1094, 3
Line 266,1193, 255,1183, 114,1183, 105,1192, 3
Line 113,1137, 256,1137, 261,1142, 261,1147, 255,1152, 114,1152, 108,1147, 108,1142, 113,1137, 3

Railway 10, 20, 5, 998,1124, 4,1124, 2
Railway 10, 20, 5, 998,1175, 3,1175, 2

Polygon 684,591, 705,585, 931,933, 892,956, 836,872, 725,872, 725,964, 684,964
Polygon 773,547, 988,882, 998,878, 998,828, 805,525
Polygon 596,590, 596,964, 553,964, 553,590

BrushColor EEEEDD
Polygon 717,694, 748,694, 748,707, 717,707
Polygon 709,731, 709,796, 734,796, 734,731
Polygon 926,715, 935,709, 941,719, 933,725
AngleTextOut -90, Arial, 20, 733, 739, Касса, 1

BrushColor 0000FF
Polygon 237,795, 280,795, 280,859, 237,859
Polygon 337,456, 384,456, 384,521, 337,521
Polygon 136,666, 136,599, 89,599, 89,666
Polygon 238,317, 275,317, 275,263, 238,263

BrushColor FFFFFF
Polygon 270,834, 270,805, 247,805, 247,834
Polygon 372,496, 372,466, 348,466, 348,496
Polygon 100,641, 100,608, 125,608, 125,641
Polygon 247,298, 247,272, 265,272, 265,298

BrushColor -1
TextOut Arial, 25, 354, 470, A, 1
TextOut Arial, 25, 249, 273, A, 1
TextOut Arial, 25, 104, 613, A, 1
TextOut Arial, 25, 251, 808, A, 1

PenColor A2315E
BrushColor -1
AngleTextOut -58, Arial, 20, 830, 576, 1-й обводной путь, 1
AngleTextOut -58, Arial, 20, 801, 746, 2-й обводной путь, 1
Arrow 883,901, 904,935, 2
Arrow 816,578, 794,544, 2
TextOut Arial, 10, 926, 715, WC, 1
AngleTextOut -90, Arail, 20, 588, 830, 2-й путь, 1
AngleTextOut -90, Arail, 20, 708, 666, 1-й путь, 1
Arrow 702,655, 702,608, 2
Arrow 577,908, 577,954, 2

AngleTextOut -90, Arial, 30, 202, 306, Бердское Шоссе, 1

BrushColor FFFFFF
AngleTextOut -90, Arial, 25, 653, 919, на Юг, 1
Arrow 639,1000, 639,1058, 2
AngleTextOut 90, Arial, 25, 629, 552, в Новосибирск, 1
Arrow 639,374, 639,310, 2
AngleTextOut -58, Arial, 25, 858, 498, На Кузбасс. на Сокур
Arrow 966,705, 993,750, 2

Arrow 291,871, 291,780, 3
Arrow 80,590, 80,682, 3
Arrow 415,441, 445,433, 3
Spline 415,441, 398,461, 396,507, 382,535, 359,545, 3
Line 396,507, 396,561, 3
Spline 251,241, 265,247, 286,239, 307,216, 324,206, 3
Arrow 251,242, 244,224, 3
Arrow 286,239, 266,259, 3

BrushColor 7ABB73
PenColor 7ABB73
Polygon 736,845, 743,811, 741,786, 750,759, 783,771, 800,798, 789,823, 818,842, 821,871, 847,897, 857,934, 831,965, 851,987, 825,1009, 817,1031, 763,1043, 717,1012, 741,974, 735,938, 755,907, 739,880
Polygon 867,317, 845,330, 853,374, 847,398, 887,436, 902,472, 941,473, 987,436, 965,395, 981,344, 956,318, 925,333
Polygon 325,820, 345,875, 294,928, 270,990, 307,1035, 375,1070, 427,1046, 471,1054, 542,1003, 508,926, 515,854, 498,803, 517,768, 461,737, 382,763
Polygon 446,314, 407,360, 452,412, 452,474, 429,512, 454,586, 391,624, 375,657, 424,699, 504,691, 533,646, 513,575, 548,556, 579,510, 571,456, 587,392, 562,334, 506,310
Polygon 49,783, 28,829, 33,874, 21,919, 33,965, 26,1012, 78,1037, 127,981, 98,922, 133,870, 117,806, 88,782
Polygon 73,260, 113,264, 132,336, 123,393, 133,465, 107,529, 68,552, 27,525, 21,467, 33,409, 25,339, 39,287

Spline 739,880, 736,845, 743,811, 741,786, 750,759, 783,771, 800,798, 789,823, 818,842, 821,871, 847,897, 857,934, 831,965, 851,987, 825,1009, 817,1031, 763,1043, 717,1012, 741,974, 735,938, 755,907, 739,880, 11
Spline 925,333, 867,317, 845,330, 853,374, 847,398, 887,436, 902,472, 941,473, 987,436, 965,395, 981,344, 956,318, 925,333, 17
Spline 382,763, 325,820, 345,875, 294,928, 270,990, 307,1035, 375,1070, 427,1046, 471,1054, 542,1003, 508,926, 515,854, 498,803, 517,768, 461,737, 382,763, 17
Spline 506,310, 446,314, 407,360, 452,412, 452,474, 429,512, 454,586, 391,624, 375,657, 424,699, 504,691, 533,646, 513,575, 548,556, 579,510, 571,456, 587,392, 562,334, 506,310, 17
Spline 88,782, 49,783, 28,829, 33,874, 21,919, 33,965, 26,1012, 78,1037, 127,981, 98,922, 133,870, 117,806, 88,782, 17
Spline 39,287, 73,260, 113,264, 132,336, 123,393, 133,465, 107,529, 68,552, 27,525, 21,467, 33,409, 25,339, 39,287, 17
