Size 1100x1020

;Пути красным
PenColor 000000
BrushColor FB0505
Polygon 195,353, 165,353, 165,803, 195,803
Polygon 275,353, 305,353, 305,803, 275,803

;Пути розовым
PenColor FF1A1A
BrushColor FF1A1A
Polygon 276,588, 276,558, 304,558, 304,588
PenColor 242424
Line 305,588, 305,558
Line 275,589, 275,557

BrushColor -1
PenColor FB0505
AngleTextOut 90, Arial, 20, 305, 487, Гагаринская >>
AngleTextOut 90, Arial, 20, 143, 798, << Пл. Ленина
AngleTextOut 90, Arial, 25, 196, 683, Красный проспект, 1

; южный вестибюль
PenColor 000000
Line 195,803, 208,803
Line 275,803, 263,803
Line 208,784, 208,829, 192,829, 162,849, 162,899, 149,899, 87,882, 48,882, 48,996, 80,996, 80,987
Line 80,964, 80,913, 138,929, 145,936, 162,936, 162,945, 305,945, 305,936, 331,936, 335,932, 385,913, 389,913, 389,964
Line 389,989, 389,997, 394,997
Line 412,997, 421,997, 421,882, 385,882, 335,901, 330,896, 305,896, 305,850, 277,830, 263,830, 263,784
BrushColor C0C0C0
Polygon 208,913, 220,913, 220,901, 251,901, 251,913, 263,913, 263,877, 251,877, 251,891, 220,891, 220,877, 208,877
Stairs 208,784, 263,784, 208,822
Stairs 389,913, 421,913, 389,956
Stairs 106,888, 98,918, 87,882
Stairs 48,913, 80,913, 48,955

; кассы
PenColor 000000
BrushColor -1
Line 280,832, 285,825, 306,840, 301,847
AngleTextOut -37, Arial, 10, 288, 823, кассы

; турникеты
Polygon 266,832, 272,832, 272,838, 266,838
Line 243,861, 239,865, 209,865, 0.5
Line 173,865, 162,865, 0.5
PenColor 009900
Stairs 262,839, 265,842, 242,859
PenColor FF0000
Stairs 209,863, 209,867, 172,863

; пути метро зеленым
PenColor 000000
BrushColor 0DA303
Polygon 407,168, 407,138, 857,138, 857,168
;Polygon 430,250, 881,250, 881,280, 430,280
Polygon 407,248, 616,248, 616,278, 407,278
Polygon 651,248, 857,248, 857,278, 651,278

BrushColor -1
PenColor 0DA303
TextOut Arial, 20, 407, 115, << Пл. Гарина-Михайловского
TextOut Arial, 20, 656, 278, Маршала Покрышкина >>
TextOut Arial, 25, 450, 196, Сибирская, 1

; восточный вестибюль
PenColor 000000
Line 857,168, 857,181
Line 857,236, 857,248
Line 864,181, 864,138, 963,138, 963,13, 1063,13, 1063,19
Line 1063,38, 1063,43, 993,43, 993,138, 1002,138, 1002,278, 993,278, 993,373, 1063,373, 1063,378
Line 1063,397, 1063,402, 963,402, 963,278, 864,278, 864,236

; эскалатор 3
PenColor 7F7F7F
Stairs 866,232, 866,185, 816,232
PenColor 000000
BrushColor 9B5509
Polygon 872,185, 813,185, 813,181, 872,181
Polygon 872,196, 872,203, 813,203, 813,196
Polygon 872,214, 872,221, 813,221, 813,214
Polygon 872,232, 813,232, 813,236, 872,236

BrushColor C0C0C0
Polygon 949,172, 965,172, 965,244, 949,244
Stairs 1004,402, 1004,373, 1053,402
Stairs 1004,43, 1004,13, 1053,43
Stairs 963,53, 993,53, 963,62
Stairs 963,112, 993,112, 963,123
Stairs 963,293, 993,293, 963,303
Stairs 963,353, 993,353, 963,363

; кассы
PenColor 000000
BrushColor -1
Line 874,138, 874,165, 864,165
AngleTextOut 90, Arial, 10, 863, 164, кассы

; турникеты
Polygon 875,167, 883,167, 883,175, 875,175
Line 921,212, 930,221, 930,234, 0.5
Line 930,270, 930,278, 0.5
PenColor 009900
Stairs 885,179, 888,176, 920,214
PenColor FF0000
Stairs 928,234, 932,234, 928,271

; средний вестибюль
PenColor 000000
Line 448,43, 452,43, 452,33, 442,33, 442,13, 347,13, 347,17
Line 347,39, 347,43, 375,43, 375,69, 368,76, 108,76, 85,53, 18,53, 18,103, 69,103, 69,99
Line 69,84, 69,80, 35,80, 35,77, 75,77, 91,93, 91,319, 86,324, 35,324, 35,320, 74,320, 74,316
Line 74,298, 74,294, 18,294, 18,351, 375,351, 375,356, 339,356, 339,360
Line 339,378, 339,382, 403,382, 403,43, 423,43
Line 375,181, 375,236
Line 135,300, 135,283, 144,274
Line 131,300, 131,281, 138,274
Line 142,228, 132,218, 132,205, 143,194
Line 138,230, 128,220, 128,203, 137,194
Line 207,133, 217,123, 232,123, 240,131
Line 207,127, 215,119, 234,119, 242,127
Line 295,133, 305,123, 323,123
Line 295,127, 303,119, 323,119
Line 258,305, 258,319
Line 258,351, 258,365
Line 214,305, 214,319
Line 214,351, 214,365
Line 214,319, 258,319
Line 407,168, 407,181
Line 407,236, 407,248

BrushColor C0C0C0
Polygon 188,251, 188,274, 138,274, 138,228, 150,228, 150,224, 163,224, 163,251
Polygon 163,198, 163,153, 211,153, 211,139, 207,139, 207,127, 157,127, 137,147, 137,194, 151,194, 151,198
Polygon 295,179, 266,179, 266,154, 236,154, 236,140, 240,140, 240,127, 249,127, 249,139, 285,139, 285,127, 295,127
Polygon 214,319, 214,307, 209,307, 202,300, 120,300, 120,319
Polygon 258,307, 266,307, 266,300, 278,300, 278,282, 310,250, 317,250, 329,238, 335,238, 335,236, 375,236, 375,319, 258,319
Polygon 335,181, 335,179, 329,179, 323,173, 323,119, 329,113, 329,103, 369,103, 375,109, 375,181

Stairs 214,305, 258,305, 214,319
Stairs 214,353, 258,353, 214,366
Stairs 375,45, 403,45, 375,62
Stairs 405,43, 405,13, 418,43
Stairs 375,356, 375,382, 350,356
Stairs 86,324, 86,351, 35,324
Stairs 39,320, 39,294, 65,320
Stairs 39,103, 39,80, 61,103
Stairs 317,351, 317,319, 330,351
Stairs 153,319, 153,351, 140,319

PenColor E5E5E5
Stairs 214,321, 258,321, 214,351
Line 258,320, 258,350
Line 214,320, 214,350

; эскалатор 3
PenColor F4F4F4
Stairs 400,232, 400,185, 375,232
PenColor E5E5E5
BrushColor F5EEE6
Polygon 403,185, 375,185, 375,181, 403,181
Polygon 403,196, 403,203, 375,203, 375,196
Polygon 403,214, 403,221, 375,221, 375,214
Polygon 403,232, 375,232, 375,236, 403,236

; эскалатор 3
PenColor 7F7F7F
Stairs 372,232, 372,185, 327,232
PenColor 000000
BrushColor 9B5509
Polygon 375,185, 324,185, 324,181, 375,181
Polygon 375,196, 375,203, 324,203, 324,196
Polygon 375,214, 375,221, 324,221, 324,214
Polygon 375,232, 324,232, 324,236, 375,236

; эскалатор 3
PenColor 7F7F7F
Stairs 432,232, 432,185, 403,232
PenColor 000000
BrushColor 9B5509
Polygon 438,185, 403,185, 403,181, 438,181
Polygon 438,196, 438,203, 403,203, 403,196
Polygon 438,214, 438,221, 403,221, 403,214
Polygon 438,232, 403,232, 403,236, 438,236


BrushColor C0C0C0
Ellipse 107,277, 114,284
Ellipse 107,246, 114,253
Ellipse 107,216, 114,223
Ellipse 107,186, 114,193
Ellipse 107,96, 114,103
Ellipse 136,126, 143,133
Ellipse 107,126, 114,133
Ellipse 107,156, 114,163
Ellipse 137,96, 144,103
Ellipse 167,96, 174,103
Ellipse 197,96, 204,103
Ellipse 227,96, 234,103
Ellipse 257,96, 264,103
Ellipse 287,96, 294,103
Ellipse 317,96, 324,103

; кассы
PenColor 000000
BrushColor -1
Line 163,241, 188,241, 188,251
AngleTextOut 0, Arial, 9, 164, 240, кассы

; турникеты
BrushColor FFFFFF
Line 188,300, 188,297, 0.5
Line 188,277, 188,274, 0.5
Line 188,252, 196,252, 0.5
Polygon 232,248, 232,256, 240,256, 240,248
Line 240,248, 266,222, 0.5
Line 266,182, 266,179, 0.5
Line 295,165, 299,165, 0.5
Line 319,165, 323,165, 0.5
PenColor 009900
Stairs 264,222, 268,222, 264,182
Stairs 196,250, 196,254, 230,250
PenColor FF0000
Stairs 299,167, 299,163, 320,167
Stairs 186,297, 190,297, 186,276

;переход
PenColor 000000
Line 575,192, 692,192
Line 575,223, 616,223, 616,248
Line 692,223, 651,223, 651,248
Line 616,278, 616,392
Line 651,278, 651,391
Spline 616,392, 611,409, 593,414
Spline 651,391, 638,430, 599,443
Line 593,414, 472,414
Line 599,443, 472,443
Spline 472,414, 432,427, 419,465
Spline 472,443, 456,448, 450,465
Line 419,465, 419,530
Line 450,465, 450,530
Spline 419,530, 412,550, 392,557
Spline 450,530, 435,575, 387,589
Line 392,557, 305,557
Line 387,589, 305,589
Line 249,517, 249,557, 223,557, 223,517
Line 249,629, 249,589, 223,589, 223,629

PenColor ED0808
Line 304,557, 276,557
Line 304,589, 276,589

PenColor E5E5E5
Line 274,557, 249,557
Line 274,589, 249,589
Line 223,589, 223,557
Stairs 252,557, 252,589, 269,557

PenColor 000000
Stairs 223,589, 249,589, 223,630
Stairs 249,557, 223,557, 249,516
Stairs 651,223, 651,192, 692,223
Stairs 616,192, 616,223, 575,192
Stairs 616,227, 651,227, 616,244

;Улицы голубым
PenColor 00AFAF
BrushColor -1
TextOut Arial, 15, 4, 189, улица Гоголя
TextOut Arial, 15, 1015, 189, улица Гоголя
TextOut Arial, 15, 132, 1004, улица Крылова
AngleTextOut 90, Arial, 15, 1082, 339, улица Мичурина
AngleTextOut 90, Arial, 15, 262, 1012, Красный
AngleTextOut 90, Arial, 15, 274, 1012, проспект
AngleTextOut 90, Arial, 15, 223, 67, Красный
AngleTextOut 90, Arial, 15, 237, 67, проспект

; стрелки
PenColor FF0000
Arrow 922,256, 942,256
Arrow 198,291, 173,291
Arrow 309,173, 309,155
Arrow 373,190, 330,190
Arrow 191,859, 191,876

PenColor 009900
Arrow 907,188, 895,200
Arrow 330,227, 373,227
Arrow 224,111, 224,136
Arrow 117,211, 147,211
Arrow 259,856, 246,843
