Size 910x260

;Пути зеленым
BrushColor 0DA303
Polygon 259,165, 709,165, 709,195, 259,195
Polygon 709,85, 709,55, 259,55, 259,85

PenColor 0DA303
BrushColor -1
TextOut Arial, 20, 261, 35, << Сибирская
TextOut Arial, 20, 546, 195, Берёзовая роща >>
TextOut Arial, 25, 359, 112, Маршала Покрышкина, 1

; правый вестибюль
PenColor 000000
Line 709,85, 709,100
Line 709,165, 709,150
Line 703,100, 738,100, 738,72, 797,72, 797,19, 902,19, 902,24
Line 902,45, 902,50, 827,50, 827,72, 837,72, 837,176, 827,176, 827,203, 861,203, 861,184, 865,184
Line 887,184, 891,184, 891,233, 797,233, 797,176, 738,176, 738,150, 703,150
Stairs 703,150, 703,100, 738,150
Stairs 847,50, 847,19, 888,50
Stairs 861,188, 891,188, 861,203
Stairs 854,203, 854,233, 837,203

BrushColor C0C0C0
Polygon 789,101, 797,101, 797,143, 789,143

; турникеты
BrushColor FFFFFF
Line 746,96, 756,96
Polygon 756,96, 766,96, 766,106, 756,106
Line 761,106, 761,110
Line 761,138, 761,144
Line 761,172, 761,176
PenColor 009900
Stairs 759,110, 763,110, 759,139
PenColor FF0000
Stairs 759,144, 763,144, 759,173

; кассы
PenColor 000000
BrushColor -1
Line 746,72, 746,96, 738,96
AngleTextOut 90, Arial, 7, 738, 93, кассы

; левый вестибюль
Line 259,85, 259,100
Line 259,165, 259,150
Line 265,100, 228,100, 228,72, 168,72, 168,20, 77,20, 77,25
Line 77,45, 77,50, 139,50, 139,72, 128,72, 128,177, 138,177, 138,190, 118,210, 73,210, 73,164, 68,164
Line 47,164, 42,164, 42,241, 125,241, 169,197, 169,177, 228,177, 228,150, 265,150
Stairs 265,150, 265,100, 228,150
Stairs 128,20, 128,50, 90,20
Stairs 118,210, 118,241, 79,210
Stairs 73,180, 42,180, 73,206

BrushColor C0C0C0
Polygon 168,143, 168,101, 175,101, 175,143

; турникеты
BrushColor FFFFFF
Line 221,158, 209,158
Polygon 209,158, 199,158, 199,148, 209,148
Line 204,148, 204,143
Line 204,115, 204,106
Line 204,78, 204,72
PenColor 009900
Stairs 202,143, 206,143, 202,114
PenColor FF0000
Stairs 202,106, 206,106, 202,77

; кассы
PenColor 000000
BrushColor -1
Line 228,158, 221,158, 221,177
AngleTextOut 90, Arial, 7, 220, 176, кассы

PenColor 00CCCC
TextOut Arial, 15, 47, 115, ул. Гоголя
TextOut Arial, 15, 847, 111, ул. Гоголя
AngleTextOut 90, Arial, 15, 8, 190, ул. Ольги Жилиной

BrushColor 0000FF
SpotCircle 15, 54, 50, ShowMessage Авт. 33

PenColor FFFFFF
BrushColor -1
AngleTextOut 0, Arial, 20, 48, 39, А, 1

PenColor FF0000
Arrow 750,158, 772,158
Arrow 215,88, 194,88
PenColor 009900
Arrow 772,124, 750,124
Arrow 194,129, 215,129
