Size 610x835
;Image map_04_stan.gif,10,10,

PenColor EFD086
BrushColor EFD086
Polygon 0,28, 603,28, 603,807, 0,807

; зелень
PenColor 709020
BrushColor 709020
Polygon 0,114, 133,160, 156,141, 213,122, 253,122, 267,84, 248,28, 0,28
Polygon 475,33, 485,56, 491,52, 500,71, 481,82, 476,77, 467,80, 467,64, 460,54, 453,56, 452,54, 424,65, 419,58
Polygon 476,260, 498,247, 522,250, 519,266
Polygon 526,477, 546,467, 550,484, 536,490
Polygon 358,300, 353,332, 366,332, 368,302
Polygon 603,622, 587,633, 590,639, 602,638
Polygon 337,809, 332,799, 333,776, 311,737, 298,733, 290,736, 321,784, 320,794, 285,766, 254,766, 211,782, 211,789, 201,797, 210,809
Polygon 72,688, 68,702, 96,706, 100,685
Polygon 8,626, 14,601, 64,609, 62,636
Polygon 17,571, 17,562, 28,555, 39,557, 53,581

PenColor FFFFFF
Line 604,360, 586,373, 410,508, 6
Line 605,468, 535,493, 407,590, 6
Line 605,44, 462,108, 432,95, 186,180, 181,197, 6
Line 364,25, 320,355, 6
Line 344,176, 578,192, 6
Line 604,177, 528,215, 451,217, 339,207, 270,213, 222,224, 8
Line 606,234, 542,262, 483,276, 334,249, 219,265, 6
Line 483,276, 578,360, 605,408, 6
Line 497,443, 605,582, 4
Line 536,670, 354,439, 4
Line 480,454, 447,419, 429,421, 388,359, 6
Line 425,415, 400,412, 4
Line 400,412, 354,441, 6
Line 408,490, 331,539, 6
Line 331,539, 260,585, 20
Line 393,304, 379,418, 354,435, 6
Line 566,794, 397,611, 6
Line 538,325, 293,289, 6
Line 533,320, 543,235, 450,222, 6
Line 462,108, 458,115, 453,206, 441,268, 437,310, 6
Line 286,26, 254,122, 270,213, 293,289, 251,342, 197,375, 6
Line 251,342, 320,355, 316,338, 228,270, 251,342, 6
Line 290,466, 226,402, 211,361, 189,209, 141,163, 133,161, 93,143, 0,114, 6
Line 314,209, 284,425, 308,443, 6
Line 320,355, 305,461, 6
Line 189,209, 151,217, 142,221, 133,237, 6
Line 173,193, 138,204, 122,219, 6
Line 122,156, 95,190, 6
Line 573,790, 569,773, 543,738, 512,703, 478,667, 419,613, 407,590, 354,523, 321,474, 305,461, 10
Line 400,375, 431,355, 440,358, 488,338, 6
Line 606,145, 591,111, 549,94, 525,106, 521,111, 514,128, 500,129, 482,137, 470,138, 458,148, 442,152, 428,150, 418,144, 380,139, 345,153, 288,163, 281,172, 276,183, 254,180, 216,197, 217,330, 236,391, 305,450, 6
Line 254,122, 213,123, 156,140, 133,161, 6
Line 345,24, 310,45, 281,50, 12
Line 368,24, 407,33, 437,97, 4
Line 419,58, 487,26, 4
Line 514,700, 549,675, 570,663, 559,648, 551,654, 4
Line 531,662, 548,651, 556,662, 4

Line 0,744, 118,767, 192,723, 205,676, 207,625, 16,572, 6
Line 37,551, 199,810, 6
Line 202,621, 114,674, 4,653, 6
Line 159,612, 71,666, 6
Line 59,663, 65,609, 71,607, 6
Line 65,609, 14,600, 6
Line 62,636, 8,626, 6
Line -1,682, 19,554, 6
Line 217,588, 159,567, 134,559, 88,550, 6
Line 88,550, 41,540, 15
Line 33,517, 46,464, 0,454, 8
Line 197,379, 142,418, 15

PenColor FFFFFF
BrushColor FFFFFF
Polygon 0,114, 78,139, 60,159, 95,184, 104,185, 108,189, 105,195, 130,222, 128,229, 159,267, 154,274, 185,314, 197,364, 207,360, 213,366, 225,357, 221,345, 229,340, 238,357, 233,363, 241,383, 213,400, 218,412, 216,413, 279,480, 284,461, 292,452, 249,406, 284,431, 291,431, 304,438, 306,462, 314,469, 328,459, 335,462, 328,467, 333,472, 347,460, 348,432, 370,434, 357,526, 328,484, 312,489, 342,533, 358,523, 360,558, 396,604, 401,601, 406,609, 400,616, 397,611, 388,620, 380,609, 368,616, 406,666, 400,671, 377,681, 199,442, 104,290, 52,170, 0,144
Polygon 402,669, 415,689, 419,688, 438,716, 445,712, 430,684, 452,673, 469,688, 453,704, 478,724, 492,714, 508,733, 488,730, 477,740, 492,769, 494,786, 503,786, 508,786, 515,779, 511,763, 532,755, 521,768, 525,778, 515,795, 503,798, 509,809, 492,808, 474,755, 457,735, 432,726, 412,703, 395,674
Polygon 74,133, 86,123, 116,120, 148,102, 154,87, 151,76, 152,71, 160,70, 183,45, 202,43, 208,35, 231,33, 235,28, 267,26, 265,31, 284,34, 267,83, 256,50, 219,47, 193,53, 159,106, 126,121, 123,135, 104,131, 91,136, 84,133, 81,138
Polygon 538,809, 564,794, 576,789, 603,765, 603,807
Polygon 197,221, 216,197, 225,193, 229,222, 226,225, 230,237, 217,236, 217,218
Polygon 248,183, 267,195, 286,193, 285,165, 262,171
Polygon 604,329, 586,327, 579,332, 564,329, 548,345, 544,341, 535,352, 509,353, 507,346, 488,348, 488,353, 479,350, 479,319, 544,327, 560,313, 563,319, 573,312, 576,306, 599,295, 599,298, 603,295
Polygon 362,428, 325,330, 322,342, 302,328, 319,357, 314,400, 338,403, 351,437
Polygon -1,362, 39,378, 23,403, 42,437, 55,432, 67,418, 86,436, 98,431, 99,435, 138,408, 72,332, 77,323, 148,409, 234,520, 230,520, 180,465, 166,474, 142,465, 142,455, 116,452, 100,456, 79,476, 64,468, 47,474, 42,462, 31,458, 34,450, 5,433, 1,438
Polygon -1,502, 41,512, 44,543, 40,555, 27,555, 17,563, 8,551, -1,548
Polygon 235,519, 226,522, 219,520, 210,522, 196,513, 180,524, 174,519, 166,524, 161,519, 157,519, 149,530, 94,485, 89,497, 161,565, 212,594, 198,617, 207,628, 207,678, 216,665, 218,648, 225,651, 231,661, 250,658, 254,676, 262,695, 289,734, 299,733, 311,737, 336,784, 341,775, 318,726, 318,715, 312,705, 302,692, 286,626, 286,603
Polygon 1,793, 35,787, 54,791, 53,776, 68,779, 75,771, 100,776, 100,786, 114,786, 146,770, 164,769, 175,760, 186,759, 197,752, 209,748, 212,752, 225,742, 228,738, 237,731, 249,730, 262,723, 279,718, 287,736, 268,737, 249,747, 243,741, 219,766, 214,771, 208,765, 201,769, 202,776, 187,784, 177,779, 138,798, 129,794, 101,804, 0,801

PenColor 4B7FC3
BrushColor 4B7FC3
Polygon 0,136, 16,146, 74,174, 81,179, 93,193, 96,197, 90,197, 95,204, 106,209, 106,205, 114,214, 122,224, 130,239, 140,252, 139,255, 150,275, 148,278, 161,290, 177,324, 176,331, 177,335, 185,345, 188,350, 188,354, 185,357, 192,373, 149,403, 146,399, 139,392, 140,397, 135,392, 128,389, 84,334, 81,330, 75,321, 60,309, 11,255, 0,234
Polygon 156,418, 196,389, 208,407, 224,427, 248,453, 278,486, 300,512, 319,535, 267,569, 246,535, 235,520, 209,489, 184,459
Polygon 276,586, 329,552, 345,574, 352,600, 370,624, 377,637, 379,647, 386,661, 400,671, 404,683, 415,697, 426,712, 430,720, 437,725, 456,729, 476,747, 486,775, 491,799, 496,809, 346,809, 340,800, 336,790, 336,783, 340,775, 318,725, 318,714, 312,704, 302,691, 300,681, 297,665, 286,626, 286,603
Line 55,164, 58,148, 64,148, 79,132, 86,129, 97,129, 101,125, 120,126, 122,120, 153,106, 158,87, 154,77, 162,79, 166,69, 184,52, 207,45, 216,38, 234,36, 243,29, 2
Spline 602,607, 598,607, 597,612, 589,615, 580,617, 580,622, 575,622, 575,631, 579,637, 573,645, 575,649, 585,646, 602,645
Spline 602,682, 594,686, 588,688, 581,688, 575,691, 571,697, 568,693, 561,693, 557,700, 550,702, 543,699, 534,702, 531,711, 537,719, 539,724, 531,730
Spline 514,743, 513,755, 517,760, 516,770, 517,774, 522,777, 520,782, 513,788, 510,793, 505,791, 496,793, 489,793
Spline 300,681, 294,699, 295,706, 300,707, 302,707, 302,712, 294,723, 291,727, 291,729, 282,731, 279,729, 272,729, 262,729, 255,735, 240,735, 237,738, 231,746, 221,754, 218,757, 216,764, 212,761, 213,757, 208,754, 199,756, 194,762, 186,764, 181,766, 176,772, 167,774, 153,774, 146,776, 139,776, 133,779, 127,782, 125,788, 121,791, 111,793, 107,792, 104,794, 99,791, 94,790, 86,796, 84,800, 75,798, 60,797, 47,795, 43,793, 35,790, 24,790, 18,795, 14,796, 15,799, 17,801
Spline 598,780, 593,785, 589,789, 583,791, 565,799, 547,809
Polygon 75,321, 64,331, 53,344, 49,362, 48,386, 54,387, 54,401, 59,417, 69,426, 70,429, 74,431, 74,437, 68,439, 63,434, 59,434, 55,430, 51,430, 48,442, 45,452, 41,460, 38,457, 43,445, 47,434, 48,426, 48,416, 45,407, 40,393, 39,383, 41,369, 40,361, 33,354, 19,347, 0,343, 0,334, 10,338, 26,344, 36,348, 41,349, 51,337, 61,323, 60,309
Spline 246,535, 239,539, 234,548, 229,550, 229,555, 3
Spline 237,523, 230,527, 224,527, 217,525, 207,529, 3
Polygon 207,529, 200,520, 195,520, 184,529, 179,533, 175,529, 169,529, 164,525, 158,526, 156,532, 155,536, 153,538, 153,544, 151,544, 153,548, 157,548, 161,551, 166,552, 172,557, 174,557, 178,559, 183,559, 182,556, 192,556, 196,550, 195,549
Polygon 229,555, 236,567, 235,574, 240,575, 240,587, 235,593, 224,589, 222,579, 219,576, 213,568, 213,564, 215,563, 220,563, 223,564, 225,560
Polygon 123,523, 112,513, 101,500, 95,493, 95,491, 97,491, 108,502, 118,513, 124,521
Polygon 134,538, 133,534, 130,530, 132,528, 136,537, 141,543
Polygon 145,547, 152,553, 159,557, 159,556, 145,546
Polygon 87,786, 87,783, 83,777, 80,776, 76,777, 73,781, 72,785, 75,790, 79,791, 79,787, 82,784

PenColor FFFFFF
BrushColor FFFFFF
Polygon 351,734, 356,734, 360,715, 356,709, 358,698, 352,683, 344,667, 333,656, 333,649, 327,644, 322,661, 329,677, 338,694, 340,704, 342,721
Polygon 340,789, 350,793, 351,790, 349,780, 345,768, 350,772, 350,766, 342,757, 339,757, 343,779
Polygon 353,809, 350,803, 356,804, 355,794, 355,771, 357,786, 362,803, 366,809
Polygon 410,809, 400,799, 397,794, 398,786, 397,773, 391,749, 388,727, 396,714, 397,691, 401,690, 410,711, 422,721, 428,733, 428,738, 419,737, 416,743, 423,754, 426,762, 426,767, 423,777, 422,785, 428,809
Polygon 437,809, 432,799, 428,777, 432,769, 430,751, 430,741, 431,731, 434,731, 455,741, 464,752, 464,759, 461,762, 455,764, 453,770, 460,765, 465,762, 471,762, 473,764, 469,770, 461,776, 460,784, 457,788, 453,809
Polygon 456,809, 458,800, 463,795, 463,785, 469,775, 475,773, 477,776, 481,790, 484,801, 490,809
Polygon 0,153, 12,159, 21,163, 32,173, 41,185, 52,204, 60,214, 56,217, 51,218, 24,206, 10,195, 2,184, 2,176, 7,177, 6,174, 0,169
Spline 287,493, 269,509, 242,530, 5
Line 336,558, 278,593, 11

PenColor 000000

Railway 3, 5, 3, 1,528, 115,554, 167,568, 203,556, 288,490, 302,456, 291,437, 266,429, 248,415, 0.5
PenColor FFFFFF
Line 293,461, 310,480, 8
PenColor 000000
Railway 3, 5, 3, 610,176, 542,210, 463,210, 385,203, 305,204, 250,211, 220,220, 206,245, 212,302, 218,355, 230,390, 288,453, 337,510, 391,584, 457,659, 533,743, 590,809, 0.5

BrushColor -1
TextOut Arial, 12, 340, 340, Центральный район, 2
TextOut Arial, 12, 480, 556, Октябрьский район, 2
TextOut Arial, 12, 150, 150, Заельцовский район, 2
TextOut Arial, 12, 470, 110, Калининский район, 2
TextOut Arial, 12, 220, 370, Железнодорожный, 2
TextOut Arial, 12, 253, 385, район, 2
TextOut Arial, 12, 20, 585, Ленинский район, 2
TextOut Arial, 12, 50, 730, Кировский район, 2
TextOut Arial, 12, 542, 270, Дзержинский, 2
TextOut Arial, 12, 553, 285, район, 2

PenColor FB0505
TextOut Arial, 16, 90, 812, Ленинская

PenColor 0DA303
TextOut Arial, 16, 245, 812, Дзержинская

PenColor 0404A4
TextOut Arial, 28, 9, -1, СХЕМА НОВОСИБИРСКОГО МЕТРОПОЛИТЕНА, 1

BrushColor -1
PenColor 040464
SpotRect 169, 303, 140, 10, LoadMap RailWay.map
TextOut Arial, 10, 169, 303, Схема движения электропоездов, 5
