Size 800x750
Angle -40

;Пути красным
PenColor 000000
BrushColor FB0505
Polygon 643,410, 643,440, 193,440, 193,410
Polygon 643,330, 643,300, 193,300, 193,330

PenColor FB0505
BrushColor -1
AngleTextOut 0, Arial, 20, 491, 441, Речной вокзал >>
AngleTextOut 0, Arial, 20, 193, 278, << Площадь Ленина
AngleTextOut 0, Arial, 25, 342, 355, Октябрьская, 1

; правый вестибюль
PenColor 000000
Line 643,330, 643,336
Line 643,410, 643,404
Line 693,336, 693,302, 767,302, 767,275, 709,275, 709,271
Line 709,249, 709,245, 795,245, 795,302, 807,302, 807,433, 795,433, 795,487, 699,487, 699,482
Line 699,462, 699,457, 767,457, 767,434, 693,434, 693,404
Stairs 726,275, 726,245, 757,275
Stairs 716,487, 716,457, 746,487
Line 693,333, 703,333, 703,302
AngleTextOut 90, Arial, 10, 691, 330, кассы

Line 732,434, 732,426
Line 732,390, 732,385, 730,381
Line 712,345, 710,341
Polygon 702,335, 710,331, 714,339, 706,343
PenColor 009900
Stairs 714,344, 710,346, 732,381
PenColor FF0000
Stairs 734,390, 730,390, 734,427

PenColor 000000
BrushColor C0C0C0
Polygon 767,393, 767,351, 759,351, 759,393

; эскалатор 3
PenColor 7F7F7F
Stairs 694,399, 694,341, 637,399
PenColor 000000
BrushColor 9B5509
Polygon 700,341, 631,341, 631,336, 700,336
Polygon 700,354, 700,364, 631,364, 631,354
Polygon 700,378, 700,387, 631,387, 631,378
Polygon 700,399, 631,399, 631,404, 700,404

; левый вестибюль
PenColor 000000
Line 193,330, 193,339, 143,339, 143,302, 73,302, 73,245, -14,245, -14,249
Line -14,270, -14,274, 43,274, 43,303, 33,303, 33,433, 43,433, 43,455, -14,455, -14,459
Line -14,482, -14,486, 73,486, 73,434, 143,434, 143,400, 193,400, 193,410
Stairs 152,400, 152,339, 193,400
Stairs 3,274, 3,245, 33,274
Stairs 3,486, 3,455, 33,486

BrushColor C0C0C0
Polygon 73,393, 73,351, 81,351, 81,393

;Улицы голубым
BrushColor -1
PenColor 00AFAF
AngleTextOut 0, Arial, 15, -43, 355, ул. Кирова
AngleTextOut 0, Arial, 15, 841, 366, ул. Кирова

BrushColor 0000FF
SpotCircle 15, 835, 469, ShowMessage Ост. Метро Октябрьская Авт. 10
SpotCircle 15, 118, 259, ShowMessage Ост. Метро Октябрьская Авт. 10

PenColor FFFFFF
BrushColor -1
AngleTextOut 0, Arial, 25, 827, 453, А, 1
AngleTextOut 0, Arial, 25, 110, 242, А, 1

PenColor FF0000
Arrow 750,411, 768,411
PenColor 009900
Arrow 755,329, 738,329
