Size 1250x1220
Angle 70

;Пути метро зеленым
BrushColor 0DA303
Polygon 625,674, 1058,674, 1058,704, 625,704
Polygon 1058,814, 1058,784, 625,784, 625,814

PenColor 0DA303
BrushColor -1
AngleTextOut 0, Arial, 20, 940, 815, Сибирская >>
AngleTextOut 0, Arial, 20, 940, 650, Сибирская >>
AngleTextOut 0, Arial, 20, 680, 730, Площадь Гарина-Михайловского, 1

; правый вестибюль
PenColor 000000
Line 1058,704, 1058,710, 1065,710
Line 1058,784, 1058,778, 1065,778
Line 1112,710, 1112,674, 1181,674, 1181,665, 1135,619
Line 1156,598, 1181,623, 1181,608, 1142,569, 1107,604
Line 1090,587, 1125,552, 1071,498, 1030,539
Line 1014,521, 1063,472, 1039,448
Line 1053,434, 1129,510, 1134,505, 1108,479
Line 1122,465, 1162,505, 1142,525, 1213,596, 1213,674, 1219,674, 1219,814, 1213,814, 1213,919, 1166,919, 1109,862, 1113,858
Line 1129,844, 1133,840, 1181,888, 1181,814, 1112,814, 1112,778
Stairs 1168,875, 1145,898, 1143,850
Stairs 1035,500, 1052,517, 1014,521
Stairs 1110,567, 1127,584, 1090,587
Stairs 1177,619, 1156,640, 1156,598
Stairs 1077,458, 1063,472, 1053,434
Stairs 1142,485, 1128,499, 1122,465

BrushColor C0C0C0
Polygon 1183,719, 1183,772, 1197,772, 1197,719

; эскалатор 3
PenColor 7F7F7F
Stairs 1110,773, 1110,715, 1068,773
PenColor 000000
BrushColor 9B5509
Polygon 1116,715, 1065,715, 1065,710, 1116,710
Polygon 1116,728, 1116,738, 1065,738, 1065,728
Polygon 1116,752, 1116,761, 1065,761, 1065,752
Polygon 1116,773, 1065,773, 1065,778, 1116,778

; кассы
PenColor 000000
BrushColor -1
Line 1121,674, 1121,704, 1112,704
AngleTextOut -90, Arial, 10, 1123, 677, кассы

; турникеты
Line 1121,704, 1126,709
Polygon 1159,749, 1167,749, 1167,757, 1159,757
Line 1163,804, 1163,814
PenColor 009900
Stairs 1125,711, 1128,708, 1160,746
PenColor FF0000
Stairs 1161,760, 1165,760, 1161,805

; левый вестибюль
PenColor 000000
Line 572,708, 625,708, 625,704
Line 625,784, 625,780, 573,780
Line 578,708, 578,674, 507,674, 507,591, 532,566
Line 514,548, 478,584, 478,616, 466,616, 456,606
Line 437,625, 454,642, 477,642, 477,674, 470,674, 470,814, 478,814, 478,841, 466,853, 439,826
Line 417,848, 488,919
Line 510,897, 486,873, 507,852, 507,814, 578,814, 578,780
Stairs 621,708, 621,780, 572,708
Stairs 478,841, 498,861, 466,853
Stairs 464,895, 486,873, 487,918
Stairs 466,853, 444,875, 440,827
Stairs 507,591, 489,573, 532,566

BrushColor C0C0C0
Polygon 504,716, 504,771, 491,771, 491,716

; кассы
PenColor 000000
BrushColor -1
Line 568,814, 568,784, 578,784
AngleTextOut -90, Arial, 10, 579, 787, кассы

; турникеты
Line 568,784, 563,779
Polygon 522,739, 530,739, 530,731, 522,731
Line 526,684, 526,674
PenColor 009900
Stairs 561,780, 564,777, 526,745
PenColor FF0000
Stairs 524,728, 528,728, 524,683

;Колонны 
PenColor 
BrushColor C0C0C0
Ellipse 643,711, 653,721
Ellipse 663,711, 673,721
Ellipse 683,711, 693,721
Ellipse 703,711, 713,721
Ellipse 723,711, 733,721
Ellipse 743,711, 753,721
Ellipse 763,711, 773,721
Ellipse 783,711, 793,721
Ellipse 803,711, 813,721
Ellipse 823,711, 833,721
Ellipse 843,711, 853,721
Ellipse 863,711, 873,721
Ellipse 883,711, 893,721
Ellipse 903,711, 913,721
Ellipse 923,711, 933,721
Ellipse 943,711, 953,721
Ellipse 963,711, 973,721
Ellipse 983,711, 993,721
Ellipse 1003,711, 1013,721
Ellipse 1023,711, 1033,721

Ellipse 643,765, 653,775
Ellipse 663,765, 673,775
Ellipse 683,765, 693,775
Ellipse 703,765, 713,775
Ellipse 723,765, 733,775
Ellipse 743,765, 753,775
Ellipse 763,765, 773,775
Ellipse 783,765, 793,775
Ellipse 803,765, 813,775
Ellipse 823,765, 833,775
Ellipse 843,765, 853,775
Ellipse 863,765, 873,775
Ellipse 883,765, 893,775
Ellipse 903,765, 913,775
Ellipse 923,765, 933,775
Ellipse 943,765, 953,775
Ellipse 963,765, 973,775
Ellipse 983,765, 993,775
Ellipse 1003,765, 1013,775
Ellipse 1023,765, 1033,775

;Улицы голубым
BrushColor -1
PenColor 00AFAF
AngleTextOut -135, Arial, 15, 694, 219, ул. Шамшурина
AngleTextOut -135, Arial, 15, 574, 1033, ул. Ленина
AngleTextOut -45, Arial, 15, 1236, 619, ул. Челюскинцев
AngleTextOut -107, Arial, 15, 682, 987, Вокзальная магистраль
AngleTextOut -135, Arial, 15, 264, 653, ул. Шамшурина

;Здания беж
PenColor 000000
;BrushColor FEEDB9
BrushColor FEFBF1
Polygon 86,891, 244,733, 483,972, 483,1046, 436,1093, 398,1055, 427,1026, 427,992, 244,809, 124,929
Polygon 776,1190, 693,1107, 742,1058, 713,1029, 816,926, 847,957, 898,906, 979,987
Polygon 734,1108, 898,944, 941,987, 777,1151
PenColor FEEDB9
Polygon 321,539, 372,488, 361,477, 355,483, 325,453, 331,447, 317,433, 266,484
Polygon 615,137, 661,183, 645,199, 660,214, 610,264, 605,259, 539,325, 551,337, 533,355, 521,343, 494,370, 506,382, 489,399, 477,387, 419,445, 363,389
PenColor 000000
Line 504,248, 615,137, 661,183, 645,199, 660,214, 610,264, 605,259, 539,325, 551,337
Line 533,355, 521,343, 494,370, 506,382
Line 489,399, 477,387, 419,445, 363,389, 491,261

PenColor 000000
BrushColor -1
AngleTextOut -135, Arial, 15, 885, 1030, Гостиница
AngleTextOut -135, Arial, 15, 868, 1019, '"Сибирь"'
AngleTextOut -45, Arial, 15, 1097, 488, Подземная ярмарка.
AngleTextOut -135, Arial, 15, 760, 420, Остановка наземного транспорта

; Вокзал
Line 397,532, 507,422
Line 574,355, 703,226
Line 480,399, 489,399, 513,423, 513,432, 2
Line 506,373, 506,382, 530,406, 539,406, 2
Line 524,355, 533,355, 557,379, 557,388, 2
Line 551,328, 551,337, 575,361, 584,361, 2

Stairs 536,399, 550,385, 548,411
Line 529,400, 533,396, 547,410
Line 551,378, 547,382, 561,396

Railway 5, 10, 5, 610,93, 66,637
Railway 5, 10, 5, 600,83, 56,627
Railway 5, 10, 5, 570,53, 26,597
Railway 5, 10, 5, 560,43, 16,587
Railway 5, 10, 5, 530,13, -14,557
Railway 5, 10, 5, 520,3, -24,547

; Пригородный вокзал

; светлые лестницы
PenColor CCCCCC
Stairs 429,579, 440,568, 416,566
Stairs 399,609, 410,598, 386,596
Line 455,605, 449,599, 460,588, 428,556
Line 436,624, 430,618, 419,629, 387,597

; светлые стрелки красные
PenColor FFCCCC
Spline 449,609, 445,603, 444,594, 442,584, 436,575, 2
Line 436,575, 421,560, 2

; светлые стрелки зелёные
PenColor CCEBCC
Spline 354,550, 367,550, 380,559, 2
Arrow 380,559, 416,595, 432,611, 2
Arrow 391,590, 411,610, 2
Spline 411,610, 417,614, 425,614, 433,614, 440,618, 2

; сам вокзал
PenColor 000000
Stairs 414,564, 425,553, 405,555
Stairs 384,594, 395,583, 375,585

Line 363,566, 335,594, 335,609, 356,630
Line 289,697, 262,670, 251,681
Stairs 356,630, 289,697, 338,612

Line 420,608, 397,585, 386,596, 372,582, 372,570, 377,565, 336,524
Line 439,589, 416,566, 427,555, 413,541, 401,541, 396,546, 355,505
Line 416,566, 405,555
Line 397,585, 386,574

Line 370,501, 370,510, 396,536, 405,536, 2
Line 332,539, 341,539, 367,565, 367,574, 2

Spline 461,603, 452,607, 447,616, 438,621, 434,630

; лестница
PenColor 000000
Stairs 414,602, 433,583, 420,608

; пешеходный мост пригородного вокзала
PenColor FFFFFF
BrushColor FFFFFF
Polygon 280,470, 303,447, 177,321, 154,344
PenColor 000000
Line 303,447, 299,443, 325,417
Line 313,405, 287,431, 259,403, 285,377
Line 273,365, 247,391, 219,363, 245,337
Line 233,325, 207,351, 177,321
Line 154,344, 184,374, 158,400
Line 170,412, 196,386, 224,414, 198,440
Line 210,452, 236,426, 264,454, 238,480
Line 250,492, 276,466, 280,470
Stairs 313,405, 325,417, 287,431
Stairs 238,480, 250,492, 264,454
Stairs 273,365, 285,377, 247,391
Stairs 198,440, 210,452, 224,414
Stairs 158,400, 170,412, 184,374
Stairs 233,325, 245,337, 207,351

Line 299,451, 317,433, 331,447, 325,453, 355,483, 361,477, 372,488, 352,508
Line 348,512, 344,516
Line 339,521, 321,539, 266,484, 284,466
Line 289,461, 294,456

; пешеходный мост вокзала
PenColor FFFFFF
BrushColor FFFFFF
Polygon 504,248, 407,151, 394,164, 491,261
PenColor 000000
Line 504,248, 459,203, 485,177
Line 473,165, 447,191, 419,163, 445,137
Line 433,125, 394,164, 491,261
Stairs 445,137, 433,125, 419,163
Stairs 485,177, 473,165, 459,203

; внутри вокзала
PenColor 000000
Polygon 300,479, 329,508, 341,496, 312,467

; стрелки красные
PenColor FF0000
Line 421,560, 408,547
Line 414,550, 408,547, 411,553
Arrow 357,517, 347,507, 347,492, 313,458, 301,458, 290,447
Arrow 461,580, 442,599, 423,580
Spline 451,611, 464,620, 479,623

; стрелки зелёные
PenColor 009900
Spline 442,620, 459,632, 478,635
Line 473,633, 478,635, 473,637
Line 378,577, 391,590
Arrow 292,633, 347,688
Arrow 415,584, 434,603, 422,615, 407,630
Spline 352,551, 329,566, 302,570, 275,561, 254,539, 246,514, 250,487, 264,465
Line 292,633, 292,613
Arrow 280,457, 291,468, 291,480, 325,514, 337,514, 348,525

PenColor 000000
BrushColor -1
AngleTextOut -45, Arial, 15, 189, 343, Переходной мост
AngleTextOut -45, Arial, 15, 482, 296, ЖД
AngleTextOut -45, Arial, 15, 463, 305, вокзал
AngleTextOut -45, Arial, 15, 333, 419, Пригородный
AngleTextOut -45, Arial, 15, 277, 497, вокзал

; разворотный круг
Line 633,549, 699,483
Spline 699,483, 720,475, 739,483, 748,503, 740,524
Line 740,524, 674,590
Spline 674,590, 653,598, 633,590, 625,569, 633,549

; остановки
PenColor 2BF3FF
BrushColor 0000FF
SpotCircle 15, 638, 491, ShowMessage Авт. 3
SpotCircle 15, 724, 573, ShowMessage Авт 60

PenColor FFFFFF
BrushColor -1
AngleTextOut -70, Arial, 20, 646, 482, А, 1
AngleTextOut -70, Arial, 20, 732, 564, А, 1

;Стрелочки входящих зеленые

PenColor 009900
Arrow 1145,711, 1128,728
Arrow 541,769, 554,756

;Стрелочки выходящих красные

PenColor FF0000
Arrow 1154,790, 1174,790
Arrow 535,706, 512,706

