Size 700x1400

;Пути красным
BrushColor FB0505
Polygon 385,250, 415,250, 415,700, 385,700
Polygon 305,250, 275,250, 275,700, 305,700
PenColor FB0505
BrushColor -1
AngleTextOut 90, Arial, 20, 415, 430, Красный проспект >>
AngleTextOut 90, Arial, 20, 251, 700, << Октябрьская
AngleTextOut 90, Arial, 25, 326, 584, Площадь Ленина, 1

; правый вестибюль
PenColor 000000
Line 385,250, 380,250
Line 305,250, 311,250
Line 380,199, 409,199, 409,160, 460,160, 460,230, 522,230
Line 522,200, 490,200, 490,130, 409,130, 409,97, 281,97, 281,129, 231,129, 160,171, 127,130
Line 103,148, 143,200, 143,270
Line 174,270, 174,199, 243,160, 281,160, 281,199, 311,199
BrushColor C0C0C0
Polygon 324,160, 366,160, 366,165, 324,165
Polygon 323,129, 333,129, 333,118, 323,118
Polygon 366,129, 356,129, 356,118, 366,118
Stairs 460,170, 490,170, 460,200
Stairs 490,230, 490,200, 522,230
Stairs 143,240, 174,240, 143,270
Stairs 147,155, 123,173, 127,130

; кассы
BrushColor -1
Line 281,190, 309,190, 309,199
AngleTextOut 0, Arial, 10, 283, 189, кассы

; эскалатор 3
PenColor 7F7F7F
Stairs 375,203, 316,203, 375,248
PenColor 000000
BrushColor 9B5509
Polygon 316,197, 316,252, 311,252, 311,197
Polygon 329,197, 339,197, 339,252, 329,252
Polygon 352,197, 362,197, 362,252, 352,252
Polygon 375,197, 375,252, 380,252, 380,197

; турникеты
BrushColor -1
Polygon 310,184, 310,189, 315,189, 315,184
Line 349,175, 370,175
PenColor 009900
Stairs 317,181, 318,185, 349,173
PenColor FF0000
Stairs 370,173, 370,177, 409,173

; левый вестибюль

PenColor 000000
Line 385,700, 379,700
Line 305,700, 310,700
Line 379,750, 409,750, 409,790, 439,790, 491,820, 510,820, 510,730, 570,730
Line 570,760, 540,760, 540,850, 484,850, 430,820, 409,820, 409,851, 281,851, 281,820, 261,820, 261,850, 230,850, 230,860, 178,860
Line 139,731, 193,731, 193,736
Line 193,747, 193,754
Line 193,765, 193,771, 179,771, 179,820, 200,820, 200,770, 260,770, 260,789, 281,789, 281,750, 310,750
BrushColor C0C0C0
Polygon 324,789, 364,789, 364,783, 324,783
Polygon 322,820, 332,820, 332,831, 322,831
Polygon 366,820, 355,820, 355,831, 366,831
Polygon 244,821, 221,821, 221,792, 244,792
Stairs 510,760, 540,760, 510,790
Stairs 540,760, 540,730, 570,760
Stairs 200,860, 200,820, 180,860
Stairs 140,820, 179,820, 139,771
Stairs 179,771, 179,731, 190,771

; кассы
BrushColor -1
Line 381,750, 381,759, 409,759
AngleTextOut 0, Arial, 10, 384, 749, кассы

; эскалатор 3
PenColor 7F7F7F
Stairs 374,704, 315,704, 374,746
PenColor 000000
BrushColor 9B5509
Polygon 315,698, 315,752, 310,752, 310,698
Polygon 328,698, 338,698, 338,752, 328,752
Polygon 351,698, 361,698, 361,752, 351,752
Polygon 374,698, 374,752, 379,752, 379,698

; турникеты
BrushColor -1
Polygon 375,760, 380,760, 380,765, 375,765
Line 337,775, 324,775
PenColor 009900
Stairs 371,763, 372,767, 336,773
PenColor FF0000
Stairs 324,773, 324,777, 281,773

;Здания беж
PenColor 000000
;BrushColor FEEDB9
BrushColor FEFBF1
Polygon 139,731, 110,731, 110,941, 178,941, 178,860, 139,860
Polygon 560,780, 560,940, 670,940, 670,780
Polygon 580,981, 580,1010, 570,1010, 570,1020, 560,1020, 560,1060, 569,1060, 569,1069, 579,1069, 579,1100, 671,1100, 671,981
Polygon 577,1286, 672,1357, 641,1394, 586,1353, 561,1365, 561,1393, 510,1393, 510,1327
Polygon 180,1131, 180,1279, 130,1279, 130,1180, 2,1180, 2,1131
Polygon 160,1059, 160,1000, 140,1000, 140,1059
Polygon 320,1270, 360,1270, 360,1310, 320,1310
Ellipse 326,1276, 356,1306
Ellipse 136,1016, 166,1044
Line 340,1279, 340,1304
Line 336,1283, 344,1283
Line 332,1287, 348,1287
Line 337,1292, 343,1296
Polygon 491,90, 694,90, 694,40, 537,40, 537,0, 491,0
Polygon 695,1149, 650,1149, 621,1239, 695,1288, 695,1238, 669,1224, 677,1194, 695,1194
Ellipse 546,457, 571,482
Ellipse 554,487, 571,504
Ellipse 554,508, 571,525
Ellipse 546,435, 563,452
Ellipse 546,414, 563,431
Ellipse 546,393, 563,410

; здания без стенки
PenColor FEEDB9
Polygon 695,391, 661,391, 661,545, 695,545
Polygon 8,589, 34,589, 34,580, 44,570, 44,489, 34,479, 34,469, 8,469
Polygon 0,344, 31,344, 31,191, 0,148
Polygon 77,0, 118,35, 145,2, 199,2, 199,28, 167,28, 167,61, 232,61, 232,0
PenColor 000000
Line 695,391, 661,391, 661,545, 695,545
Line 8,469, 34,469, 34,479, 44,489, 44,570, 34,580, 34,589, 8,589
Line 0,148, 31,191, 31,344, 0,344
Line 77,0, 118,35, 145,2, 199,2, 199,28, 167,28, 167,61, 232,61, 232,0

; Первомайский сквер
BrushColor 709020
Polygon 170,1085, 170,984, 49,984, 49,722, 0,722, 0,1085

; подземный переход
PenColor 000000
BrushColor CCCCCC
Stairs 326,1234, 353,1234, 326,1201
Stairs 590,1201, 617,1201, 590,1226
Stairs 556,1248, 576,1268, 540,1264
Stairs 583,1168, 611,1157, 573,1144
Stairs 515,1279, 520,1307, 493,1283
Stairs 190,1130, 219,1130, 190,1160
Stairs 190,1085, 217,1085, 190,1052
Stairs 543,1076, 516,1076, 543,1048
Line 217,1048, 217,1098, 488,1098, 516,1077, 516,1044
Line 543,1044, 543,1089, 493,1127, 539,1193, 585,1173, 573,1144
Line 602,1132, 617,1179, 617,1226
Line 590,1226, 590,1201, 556,1214, 539,1235, 539,1265, 556,1248
Line 576,1268, 560,1284, 520,1307, 497,1310
Line 493,1283, 515,1279, 513,1231, 519,1213, 456,1123, 353,1123, 353,1240
Line 326,1240, 326,1125, 219,1125, 219,1164
Line 190,1165, 190,1048

; остановки
BrushColor 0000FF
SpotCircle 15, 461, 21, ShowMessage Ост. "Пл. Ленина". Авт. 33
SpotCircle 15, 138, 64, ShowMessage Ост "Центр". Авт. 11
SpotCircle 15, 528, 1008, ShowMessage Ост Дом Ленина. Авт. 11
PenColor FFFFFF
BrushColor -1
AngleTextOut 0, Arial, 20, 455, 11, А, 1
AngleTextOut 0, Arial, 20, 132, 54, А, 1
AngleTextOut 0, Arial, 20, 522, 997, А, 1

;Улицы голубым
PenColor 00AFAF
BrushColor -1
AngleTextOut 90, Arial, 15, 326, 1078, Красный проспект
AngleTextOut 90, Arial, 20, 203, 416, площадь Ленина
TextOut Arial, 15, 497, 103, ул. Орджоникидзе
TextOut Arial, 15, 497, 690, ул. Депутатская
TextOut Arial, 15, 507, 949, ул. Щетинкина
TextOut Arial, 15, 8, 1094, ул. Горького
TextOut Arial, 15, 537, 1103, ул. Горького
TextOut Arial, 15, 8, 1304, ул. Чаплыгина
TextOut Arial, 15, 5, 398, ул. Ленина
AngleTextOut -45, Arial, 15, 48, 0, Вокзальная магистраль
AngleTextOut -35, Arial, 15, 561, 1217, Октябрьская маг-ль

; надписи на зданиях
PenColor 000000
BrushColor -1
AngleTextOut 0, Arial, 15, 14, 1009, Первомайский сквер
AngleTextOut 0, Arial, 15, 592, 852, Мэрия
AngleTextOut 0, Arial, 15, 585, 1011, Дом памяти
AngleTextOut 0, Arial, 15, 582, 1027, В. И. Ленина
AngleTextOut 90, Arial, 15, 115, 914, Краеведческий музей
AngleTextOut 90, Arial, 15, 7, 311, Центробанк
AngleTextOut 90, Arial, 13, 11, 584, 'Гост. "Центральная"'
AngleTextOut 90, Arial, 15, 669, 541, Театр оперы и балета
AngleTextOut 0, Arial, 15, 576, 1042, (Филармония)
AngleTextOut 0, Arial, 15, 501, 47, Архитектурно-строительная
AngleTextOut 0, Arial, 15, 550, 63, академия
AngleTextOut 0, Arial, 15, 515, 1333, 'Маг. "Под строкой"'
AngleTextOut 90, Arial, 15, 578, 531, Памятник В. И. Ленину
AngleTextOut 0, Arial, 15, 274, 1315, Часовня св. Николая

; стрелки
PenColor 009900
Arrow 329,172, 333,187
Arrow 356,777, 352,761
PenColor FF0000
Arrow 388,182, 388,166
Arrow 306,769, 306,783
