Size 1350x760

;Пути красным
BrushColor FB0505
Polygon 266,279, 716,279, 716,309, 266,309
Polygon 266,419, 716,419, 716,389, 266,389

PenColor FB0505
BrushColor -1
TextOut Arial, 20, 266, 258, << тупик
TextOut Arial, 20, 574, 419, Студенческая >>
TextOut Arial, 25, 409, 315, Площадь Маркса, 1

; правый вестибюль
PenColor 000000
Line 716,309, 725,309, 716,300, 716,279, 800,279, 800,164, 851,113
Line 874,136, 832,178, 832,278, 845,278, 845,298, 865,298, 865,324
Line 716,389, 725,389, 716,398, 716,419, 845,419, 845,404, 865,404, 865,374
Line 847,324, 1046,324, 1062,340, 1165,237, 1133,205, 1103,235
Line 847,374, 896,374, 896,459, 846,509, 811,474
Line 784,501, 843,560, 932,471, 932,374, 1016,374, 1124,482, 1095,511
Line 1118,534, 1172,480, 1087,395, 1087,365, 1190,262, 1217,289, 1188,318
Line 1211,341, 1290,262
Line 1267,239, 1238,268, 1153,183, 1185,151
Line 1163,129, 1080,212

Stairs 677,389, 677,309, 726,389
Stairs 847,374, 847,324, 878,374
Stairs 1087,365, 1062,340, 1099,353
Stairs 1124,482, 1147,505, 1095,511
Stairs 846,509, 819,536, 812,475
Stairs 1164,288, 1139,263, 1178,274
Stairs 1261,291, 1238,268, 1290,262
Stairs 1153,183, 1131,161, 1185,151
Stairs 1217,289, 1240,312, 1188,318
Stairs 1110,182, 1133,205, 1080,212
Stairs 811,153, 834,176, 851,113

;Кассы, турникеты
BrushColor -1
Line 855,404, 855,374
Polygon 780,331, 791,331, 791,342, 780,342
Line 785,279, 785,283
Line 785,327, 785,331
Line 785,342, 785,347
Line 785,415, 785,419
AngleTextOut 90, Arial, 10, 854, 402, кассы
PenColor 009900
Stairs 782,347, 788,347, 782,416
PenColor FF0000
Stairs 782,283, 788,283, 782,328

; левый вестибюль
PenColor 000000
Line 266,309, 258,309, 266,301, 266,279, 176,279, 176,197, 125,146
Line 103,168, 146,211, 146,278, 136,278, 136,298, 124,298, 124,323, 136,323, 136,373, 125,373, 125,399, 136,399, 136,419, 146,419, 146,525, 114,557
Line 136,579, 176,539, 176,419, 266,419, 266,397, 258,389, 266,389

Stairs 306,309, 306,389, 257,309
Stairs 146,438, 175,438, 146,460
Stairs 176,239, 146,239, 176,218
Stairs 146,504, 176,504, 146,525
Stairs 146,525, 168,547, 114,557
Stairs 134,199, 156,177, 103,168

PenColor FF0000
Arrow 771,309, 798,309
Arrow 238,309, 211,309
PenColor 009900
Arrow 798,381, 771,381
Arrow 211,381, 238,381


;Колонны 
PenColor 000000
BrushColor CCCCCC
Ellipse 365,341, 386,362
Ellipse 480,341, 501,362
Ellipse 594,341, 615,362
Ellipse 1071,380, 1062,391
Ellipse 1033,342, 1024,353
Ellipse 1052,361, 1043,372

;Кассы, турникеты
BrushColor -1
Line 213,419, 213,429, 184,429, 184,419
Line 224,419, 224,415
Polygon 218,331, 229,331, 229,342, 218,342
Line 224,347, 224,342
Line 224,331, 224,327
Line 224,283, 224,279
AngleTextOut 0, Arial, 10, 186, 418, кассы
PenColor 009900
Stairs 221,347, 227,347, 221,416
PenColor FF0000
Stairs 221,283, 227,283, 221,328

;Здания беж
PenColor 000000
;BrushColor FEEDB9
BrushColor FEFBF1
Polygon 1108,575, 1027,656, 1082,711, 1163,630
Polygon 280,563, 355,488, 448,581, 373,656

; памятник
Polygon 534,729, 568,729, 568,718, 563,718, 561,688, 541,688, 539,719, 534,719
Polygon 547,628, 544,620, 551,613, 558,620, 555,628, 561,630, 565,651, 557,654, 559,684, 544,689, 542,669, 546,654, 537,651, 541,630
Polygon 542,673, 530,670, 515,663, 515,670, 526,679, 540,680, 545,686, 551,683, 562,681, 578,674, 581,665, 565,670, 549,672, 555,665, 546,662

; ТЦ "Фестиваль"
PenColor FEFBF1
Polygon 401,108, 448,155, 531,72, 484,25
Polygon 272,141, 382,31, 460,109, 390,179, 370,191, 350,194, 330,191, 310,179
PenColor 000000
Line 310,179, 272,141, 382,31, 430,79, 484,25, 531,72, 448,155, 431,138, 390,179
Spline 390,179, 370,191, 350,194, 330,191, 310,179

; остановки
BrushColor 0000FF
SpotCircle 15, 617, 210, ShowMessage Авт. 33
SpotCircle 15, 1306, 198, ShowMessage Авт. 26э
SpotCircle 15, 941, 204, ShowMessgae Авт. 1096
SpotCircle 15, 1245, 465, ShowMessage Авт. 51
SpotCircle 15, 202, 26, ShowMessage Авт 1703
SpotCircle 15, 23, 655, ShowMessage Авт 24
BrushColor FF0000
SpotCircle 15, 93, 593, ShowMessage Трамвай 3

PenColor FFFFFF
BrushColor -1
AngleTextOut 0, Arial, 20, 611, 200, А, 1
AngleTextOut 45, Arial, 20, 1293, 194, А, 1
AngleTextOut -45, Arial, 20, 945, 191, А, 1
AngleTextOut 0, Arial, 20, 1239, 455, А, 1
AngleTextOut 45, Arial, 20, 189, 22, А, 1
AngleTextOut -56, Arial, 20, 30, 643, А, 1
AngleTextOut -56, Arial, 20, 99, 583, Т, 1

;Улицы голубым
BrushColor -1
PenColor 00AFAF
TextOut Arial, 15, 848, 227, ул. Титова
TextOut Arial, 15, 240, 223, ул. Титова
AngleTextOut 45, Arial, 15, 1195, 201, проспект Маркса
AngleTextOut 45, Arial, 15, 16, 170, ул. Блюхера
AngleTextOut -56, Arial, 15, 53, 515, ул. Покрышкина
AngleTextOut -45, Arial, 15, 959, 157, ул. Ватутина

;Подписи
PenColor 000000
TextOut Arial, 15, 307, 136, 'ТЦ "Фестиваль"'
TextOut Arial, 20, 312, 562, 'ТК "Гранит"'
TextOut Arila, 15, 1052, 639, 'ГУМ "Россия"'

TextOut Arial, 20, 416, 231, 'Остановка наземного транспорта "Пл. Маркса"'
AngleTextOut -56, Arial, 15, 21, 533, 'Остановка "Маг. Кристалл"'
AngleTextOut -56, Arial, 15, 18, 577, Конечная трамвая
AngleTextOut 45, Arial, 15, 1210, 228, 'Остановка "Ул. Ватутина"'
TextOut Arial, 20, 470, 735, А. И. Покрышкину

