Size 600x750
BrushColor -1
PenColor 040464
TextOut Arial, 10, 460, 110, Схема направления на восток, 5
SpotRect 460, 110, 133, 15, LoadMap Vostok.map
TextOut Arial, 10, 330, 350, Схема направлений на юг. на Кузбасс. на Сокур через Инскую, 5
SpotRect 330, 350, 300, 15, LoadMap Yug.map
TextOut Arial, 10, 20, 520, Схема направления на запад, 5
SpotRect 20, 520, 133, 15, LoadMap Zapad.map
TextOut Arial, 10, 393, 735, Схема направлений на юг. на Кузбасс. на Сокур через Инскую, 5
SpotRect 393, 735, 300, 15, LoadMap Yug.map

TextOut Arial, 20, 180, 0, Внутригородские линии электропоездов

PenColor 2C04FC
Spline 61,0, 54,35, 50,66, 47,101, 46,143, 55,162, 67,179, 83,193, 92,208, 121,233, 139,254, 175,283, 210,304, 236,321, 254,334, 271,353, 287,374, 311,399, 332,413, 355,434, 363,450, 368,600, 366,743, 15
Spline 55,0, 39,57, 30,94, 30,117, 35,133, 38,162, 42,179, 62,194, 81,205, 103,227, 126,250, 148,270, 179,293, 209,313, 242,340, 266,368, 287,399, 305,418, 339,450, 339,600, 327,743, 15
Line 40,76, 41,150, 70,194, 15
Line 286,384, 355,450, 10
BrushColor 2C04FC
Polygon 359,454, 374,614, 373,750, 319,750, 342,592, 337,443
Spline 359,437, 420,450, 560,465, 600,475, 15

PenColor FFFFFF
BrushColor FFFFFF
Spline 44,135, 46,132, 47,129, 47,125, 45,121, 44,117, 43,114, 44,96, 46,94, 48,92, 49,84, 47,66, 46,64, 43,67, 41,75, 36,87, 34,99, 36,110, 40,124, 41,128, 42,133
Spline 54,181, 53,177, 50,174, 48,170, 46,165, 43,155, 39,147, 37,147, 34,153, 34,159, 37,166, 43,175, 50,181, 52,183
Spline 348,443, 340,429, 337,423, 336,414, 333,412, 331,419, 335,427, 345,443
Polygon 44,135, 46,132, 47,129, 47,125, 45,121, 44,117, 43,114, 44,96, 46,94, 48,92, 49,84, 47,66, 46,64, 43,67, 41,75, 36,87, 34,99, 36,110, 40,124, 41,128, 42,133
Polygon 54,181, 53,177, 50,174, 48,170, 46,165, 43,155, 39,147, 37,147, 34,153, 34,159, 37,166, 43,175, 50,181, 52,183
Polygon 348,443, 340,429, 337,423, 336,414, 333,412, 331,419, 335,427, 345,443

BrushColor -1
PenColor FFFFFF
AngleTextOut -45, Arial, 14, 92, 197, р.Обь

