Size 1340x1245
Angle 45

;Пути красным
BrushColor FB0505
Polygon 840,637, 840,667, 390,667, 390,637
Polygon 840,670, 840,700, 390,700, 390,670

; серые платформы
BrushColor CFCFCF
PenColor CFCFCF
Polygon 1105,407, 1152,407, 1152,841, 1146,841, 1146,802, 1116,802, 1116,908, 1146,908, 1146,871, 1152,871, 1152,940, 1106,940, 1106,928, 1084,906, 1084,747, 1105,726
Polygon 1218,407, 1244,407, 1244,500, 1281,500, 1281,776, 1302,797, 1302,907, 1281,928, 1281,941, 1218,941, 1218,871, 1224,871, 1224,908, 1254,908, 1254,802, 1224,802, 1224,841, 1218,841

PenColor FB0505
BrushColor -1
TextOut Arial, 15, 402, 618, << Студенческая
TextOut Arial, 15, 736, 701, Октябрьская >>
PenColor 000000
TextOut Arial, 25, 530, 654, Речной вокзал, 1
PenColor FFFFFF
TextOut Arial, 25, 528, 652, Речной вокзал, 1

; правый вестибюль
PenColor 000000
Line 1066,517, 1066,527, 976,547, 976,559, 973,559
Line 973,788, 976,788, 976,797, 1011,832, 1011,906
Line 973,584, 976,584, 976,658, 973,658
Line 973,685, 976,685, 976,756, 973,756

BrushColor CCCCCC
Polygon 840,637, 883,637, 895,649, 895,688, 883,700, 840,700

; кассы
Line 976,595, 991,610, 991,632, 976,647
Line 976,695, 991,710, 991,732, 976,747
BrushColor -1
AngleTextOut -90, Arial, 10, 990, 610, кассы
AngleTextOut -90, Arial, 10, 990, 710, кассы

; эскалатор 2
PenColor 7F7F7F
Stairs 860,614, 860,599, 843,614
PenColor 000000
BrushColor 9B5509
Polygon 863,599, 840,599, 840,597, 863,597
Polygon 863,605, 863,608, 840,608, 840,605
Polygon 863,614, 840,614, 840,616, 863,616

; эскалатор 2
PenColor 7F7F7F
Stairs 860,743, 860,728, 843,743
PenColor 000000
Polygon 863,728, 840,728, 840,726, 863,726
Polygon 863,734, 863,737, 840,737, 840,734
Polygon 863,743, 840,743, 840,745, 863,745

; турникеты
BrushColor -1
Line 921,797, 921,786
Polygon 917,733, 925,733, 925,725, 917,725
Line 908,687, 908,647
Polygon 917,609, 925,609, 925,601, 917,601
Line 921,556, 921,547
PenColor 009900
Stairs 905,646, 911,648, 917,613
Stairs 905,688, 911,686, 917,721
PenColor FF0000
Stairs 918,786, 924,786, 918,737
Stairs 918,556, 924,556, 918,597

; левый вестибюль
PenColor 000000
Line 367,597, 289,597, 289,606, 281,606, 281,610, 283,610
Line 283,638, 281,638, 281,650
Line 367,746, 290,746, 290,737, 281,737, 281,733, 283,733
Line 283,705, 281,705, 281,690
Stairs 252,596, 252,762, 266,596
Line 252,762, 304,762
Line 252,596, 278,596
Line 269,580, 308,580
Stairs 269,596, 269,580, 278,596
Line 281,719, 348,719
Line 281,624, 341,624
Line 283,722, 281,722, 281,716, 283,716
Line 283,627, 281,627, 281,621, 283,621

BrushColor CCCCCC
Polygon 390,637, 349,637, 337,649, 337,688, 349,700, 390,700

; кассы
Line 292,650, 292,690, 281,690, 281,650, 292,650
BrushColor -1
AngleTextOut -90, Arial, 10, 293, 658, кассы

; эскалатор 2
PenColor 7F7F7F
Stairs 387,717, 387,702, 370,717
PenColor 000000
BrushColor 9B5509
Polygon 390,702, 367,702, 367,700, 390,700
Polygon 390,708, 390,711, 367,711, 367,708
Polygon 390,717, 367,717, 367,719, 390,719

; эскалатор 2
PenColor 7F7F7F
Stairs 387,635, 387,620, 370,635
PenColor 000000
Polygon 390,620, 367,620, 367,618, 390,618
Polygon 390,626, 390,629, 367,629, 367,626
Polygon 390,635, 367,635, 367,637, 390,637

; турникеты
BrushColor -1
Line 321,745, 321,742
Line 321,722, 321,715
Polygon 324,684, 318,684, 318,678, 324,678
Line 321,678, 321,661
Polygon 324,661, 318,661, 318,655, 324,655
Line 321,628, 321,620
Line 321,600, 321,597
PenColor 009900
Stairs 323,715, 319,715, 323,686
Stairs 323,628, 319,628, 323,653
PenColor FF0000
Stairs 323,742, 319,742, 323,721
Stairs 323,620, 319,620, 323,599

; рельсы
PenColor 000000
Railway 15, 20, 6, 1163,940, 1163,326
Railway 15, 20, 6, 1192,940, 1192,326

; улицы
PenColor 000000
BrushColor FFFFFF
Line 111,629, 111,325
Line 171,923, 171,325
Spline 111,629, 107,658, 93,681, 72,719, 68,748, 68,770, 68,792, 72,821, 93,859, 107,882, 111,912, 111,923
Spline 111,692, 106,701, 98,712, 91,727, 89,747, 89,770, 89,793, 92,813, 98,828, 106,839, 111,848
Line 111,692, 111,848

PenColor FFFFFF
Polygon 1275,347, 21,347, 21,407, 1335,407
PenColor 000000
Line 1275,347, 21,347
Line 21,407, 1335,407

;Улицы голубым
BrushColor -1
PenColor 00AFAF
AngleTextOut -90, Arial, 15, 1338, 608, ул. Зыряновская
TextOut Arial, 15, 68, 367, Октябрьский Мост
TextOut Arial, 15, 1104, 365, ул. Восход
AngleTextOut -90, Arial, 15, 150, 568, ул. Большевистская
PenColor 000000
AngleTextOut -90, Arial, 15, 60, 686, Конечная остановка автобуса

;Здания беж
;BrushColor FEEDB9
BrushColor FEFBF1
Ellipse 302,485, 381,564
Polygon 299,515, 299,534, 384,534, 384,515

; ж/д
PenColor 000000
Line 1244,407, 1244,500
Line 1281,447, 1281,776, 1302,797, 1302,907, 1281,928, 1281,941
Line 1066,483, 1066,407
Line 1105,407, 1105,726, 1084,747
Line 1084,906, 1106,928, 1106,940
Line 1152,407, 1152,940
Line 1218,407, 1218,941
Line 1281,447, 1333,447
Stairs 1066,407, 1105,407, 1066,483
Stairs 1333,407, 1333,447, 1280,407
Stairs 1245,447, 1281,447, 1244,500
Stairs 1066,483, 1066,517, 1016,483

; подземный переход
Line 1254,802, 1254,908
Line 1116,802, 1116,908
Line 1224,908, 1224,871, 1220,871
Line 1224,802, 1224,841, 1220,841
Line 1146,802, 1146,841, 1150,841
Line 1146,908, 1146,871, 1150,871
Stairs 1116,802, 1146,802, 1116,841
Stairs 1224,802, 1254,802, 1224,841
Stairs 1116,908, 1146,908, 1116,871
Stairs 1224,908, 1254,908, 1224,871

; касса
Line 1064,772, 1064,747, 1084,747, 1084,772
Line 1064,813, 1064,794
Line 1084,813, 1084,794
Line 1064,835, 1064,906, 1084,906, 1084,835
Line 1064,857, 1084,857

PenColor 000000
BrushColor -1
AngleTextOut -90, Arial, 20, 1152, 558, из Новосибирска >>
AngleTextOut -90, Arial, 20, 1240, 412, << в Новосибирск
AngleTextOut -90, Arial, 10, 1081, 870, кассы

; дорожки вокруг станции
PenColor 000000
Stairs 863,616, 863,637, 842,616
Stairs 863,700, 863,726, 842,700
Stairs 368,618, 368,597, 390,618
Stairs 369,746, 369,719, 390,746
Line 976,547, 863,547, 863,597, 838,597, 824,611, 405,611, 391,597, 367,597
Line 976,797, 863,797, 863,745, 838,745, 825,732, 405,732, 391,746, 367,746
Stairs 171,871, 171,841, 228,871
Line 171,871, 1007,871
Line 1066,483, 743,483, 698,607
Line 652,734, 613,841, 171,841
Line 651,841, 1007,841
Line 651,841, 690,735
Line 736,607, 769,517, 1066,517

; подземный переход
Stairs 190,530, 222,530, 190,575
Stairs 63,530, 92,530, 63,575
Line 222,575, 222,500, 174,500
Line 63,575, 63,500, 108,500
Line 190,575, 190,530, 174,530
Line 92,575, 92,530, 108,530

PenColor 009900
Arrow 983,671, 956,671
Arrow 853,629, 833,629
Arrow 853,713, 835,713
Arrow 342,709, 360,709
Arrow 342,631, 359,631
Arrow 1050,783, 1073,783
Arrow 1256,510, 1256,438

PenColor FF0000
Arrow 870,606, 888,601
Arrow 870,735, 888,739
Arrow 966,772, 994,772
Arrow 968,571, 994,571
Arrow 1073,824, 1050,824
Arrow 374,609, 354,609
Arrow 375,732, 355,732
Arrow 1269,439, 1269,510

Opaque 20
Line 108,530, 174,530
Line 108,500, 174,500
Line 698,607, 652,734
Line 690,735, 736,607
Line 1150,841, 1220,841
Line 1150,871, 1220,871
Line 1116,841, 1007,841
Line 1116,871, 1007,871
