Size 880x880
Angle 45

;Пути красным

BrushColor FB0505
Polygon 710,375, 710,345, 260,345, 260,375
Polygon 710,455, 260,455, 260,485, 710,485

PenColor FB0505
BrushColor -1
AngleTextOut 0, Arial, 20, 263, 319, << Площадь Маркса
AngleTextOut 0, Arial, 20, 557, 484, Речной вокзал >>
AngleTextOut 0, Arial, 25, 413, 400, Студенческая, 1

; правый вестибюль
PenColor 000000
Line 710,375, 710,385
Line 710,455, 710,445
Line 700,385, 739,385, 746,378, 746,350, 752,344, 811,344, 823,332, 823,275, 767,275
Line 700,445, 739,445, 746,452, 746,479, 752,485, 823,485, 823,521, 811,533, 771,533
Line 740,275, 734,275, 734,257, 744,247, 757,247, 765,237, 773,237, 773,245, 854,245, 854,385, 864,385, 864,445, 853,445, 853,533, 906,533
Line 770,562, 906,562
Stairs 700,445, 700,385, 739,445
Stairs 823,503, 853,503, 823,521
Stairs 823,325, 854,325, 823,304
Stairs 865,533, 865,562, 903,533
Stairs 811,562, 811,533, 773,562
Stairs 814,245, 814,275, 773,245
BrushColor CCCCCC
Polygon 823,400, 823,431, 815,431, 815,400

; кассы
BrushColor -1
Line 757,344, 757,375, 746,375
AngleTextOut -90, Arial, 10, 759, 348, кассы

; турникеты
Polygon 759,377, 764,377, 764,382, 759,382
Line 780,413, 780,437
Line 780,477, 780,485
PenColor 009900
Stairs 763,385, 767,383, 778,414
PenColor FF0000
Stairs 778,437, 782,437, 778,478

; левый вестибюль
PenColor 000000
Line 260,375, 260,385
Line 260,455, 260,445
Line 270,385, 222,385, 215,378, 215,370, 209,364, 171,364, 171,345, 121,345, 121,340, 95,340, 80,325, 80,255, 11,255, 11,365, 16,365
Line 36,365, 41,365, 41,283, 50,283, 50,545, -14,545
Line -30,545, -35,545, -35,575, 80,575, 80,498, 95,483, 169,483, 169,466, 209,466, 215,460, 215,452, 222,445, 270,445
Stairs -10,575, -10,545, 40,575
Stairs 121,374, 121,345, 140,374
Stairs 122,483, 122,454, 140,483
Stairs 11,296, 41,296, 11,342
Stairs 270,445, 270,385, 232,445
BrushColor CCCCCC
Polygon 79,454, 79,374, 140,374, 140,385, 130,385, 130,445, 140,445, 140,454
Polygon 171,430, 171,400, 184,400, 184,430
Ellipse 78,348, 85,355
Ellipse 78,468, 85,475

; кассы
BrushColor -1
Line 140,385, 140,445
AngleTextOut -90, Arial, 10, 142, 404, кассы

; турникеты
Line 177,364, 177,368
Line 177,396, 177,400
Line 177,430, 177,434
Line 177,462, 177,466
PenColor 009900
Stairs 175,434, 179,434, 175,463
PenColor FF0000
Stairs 175,368, 179,368, 175,397

;Улицы голубым
PenColor 00AFAF
BrushColor -1
AngleTextOut 0, Arial, 20, 282, 505, проспект Маркса
AngleTextOut -90, Arial, 20, 193, 508, ул. Геодезическая

; остановки
PenColor 000000
AngleTextOut 0, Arial, 15, -47, 358, Авт.26э
AngleTextOut 0, Arial, 15, 926, 498, Авт.26э

BrushColor 0000FF
SpotCircle 15, 947, 529, ShowMessage Авт. 26э
SpotCircle 15, -24, 390, ShowMessage Авт. 26э

PenColor FFFFFF
BrushColor -1
AngleTextOut 0, Arial, 25, 939, 513, А, 1
AngleTextOut 0, Arial, 25, -32, 374, А, 1

; стрелки
PenColor FF0000
Arrow 772,455, 790,455
Arrow 188,378, 167,378
PenColor 009900
Arrow 781,396, 765,404
Arrow 167,448, 188,448
