Size 810x900

;трамвай
BrushColor FFFFFF
Ellipse 196,279, 496,579
Railway 5, 9, 8, 796,424, 596,424, 517,418, 483,385, 465,355, 445,330, 405,302, 346,289, 292,300, 247,330, 216,376, 206,429, 217,483, 247,528, 293,559, 346,569, 402,558, 445,528, 465,504, 483,473, 519,440, 596,435, 797,435
Polygon 735,413, 794,413, 794,392, 735,392
Polygon 735,448, 794,448, 794,467, 735,467

; станция
;Пути красным
BrushColor FB0505
Polygon 387,209, 417,209, 417,659, 387,659
Polygon 277,209, 307,209, 307,659, 277,659

BrushColor -1
PenColor FB0505
AngleTextOut 90, Arial, 20, 417, 292, тупик >>
AngleTextOut -90, Arial, 20, 277, 561, Гагаринская >>
AngleTextOut -90, Arial, 25, 363, 356, Заельцовская, 1

; северный вестибюль
PenColor 000000
Line 307,209, 312,209
Line 387,209, 381,209
Spline 381,149, 396,145, 407,134, 411,119
Line 411,119, 411,90, 477,90, 477,124, 514,161, 536,139, 507,110, 507,10
Line 477,10, 477,60, 411,60, 411,50, 282,50, 282,59, 264,59, 134,106
Line 146,136, 273,90, 282,90, 282,119
Spline 282,119, 286,134, 297,145, 312,149
BrushColor C0C0C0
Polygon 312,90, 382,90, 382,94, 312,94
Stairs 435,90, 435,60, 454,90
Stairs 174,92, 185,122, 134,106
Stairs 477,10, 507,10, 477,50

; эскалатор 3
PenColor 7F7F7F
Stairs 376,150, 317,150, 376,212
PenColor 000000
BrushColor 9B5509
Polygon 317,144, 317,216, 312,216, 312,144
Polygon 330,144, 340,144, 340,216, 330,216
Polygon 353,144, 363,144, 363,216, 353,216
Polygon 376,144, 376,216, 381,216, 381,144

; турникеты
BrushColor -1
Line 308,144, 314,138
Line 359,111, 351,111
Polygon 345,114, 345,108, 351,108, 351,114
Line 399,111, 411,111
PenColor 009900
Stairs 313,136, 316,139, 339,111
PenColor FF0000
Stairs 359,113, 359,109, 400,113

; кассы
PenColor 
Line 284,128, 288,124, 308,144, 304,148
AngleTextOut -45, Arial, 10, 291, 123, кассы

; южный вестибюль
Line 387,659, 375,659
Line 307,659, 319,659
Line 375,650, 375,686
Line 319,650, 319,686
Spline 375,684, 390,689, 400,700, 405,715
Line 405,715, 405,743, 443,743, 497,797, 518,776
Line 525,769, 530,764
Line 537,757, 540,754
Line 478,816, 435,774, 406,774, 406,784, 289,784, 289,774, 194,774, 190,778
Line 190,836, 190,847
Line 190,857, 190,864
Line 190,876, 190,884
Line 127,841, 104,818, 126,796
Line 188,741, 290,741, 290,715
Spline 290,715, 294,700, 304,690, 319,684
Stairs 319,650, 375,650, 319,687
Stairs 460,798, 479,779, 478,816
Stairs 497,797, 515,815, 515,779
Stairs 140,782, 163,805, 126,796
Stairs 127,841, 149,819, 144,858

BrushColor C0C0C0
Polygon 320,742, 376,742, 376,738, 320,738

; турникеты
BrushColor -1
Line 378,691, 372,697
Line 330,723, 338,723
Polygon 344,726, 344,720, 338,720, 338,726
Line 302,723, 290,723
PenColor 009900
Stairs 373,699, 370,696, 349,722
PenColor FF0000
Stairs 330,725, 330,721, 301,725

; кассы
PenColor 
Line 383,686, 378,691, 397,710, 402,705
AngleTextOut -45, Arial, 10, 387, 684, кассы

; дома
BrushColor FEFBF1
;BrushColor FEEDB9
Polygon 543,88, 595,140, 595,220, 641,220, 641,145, 653,140, 637,100, 624,105, 575,56
Polygon 647,170, 647,210, 798,210, 798,170
Polygon 558,772, 540,754, 585,709, 634,740, 527,847, 527,888, 478,888, 478,816, 496,834, 515,815
Polygon 598,674, 598,554, 717,554, 717,603, 653,603, 653,708
Polygon 190,836, 166,836, 149,819, 190,778
Polygon 188,741, 188,698, 114,624, 17,624, 17,683, 84,683, 126,725, 126,796, 181,741
Polygon 127,841, 163,877, 163,884, 190,884, 190,888, 127,888
Polygon 575,51, 601,77, 601,3, 575,3
PenColor FEEDB9
Polygon 9,299, 69,299, 118,178, 36,114, 5,154, 55,193, 35,242, 9,242
Polygon 268,2, 268,49, 121,102, 1,8, 61,7, 113,48, 218,10, 218,2
Polygon 478,888, 478,816, 496,834, 515,815, 558,772, 540,754, 585,709, 672,762, 651,795, 607,768, 527,847, 527,888
PenColor 000000
Line 9,299, 69,299, 118,178, 36,114, 5,154, 55,193, 35,242, 9,242
Line 268,2, 268,49, 121,102, 1,8
Line 61,7, 113,48, 218,10, 218,2
Line 478,888, 478,816, 496,834, 515,815, 558,772, 540,754, 585,709, 672,762, 651,795, 607,768, 527,847, 527,888

;Улицы голубым
PenColor 00AFAF
BrushColor -1
TextOut Arial, 15, 620, 263, ул. Дуси Ковальчук
TextOut Arial, 15, 13, 344, ул. Дуси Ковальчук
AngleTextOut 90, Arial, 15, 441, 479, площадь Калинина
AngleTextOut 90, Arial, 15, 310, 877, Красный
AngleTextOut 90, Arial, 15, 322, 877, проспект
AngleTextOut 90, Arial, 15, 420, 180, Красный
AngleTextOut 90, Arial, 15, 437, 180, проспект
AngleTextOut -40, Arial, 15, 56, 88, ул. Перевозчикова

; назвавания остановок
PenColor 0000FF
TextOut Arial, 15, 636, 368, 'Ост. "Пл. Калинина"'
TextOut Arial, 15, 17, 434, 'Ост. "Маг. Чемпион"'
AngleTextOut 90, Arial, 15, 377, 882, 'Ост. "Метро'
AngleTextOut 90, Arial, 15, 392, 889, 'Заельцовская"'
AngleTextOut 90, Arial, 15, 510, 104, 'Ост. "Метро'
AngleTextOut 90, Arial, 15, 524, 111, 'Заельцовская"'

; остановки
PenColor FFF000
BrushColor 0000FF
SpotCircle 15, 68, 468, ShowMessage Авт. 25
SpotCircle 15, 707, 400, ShowMessage Авт. 27
SpotCircle 15, 360, 839, ShowMessage Авт. 76
SpotCircle 15, 556, 28, ShowMessage Авт. 17
BrushColor FF0000
SpotCircle 15, 765, 430, ShowMessage Трамвай 11

BrushColor -1
AngleTextOut 0, Arial, 20, 550, 17, А, 1
AngleTextOut 0, Arial, 20, 62, 457, А, 1
AngleTextOut 0, Arial, 20, 701, 389, А, 1
AngleTextOut 0, Arial, 20, 354, 828, А, 1
AngleTextOut 0, Arial, 20, 760, 419, Т, 1

; стрелки
PenColor FF0000
Arrow 389,119, 389,103
Arrow 312,718, 312,731
PenColor 009900
Arrow 322,120, 333,131
Arrow 365,711, 356,702

; трамвай полупрозрачный
Opaque 20
PenColor 000000
BrushColor FFFFFF
Ellipse 196,279, 496,579
Railway 5, 9, 8, 796,424, 596,424, 517,418, 483,385, 465,355, 445,330, 405,302, 346,289, 292,300, 247,330, 216,376, 206,429, 217,483, 247,528, 293,559, 346,569, 402,558, 445,528, 465,504, 483,473, 519,440, 596,435, 797,435
