Size 760x880
Angle -45

;Пути зеленым
BrushColor 0DA303
Polygon 92,455, 542,455, 542,485, 92,485
Polygon 542,375, 542,345, 92,345, 92,375

PenColor 0DA303
BrushColor -1
TextOut Arial, 20, 102, 492, << Берёзовая роща
TextOut Arial, 20, 467, 485, тупик >>
TextOut Arial, 25, 250, 400, Золотая нива, 1

; оборотные стрелки

PenColor 000000
Line 385,462, 419,462
Spline 419,462, 425,466, 425,474, 419,478
Arrow 419,478, 385,478
AngleTextOut 0, Arial, 15, 245, 351, путь не используется
PenColor FFFFFF
Line 384,461, 418,461
Spline 418,461, 424,465, 424,473, 418,477
Arrow 418,477, 384,477
AngleTextOut 0, Arial, 15, 244, 350, путь не используется


; правый вестибюль
PenColor 000000
Line 542,375, 542,392
Line 542,455, 542,439
Line 571,392, 571,368, 644,368, 644,327, 594,327
Line 594,309, 662,309, 662,403, 798,403, 798,352
Line 816,352, 816,497, 887,497, 887,485, 837,485
Line 837,467, 905,467, 905,515, 798,515, 798,427, 676,427, 676,564
Line 658,564, 658,425, 648,425, 648,462, 571,462, 571,439
Stairs 596,327, 596,309, 642,327
Stairs 658,562, 676,562, 658,516
Stairs 798,354, 816,354, 798,400
Stairs 839,485, 839,467, 885,485

; эскалатор 3
PenColor 7F7F7F
Stairs 572,435, 572,396, 522,435
PenColor 000000
BrushColor 9B5509
Polygon 578,396, 519,396, 519,392, 578,392
Polygon 578,405, 578,411, 519,411, 519,405
Polygon 578,420, 578,426, 519,426, 519,420
Polygon 578,435, 519,435, 519,439, 578,439

; турникеты
BrushColor FFFFFF
Polygon 585,377, 579,383, 573,377, 579,371
Line 627,413, 615,413, 0.5
PenColor FF0000
Stairs 617,415, 612,415, 617,460
PenColor 009900
Stairs 612,412, 615,409, 582,383

; кассы
PenColor 000000
BrushColor -1
Line 620,368, 620,360, 594,360, 594,368
AngleTextOut 0, Arial, 7, 598, 359, кассы

PenColor FF0000
Arrow 589,431, 603,431
PenColor 009900
Arrow 629,387, 613,387


; левый вестибюль
PenColor 000000
Line 92,375, 92,390
Line 92,455, 92,440
Line 99,390, 62,390, 62,362, 2,362, 2,289, -72,289
Line -72,307, -22,307, -22,362, -34,362, -34,467, -22,467, -22,553, 52,553
Line 52,535, 2,535, 2,467, 62,467, 62,440, 99,440
Stairs 99,440, 99,390, 62,440
Stairs -70,307, -70,289, -24,307
Stairs 50,535, 50,553, 4,535

BrushColor C0C0C0
Polygon 2,433, 2,391, 9,391, 9,433

; турникеты
BrushColor FFFFFF
Line 55,448, 38,448, 38,440, 0.5
Polygon 43,409, 33,409, 33,399, 43,399
Line 38,398, 38,394, 9,394, 0.5
PenColor 009900
Stairs 36,440, 40,440, 36,411

; кассы
PenColor 000000
BrushColor -1
Line 62,448, 55,448, 55,467
AngleTextOut 90, Arial, 7, 54, 466, кассы

PenColor 00CCCC
TextOut Arial, 15, 675, 363, ул. Кошурникова
TextOut Arial, 15, -155, 407, ул. Кошурникова
AngleTextOut 90, Arial, 15, 740, 596, ул. Бориса Богаткова

PenColor FF0000
Arrow 49,378, 28,378
PenColor 009900
Arrow 28,426, 49,426
