Size 900x700
Angle 35

; пути

BrushColor E1361E
Polygon 255,324, 705,324, 705,354, 255,354
Polygon 255,456, 255,426, 705,426, 705,456

PenColor E1361E
BrushColor -1
AngleTextOut 0, Arial, 20, 255, 300, << тупик
AngleTextOut 0, Arial, 20, 573, 300, Российская >>
AngleTextOut 0, Arial, 25, 407, 372, Алабинская, 1

; разворотная стрелка
PenColor 000000
Line 354,346, 336,346
Spline 336,346, 330,343, 330,337, 336,334
Arrow 336,334, 354,334
PenColor FFFFFF
Line 353,345, 335,345
Spline 335,345, 329,342, 329,336, 335,333
Arrow 335,333, 353,333

; левый вестибюль
PenColor 000000
Line 255,354, 255,361
Line 199,361, 199,324, 111,324, 102,224, 349,203, 342,130
Line 321,132, 325,181, 267,186, 261,116
Line 15,232, 78,226, 87,324, 87,503, 139,503, 241,521, 243,542, 257,545, 261,585
Line 12,208, 246,188, 240,117
Line 281,583, 276,526, 329,535, 337,629
Line 354,628, 344,517, 141,481, 111,481, 111,456, 199,456, 199,419
Line 255,426, 255,419

Stairs 152,220, 150,196, 137,221
Stairs 337,626, 354,625, 334,592
Stairs 281,580, 261,582, 278,547
Stairs 19,231, 17,208, 61,227
Stairs 79,236, 103,234, 80,249
Stairs 241,120, 261,118, 244,158
Stairs 321,134, 342,132, 325,179

; эскалатор 3
PenColor 7F7F7F
Stairs 254,414, 254,366, 199,414
PenColor 000000
BrushColor 9B5509
Polygon 260,366, 194,366, 194,361, 260,361
Polygon 260,377, 260,385, 194,385, 194,377
Polygon 260,395, 260,403, 194,403, 194,395
Polygon 260,414, 194,414, 194,419, 260,419

BrushColor D0D0D0
Polygon 111,430, 130,430, 130,349, 111,349

; правый вестибюль
Line 705,354, 705,359, 749,359, 749,324, 841,324, 841,304, 839,286, 944,277
Line 946,296, 865,303, 865,506, 867,526, 767,535
Line 766,514, 841,507, 841,456, 749,456, 749,421, 705,421, 705,426

Stairs 749,359, 749,421, 708,359
Stairs 941,296, 939,278, 894,300
Stairs 770,514, 772,534, 815,510

BrushColor D0D0D0
Polygon 826,351, 841,351, 841,429, 826,429

; названия улиц голубым
PenColor 00AFAF
BrushColor -1
AngleTextOut -85, Arial, 15, 298, 73, улица Осипенко
AngleTextOut 5, Arial, 15, -90, 374, улица Ново-Садовая
PenColor 000000

; стрелки
PenColor FF0000
Arrow 216,372, 188,372
Arrow 139,336, 112,336
Arrow 812,442, 836,442
Arrow 731,405, 755,405
PenColor 009900
Arrow 114,441, 138,441
Arrow 190,409, 215,409
Arrow 833,340, 808,340
Arrow 755,376, 731,376

; "закрыто"
Opaque 70
PenColor FFD0D0
BrushColor FFD0D0
Polygon 249,423, 710,423, 710,461, 249,461
Opaque 100
PenColor FF4040
BrushColor -1
AngleTextOut 0, Arial, 20, 441, 432, Закрыто
Dashed 249,423, 710,423, 710,461, 249,461, 249,423
