Size 890x780
Angle 35

; пути

BrushColor E1361E
Polygon 204,297, 654,297, 654,327, 204,327
Polygon 204,437, 204,407, 654,407, 654,437

PenColor E1361E
BrushColor -1
AngleTextOut 0, Arial, 20, 204, 274, << Победа
AngleTextOut 0, Arial, 20, 537, 437, Кировская >>
AngleTextOut 0, Arial, 25, 361, 350, Безымянка, 1

; левый вестибюль

PenColor 000000
Line 204,327, 204,337, 153,337, 153,301, 77,301, 77,306, 65,306, 65,242, 115,242
Line 115,224, 41,224, 41,517, -9,517
Line -9,535, 115,535
Line 115,517, 65,517, 65,428, 77,428, 77,433, 153,433, 153,397, 204,397, 204,407

Stairs 155,337, 155,397, 201,337
Stairs 113,242, 113,224, 67,242
Stairs 113,517, 113,535, 67,517
Stairs -7,517, -7,535, 39,517

BrushColor D0D0D0
Polygon 65,407, 77,407, 77,326, 65,326

; кассы
BrushColor -1
Line 143,433, 143,404, 153,404
AngleTextOut -90, Arial, 10, 155, 406, кассы

; турникеты
BrushColor -1
Line 143,404, 133,404, 0.5
Polygon 99,374, 103,370, 99,366, 95,370
Line 99,314, 99,301, 0.5
PenColor 009900
Stairs 131,405, 134,402, 100,374
PenColor FF0000
Stairs 97,362, 101,362, 97,313

; правый вестибюль

PenColor 000000
Line 654,327, 654,337, 705,337, 705,301, 787,301, 787,306, 797,306, 797,242, 747,242
Line 747,224, 871,224
Line 871,242, 821,242, 821,516, 871,516
Line 871,534, 747,534
Line 747,516, 797,516, 797,428, 787,428, 787,433, 705,433, 705,397, 654,397, 654,407

Stairs 703,337, 703,397, 657,337
Stairs 869,242, 869,224, 823,242
Stairs 749,242, 749,224, 795,242
Stairs 869,516, 869,534, 823,516
Stairs 749,516, 749,534, 795,516

BrushColor D0D0D0
Polygon 787,329, 797,329, 797,407, 787,407

; кассы
BrushColor -1
Line 715,301, 715,330, 705,330
AngleTextOut -90, Arial, 10, 716, 303, кассы

; турникеты
BrushColor -1
Line 715,330, 725,330, 0.5
Polygon 759,360, 755,364, 759,368, 763,364
Line 759,420, 759,433, 0.5
PenColor 009900
Stairs 727,329, 724,332, 757,359
PenColor FF0000
Stairs 761,371, 757,371, 761,421

; стрелки

PenColor FF0000
Arrow 129,324, 113,324
Arrow 723,409, 740,409
PenColor 009900
Arrow 94,413, 107,400
Arrow 766,323, 753,336

; Названия улиц голубым
PenColor 00AFAF
BrushColor -1
AngleTextOut 0, Arial, 15, -64, 361, улица Победы
AngleTextOut 0, Arial, 15, 851, 353, улица Победы
AngleTextOut -90, Arial, 15, 368, 114, улица Ново-Вокзальная
AngleTextOut -90, Arial, 15, 285, 545, 'к ж/д станции "Безымянка"'
Arrow 261,544, 261,709
