Size 960x330

; пути

BrushColor E1361E
Polygon 176,94, 626,94, 626,124, 176,124
Polygon 176,234, 176,204, 626,204, 626,234

PenColor E1361E
BrushColor -1
AngleTextOut 0, Arial, 20, 176, 74, << Московская
AngleTextOut 0, Arial, 20, 502, 234, Спортивная >>
AngleTextOut 0, Arial, 25, 337, 151, Гагаринская, 1

; левый вестибюль

PenColor 000000
Line 176,124, 176,137, 172,137, 172,133, 167,133
Line 176,204, 176,189, 172,189, 172,193, 167,193
Line 146,104, 146,100, 12,100, 12,227, 146,227, 146,223
Line 84,133, 84,129, 123,129, 123,125, 146,125, 146,121
Line 84,193, 84,197, 124,197, 124,201, 146,201, 146,205

; правый вестибюль

Line 626,124, 626,138, 630,138, 630,133, 635,133
Line 626,204, 626,188, 630,188, 630,193, 635,193

; эскалатор 3
PenColor 7F7F7F
Stairs 755,189, 755,137, 640,189
PenColor 000000
BrushColor 9B5509
Polygon 761,137, 635,137, 635,133, 761,133
Polygon 761,149, 761,157, 635,157, 635,149
Polygon 761,169, 761,177, 635,177, 635,169
Polygon 761,189, 635,189, 635,193, 761,193

Opaque 85
PenColor FFFFFF
BrushColor FFFFFF
Polygon 673,195, 673,131, 697,131, 697,195
Opaque 100

BrushColor D0D0D0
Polygon 701,133, 701,193, 757,193, 757,197, 720,197, 720,200, 697,200, 697,126, 719,126, 719,129, 757,129, 757,133

Line 623,9, 697,9, 697,97, 719,97, 719,94, 828,94, 828,234, 720,234, 720,231, 697,231, 697,319, 623,319
Line 623,301, 673,301, 673,27, 623,27
Stairs 625,27, 625,9, 671,27
Stairs 625,301, 625,319, 671,301

; кассы
BrushColor -1
Line 828,103, 838,103, 838,132, 828,132
AngleTextOut 90, Arial, 10, 827, 130, кассы

; турникеты 
Line 761,133, 788,133, 788,138, 0.5
BrushColor -1
Polygon 791,174, 785,174, 785,180, 791,180
Line 761,173, 785,182, 785,234, 0.5
PenColor 009900
Stairs 790,138, 786,138, 790,171

; названия улиц голубым

PenColor 00AFAF
BrushColor -1
AngleTextOut 0, Arial, 15, 833, 147, улица Гагарина
AngleTextOut 90, Arial, 15, 937, 235, улица Революционная
PenColor 000000

; эскалатор 3
PenColor 7F7F7F
Stairs 160,189, 160,137, 86,189
PenColor 000000
BrushColor 9B5509
Polygon 167,137, 81,137, 81,133, 167,133
Polygon 167,149, 167,157, 81,157, 81,149
Polygon 167,169, 167,177, 81,177, 81,169
Polygon 167,189, 81,189, 81,193, 167,193

; стрелки
PenColor FF0000
Arrow 625,183, 647,183
Arrow 713,214, 698,214
PenColor 009900
Arrow 766,143, 750,143
Arrow 697,111, 712,111


; "закрыто"
Opaque 70
PenColor FFD0D0
BrushColor FFD0D0
Polygon 10,98, 148,98, 148,131, 179,131, 179,196, 148,196, 148,229, 10,229
PenColor FF4040

Opaque 100
PenColor FF4040
BrushColor -1
AngleTextOut -90, Arial, 20, 53, 126, Закрыто
Dashed 10,98, 148,98, 148,131, 179,131, 179,196, 148,196, 148,229, 10,229, 10,98
