Size 1090x540
Angle -25

; пути

BrushColor E1361E
Polygon 328,163, 778,163, 778,193, 328,193
Polygon 328,303, 328,273, 778,273, 778,303


PenColor E1361E
BrushColor -1
AngleTextOut 0, Arial, 20, 328, 141, << Безымянка
AngleTextOut 0, Arial, 20, 660, 303, Юнгородок >>
AngleTextOut 0, Arial, 25, 489, 220, Кировская, 1

; левый вестибюль

PenColor 000000
Line 243,202, 243,168, 170,168, 170,172, 163,172, 163,168, 139,168, 139,376, 194,408
Line 206,389, 163,364, 163,296, 170,296, 170,300, 242,300, 242,262
Line 328,193, 328,202, 319,202
Line 328,273, 328,262, 319,262
Stairs 204,388, 193,407, 164,365

BrushColor D0D0D0
Polygon 163,194, 170,194, 170,274, 163,274

; эскалатор 3
PenColor 7F7F7F
Stairs 312,258, 312,206, 238,258
PenColor 000000
BrushColor 9B5509
Polygon 319,206, 233,206, 233,202, 319,202
Polygon 319,218, 319,226, 233,226, 233,218
Polygon 319,238, 319,246, 233,246, 233,238
Polygon 319,258, 233,258, 233,262, 319,262

; кассы
BrushColor -1
Line 243,195, 234,195, 234,168
AngleTextOut 90, Arial, 10, 232, 194, кассы

; турникеты
BrushColor -1
Line 234,195, 203,195, 0.5
Polygon 186,246, 192,246, 192,240, 186,240
Line 189,300, 189,295, 0.5
Line 193,245, 228,222, 233,222, 0.5
Line 184,243, 170,243, 0.5
PenColor 009900
Stairs 190,235, 194,236, 201,194
PenColor FF0000
Stairs 187,294, 191,294, 187,249

; правый вестибюль

PenColor 000000
Line 778,193, 778,202, 784,202, 788,206, 792,206, 792,202, 797,202
Line 778,273, 778,262, 784,262, 788,258, 792,258, 792,262, 797,262

; эскалатор 3
PenColor 7F7F7F
Stairs 924,258, 924,206, 802,258
PenColor 000000
BrushColor 9B5509
Polygon 931,206, 797,206, 797,202, 931,202
Polygon 931,218, 931,226, 797,226, 797,218
Polygon 931,238, 931,246, 797,246, 797,238
Polygon 931,258, 797,258, 797,262, 931,262

;BrushColor -1
;Ellipse 798,-4, 996,194
;PenColor FF0000
Spline 919,202, 939,166, 972,142, 1013,133, 1061,146, 1097,181, 1111,231, 1096,284, 1061,317, 1013,330, 967,319, 935,292, 919,262

; Названия улиц голубым
PenColor 00AFAF
BrushColor -1
AngleTextOut 25, Arial, 15, 855, 8, Кировский рынок
AngleTextOut 25, Arial, 15, 468, 47, 'ТЦ "Золотой Дракон"'
AngleTextOut 60, Arial, 15, 32, 440, 'ж/д станция "Пятилетка"'
Arrow 120,328, 54,443
PenColor 000000

; стрелки

PenColor FF0000
Arrow 227,253, 212,261

PenColor 009900
Arrow 173,182, 184,188

; "закрыто"
Opaque 70
PenColor FFD0D0
BrushColor FFD0D0
Polygon 775,200, 933,200, 933,264, 775,264
PenColor FF4040

Opaque 100
PenColor FF4040
BrushColor -1
AngleTextOut 0, Arial, 20, 830, 217, Закрыто
Dashed 775,200, 933,200, 933,264, 775,264, 775,200
