Size 950x670
Angle 30

; пути
BrushColor E1361E
Polygon 287,320, 737,320, 737,350, 287,350
Polygon 287,353, 737,353, 737,383, 287,383

BrushColor -1
PenColor 000000
AngleTextOut 0, Arial, 20, 302, 321, << Кировская
AngleTextOut 0, Arial, 20, 604, 362, посадки нет >>
AngleTextOut 0, Arial, 20, 478, 352, (проект)
AngleTextOut 0, Arial, 25, 435, 324, Крылья Советов, 1
PenColor FFFFFF
AngleTextOut 0, Arial, 20, 301, 320, << Кировская
AngleTextOut 0, Arial, 20, 603, 361, посадки нет >>
AngleTextOut 0, Arial, 20, 477, 351, (проект)
AngleTextOut 0, Arial, 25, 434, 323, Крылья Советов, 1
PenColor 000000

; левый вестибюль
BrushColor D0D0D0
Polygon 287,310, 234,310, 234,393, 287,393
Line 866,579, 872,579, 872,417, 891,417, 891,286, 115,286, 115,417, 126,417, 126,504
Line 812,453, 806,453, 806,417, 150,417, 150,504

Stairs 285,393, 285,417, 239,393
Stairs 285,310, 285,286, 239,310
Stairs 126,502, 150,502, 126,456

; правый вестибюль
BrushColor D0D0D0
Polygon 737,310, 790,310, 790,393, 737,393
Line 834,453, 839,453, 839,417, 848,417, 848,498, 834,498
Line 812,498, 790,498, 790,579, 812,579
Line 829,579, 850,579

; эскалатор 2 верт
PenColor 7F7F7F
Stairs 831,455, 815,455, 831,497
PenColor 000000
BrushColor 9B5509
Polygon 815,448, 815,502, 812,502, 812,448
Polygon 821,448, 825,448, 825,502, 821,502
Polygon 831,448, 831,502, 834,502, 834,448

Stairs 848,434, 872,434, 848,485
Stairs 739,286, 739,310, 784,286
Stairs 739,417, 739,393, 784,417

;Улицы голубым
PenColor 00AFAF
BrushColor -1
AngleTextOut 0, Arial, 15, -70, 345, Костромской переулок

; трамвай
PenColor C0C0C0
Railway 5, 7, 3, 946,219, 878,261, 758,267, 594,266, 466,263, 340,258, 249,223, 205,149, 223,63, 298,10, 408,28, 466,92, 501,161, 554,220, 647,246, 753,250, 877,242, 936,197
Railway 5, 7, 3, 617,246, 562,236, 506,214, 471,168, 437,101, 393,54, 320,39, 273,54, 240,97, 238,160, 284,210, 351,229, 419,232, 482,243, 516,257, 547,260
