Size 580x640
Angle -50
Polygon -8,247, 442,247, 442,277, -8,277
Polygon -8,387, -8,357, 442,357, 442,387

; пути

BrushColor E1361E
Polygon -8,247, 442,247, 442,277, -8,277
;Polygon 253,239, 253,209, 464,209, 464,239
Polygon -8,387, -8,357, 442,357, 442,387
; Polygon 254,341, 254,311, 464,311, 464,341

PenColor E1361E
BrushColor -1
AngleTextOut 0, Arial, 20, -8, 225, << Российская
AngleTextOut 0, Arial, 20, 309, 387, Гагаринская >>
AngleTextOut 0, Arial, 25, 287, 301, Московская, 1

; правый вестибюль

PenColor 000000
Line 442,277, 442,291, 447,291, 447,286, 452,286
Line 442,357, 442,341, 447,341, 447,346, 452,346

; эскалатор 3
PenColor 7F7F7F
Stairs 558,342, 558,290, 457,342
PenColor 000000
BrushColor 9B5509
Polygon 565,290, 452,290, 452,286, 565,286
Polygon 565,302, 565,310, 452,310, 452,302
Polygon 565,322, 565,330, 452,330, 452,322
Polygon 565,342, 452,342, 452,346, 565,346

Opaque 85
PenColor FFFFFF
BrushColor FFFFFF
Polygon 469,348, 469,284, 493,284, 493,348
Opaque 100

PenColor 000000
BrushColor D0D0D0
Polygon 497,286, 497,346, 553,346, 553,350, 516,350, 516,353, 493,353, 493,279, 515,279, 515,282, 553,282, 553,286

Line 419,162, 493,162, 493,254, 515,254, 515,251, 624,251, 624,383, 516,383, 516,380, 493,380, 493,472, 419,472
Line 419,454, 469,454, 469,180, 419,180
Stairs 421,180, 421,162, 467,180
Stairs 421,454, 421,472, 467,454

; левый вестибюль

Line -8,277, -8,291, -13,291, -13,286, -40,286
Line -8,357, -8,342, -13,342, -13,347, -40,347
Stairs -40,286, -40,347, -13,286

; центральная лестница
Opaque 80
PenColor FFFFFF
BrushColor FFFFFF
Polygon 201,247, 232,247, 232,282, 201,282
Polygon 201,356, 201,355, 232,355, 232,356
Opaque 100

Line 151,299, 201,299, 201,247, 232,247, 232,299, 282,299
Line 151,335, 201,335, 201,356, 232,356, 232,335, 282,335

Stairs 280,299, 280,335, 234,299
Stairs 153,299, 153,335, 199,299

; кассы
BrushColor FFFFFF
Polygon 634,255, 634,300, 624,300, 624,255
BrushColor -1
Line 624,300, 634,300, 634,255
AngleTextOut 90, Arial, 10, 622, 291, кассы

; турникеты 
Line 565,286, 573,278, 0.5
Line 589,278, 595,278, 595,283, 0.5
BrushColor -1
Polygon 598,340, 592,340, 592,346, 598,346
Line 565,326, 592,348, 592,383, 0.5
PenColor 009900
Stairs 597,283, 593,283, 597,338
Stairs 573,276, 573,280, 590,276
PenColor FF0000
Stairs 555,352, 550,352, 555,381

; названия улиц голубым
PenColor 00AFAF
BrushColor -1
AngleTextOut 0, Arial, 15, -48, 395, улица Луначарского
AngleTextOut 0, Arial, 15, 523, 389, улица Гагарина
AngleTextOut 90, Arial, 15, 204, 219, Московское
AngleTextOut 90, Arial, 15, 221, 213, шоссе
AngleTextOut 90, Arial, 15, 203, 476, Московское
AngleTextOut 90, Arial, 15, 220, 470, шоссе

; стрелки

PenColor FF0000
Arrow 449,336, 460,336
Arrow 514,367, 496,367

PenColor 009900
Arrow 573,296, 559,296
Arrow 495,266, 514,266

; "закрыто"
Opaque 70
PenColor FFD0D0
BrushColor FFD0D0
Polygon -82,284, -11,283, -11,349, -82,350
Polygon 149,297, 199,297, 199,245, 234,245, 234,297, 284,297, 284,337, 234,337, 234,356, 199,356, 199,337, 149,337
Opaque 100
PenColor FF4040
BrushColor -1
AngleTextOut 0, Arial, 20, -81, 304, Закрыто
AngleTextOut 0, Arial, 20, 179, 305, Закрыто
Dashed -82,284, -11,283, -11,349, -82,350, -82,284
Dashed 149,297, 199,297, 199,245, 234,245, 234,297, 284,297, 284,337, 234,337, 234,356, 199,356, 199,337, 149,337, 149,297
