Size 880x820
Angle 40

; пути

BrushColor E1361E
Polygon 214,333, 664,333, 664,363, 214,363
Polygon 214,473, 214,443, 664,443, 664,473

PenColor E1361E
BrushColor -1
AngleTextOut 0, Arial, 20, 214, 308, << Советская
AngleTextOut 0, Arial, 20, 544, 473, Безымянка >>
AngleTextOut 0, Arial, 25, 390, 387, Победа, 1

; левый вестибюль

PenColor 000000
Line 214,363, 214,373, 164,373, 164,337, 80,337, 80,341, 75,341, 75,285, 297,285, 297,211
Line 279,211, 279,261, 69,261, 69,211
Line 51,211, 51,601
Line 69,601, 69,551, 279,551, 279,601
Line 297,601, 297,527, 75,527, 75,465, 80,465, 80,469, 164,469, 164,433, 214,433, 214,443
Stairs 166,373, 166,433, 212,373
Stairs 279,213, 297,213, 279,259
Stairs 69,213, 51,213, 69,259
Stairs 69,599, 51,599, 69,553
Stairs 279,599, 297,599, 279,553

BrushColor D0D0D0
Polygon 75,443, 80,443, 80,362, 75,362

; кассы
BrushColor -1
Line 154,469, 154,440, 164,440
AngleTextOut -90, Arial, 10, 166, 442, кассы

; турникеты
BrushColor -1
Line 154,440, 145,440, 0.5
Polygon 102,384, 107,381, 104,376, 99,379
PenColor 009900
Stairs 143,441, 146,439, 105,387
PenColor FF0000
Stairs 99,372, 103,372, 99,338

; правый вестибюль

PenColor 000000
Line 664,363, 664,373, 714,373, 714,337, 800,337, 800,342, 806,342, 806,278, 756,278
Line 756,260, 880,260
Line 880,278, 830,278, 830,533, 880,533
Line 880,551, 735,551
Line 735,533, 806,533, 806,464, 800,464, 800,469, 714,469, 714,433, 664,433, 664,443
Stairs 712,373, 712,433, 666,373
Stairs 878,278, 878,260, 832,278
Stairs 758,278, 758,260, 804,278
Stairs 878,533, 878,551, 832,533
Stairs 737,533, 737,551, 783,533

BrushColor D0D0D0
Polygon 800,364, 806,364, 806,442, 800,442

; Названия улиц голубым
PenColor 00AFAF
BrushColor -1
AngleTextOut -90, Arial, 15, 185, 150, улица имени
AngleTextOut -90, Arial, 15, 170, 129, XXII-го партсъезда
AngleTextOut -90, Arial, 15, 186, 574, улица имени
AngleTextOut -90, Arial, 15, 171, 560, XXII-го партсъезда
AngleTextOut 0, Arial, 15, -56, 386, улица Победы
AngleTextOut 0, Arial, 15, 895, 391, улица Победы
PenColor 000000

; стрелки
PenColor FF0000
Arrow 141,359, 131,359
PenColor 009900
Arrow 98,448, 108,441

; "закрыто"
Opaque 70
PenColor FFD0D0
BrushColor FFD0D0
Polygon 662,371, 712,371, 712,335, 804,335, 804,471, 712,471, 712,435, 662,435
PenColor FF4040

Opaque 100
PenColor FF4040
BrushColor -1
AngleTextOut 0, Arial, 20, 722, 392, Закрыто
Dashed 662,371, 712,371, 712,335, 804,335, 804,471, 712,471, 712,435, 662,435, 662,371
