Size 1003x550
PenColor 0404A4
TextOut Arial, 30, 17, 425, СХЕМА, 1
TextOut Arial, 30, 17, 455, САМАРСКОГО, 1
TextOut Arial, 30, 17, 485, МЕТРОПОЛИТЕНА, 1

; кваталы
BrushColor FFC344
PenColor FFC344
Polygon 852,1, 766,0, 608,82, 538,85, 478,106, 468,58, 420,70, 372,74, 208,72, 171,72, 142,75, 98,87, 12,121, 10,134, 36,162, 125,192, 130,200, 166,218, 168,224, 194,252, 224,306, 242,347, 256,384, 268,378, 276,390, 282,396, 306,402, 302,422, 358,434, 373,446, 400,460, 398,471, 414,473, 430,474, 446,472, 451,422, 496,414, 498,462, 498,480, 505,496, 512,503, 524,502, 530,500, 546,525, 558,535, 566,540, 598,540, 598,546, 720,546, 718,511, 818,512, 832,519, 862,518, 863,472, 896,470, 898,414, 998,420, 1000,274, 987,280, 964,226, 858,224, 874,186, 795,182, 818,138, 834,142, 840,140, 844,132, 838,92, 864,90

; улицы
PenColor FFFFFF
Line 270,114, 268,156, 306,158, 376,208, 692,218, 701,214, 861,218, 10
Line 965,87, 691,112, 592,146, 548,169, 472,211, 10
Line 851,1, 616,110, 560,112, 458,132, 436,128, 415,116, 199,113, 108,163, 84,130, 52,150, 27,158, 10
Line 492,214, 490,230, 372,394, 351,440, 10
Line 372,396, 412,394, 554,362, 782,360, 873,392, 912,400, 999,402, 10
Line 909,399, 998,304, 10
Line 948,360, 975,386, 996,400, 10
Line 752,48, 731,115, 731,298, 725,546, 10
Line 370,205, 368,231, 538,350, 598,395, 10

Line 21,117, 43,152, 5
Line 41,109, 63,143, 5
Line 66,98, 84,128, 5
Line 99,88, 151,180, 5
Line 130,79, 218,228, 5
Line 174,72, 234,170, 5
Line 234,95, 234,169, 200,198, 5
Line 270,74, 268,111, 5
Line 296,74, 294,114, 5
Line 312,74, 310,154, 5
Line 336,116, 334,230, 333,241, 5
Line 366,74, 367,92, 358,100, 358,112, 5
Line 414,72, 418,114, 5
Line 440,66, 450,128, 5
Line 504,46, 534,114, 5
Line 530,35, 544,112, 5
Line 590,83, 590,108, 5
Line 628,72, 639,96, 5
Line 650,60, 662,85, 5
Line 679,45, 694,70, 5
Line 690,0, 724,56, 5
Line 742,12, 740,48, 5
Line 754,7, 768,34, 5
Line 776,1, 788,24, 5
Line 86,128, 140,96, 5
Line 99,146, 189,95, 234,96, 5
Line 368,91, 416,90, 5
Line 443,84, 447,83, 451,84, 456,86, 496,120, 5
Line 477,104, 523,88, 5
Line 499,96, 508,122, 512,190, 5
Line 804,18, 807,1, 5
Line 72,142, 90,174, 106,164, 5
Line 59,168, 79,156, 5
Line 109,168, 124,194, 5
Line 117,180, 207,128, 5
Line 126,195, 216,142, 5
Line 190,180, 226,158, 5
Line 160,176, 174,198, 194,188, 5
Line 208,212, 227,200, 5
Line 217,184, 238,215, 5
Line 220,229, 270,191, 5
Line 212,135, 266,136, 5
Line 272,130, 310,132, 5
Line 252,118, 250,169, 5
Line 234,164, 272,174, 5
Line 272,161, 272,192, 264,247, 5
Line 166,220, 174,212, 5
Line 190,251, 202,240, 5
Line 206,278, 220,270, 5
Line 224,308, 232,304, 5
Line 240,348, 280,330, 5
Line 241,316, 270,303, 5
Line 232,290, 262,280, 5
Line 229,222, 242,240, 252,257, 264,282, 272,306, 286,344, 5
Line 278,392, 286,346, 296,336, 302,230, 301,230, 304,162, 5
Line 227,179, 271,192, 335,192, 5
Line 236,232, 267,226, 5
Line 268,220, 301,219, 5
Line 302,211, 334,212, 5
Line 252,256, 264,248, 301,242, 5
Line 256,263, 284,266, 5
Line 284,246, 284,280, 5
Line 262,278, 310,282, 5
Line 272,304, 315,311, 5
Line 297,336, 394,354, 5
Line 286,350, 363,367, 5
Line 281,378, 368,395, 5
Line 308,338, 298,401, 5
Line 334,343, 322,405, 5
Line 368,350, 356,392, 5
Line 329,412, 326,426, 5
Line 303,406, 300,420, 5
Line 266,382, 256,385, 5
Line 384,248, 317,340, 5
Line 344,319, 316,338, 5
Line 334,312, 438,384, 5
Line 353,290, 473,376, 5
Line 354,290, 342,268, 5
Line 392,374, 415,390, 5
Line 374,262, 518,367, 5
Line 379,308, 424,238, 430,211, 431,128, 5
Line 396,250, 410,234, 414,213, 5
Line 424,266, 440,244, 449,214, 5
Line 464,295, 523,218, 5
Line 438,350, 457,324, 5
Line 456,362, 536,248, 538,218, 5
Line 473,375, 493,349, 5
Line 410,233, 441,244, 578,336, 727,338, 5
Line 492,232, 564,282, 602,313, 727,316, 5
Line 520,332, 560,280, 5
Line 544,349, 582,298, 5
Line 584,358, 586,301, 5
Line 352,344, 357,330, 5
Line 374,338, 389,318, 5
Line 364,422, 404,432, 426,434, 449,430, 498,420, 543,411, 557,417, 599,449, 808,459, 5
Line 398,399, 400,431, 5
Line 412,400, 415,426, 5
Line 436,394, 440,424, 5
Line 480,384, 488,414, 5
Line 414,411, 484,398, 5
Line 506,378, 507,411, 5
Line 507,391, 572,381, 5
Line 589,384, 725,384, 5
Line 404,433, 394,468, 5
Line 399,452, 416,456, 426,457, 437,456, 449,454, 5
Line 452,430, 448,473, 5
Line 496,466, 527,500, 5
Line 506,476, 562,421, 5
Line 586,440, 528,500, 5
Line 594,548, 602,362, 602,216, 602,210, 602,164, 576,116, 5
Line 596,530, 658,532, 5
Line 659,547, 662,453, 5
Line 628,450, 627,532, 5
Line 805,512, 810,413, 5
Line 832,522, 863,520, 870,396, 5
Line 990,390, 1000,380, 5
Line 986,348, 1000,360, 5
Line 988,324, 1000,336, 5
Line 941,397, 1000,332, 5
Line 844,378, 930,320, 994,306, 5
Line 877,390, 904,359, 5
Line 963,338, 942,318, 5
Line 924,377, 882,336, 842,278, 735,278, 726,278, 559,276, 5
Line 975,252, 888,316, 5
Line 966,230, 820,338, 784,338, 5
Line 894,326, 847,256, 862,223, 5
Line 864,344, 820,278, 5
Line 820,368, 820,279, 5
Line 783,356, 782,246, 5
Line 754,298, 756,356, 5
Line 756,365, 755,405, 5
Line 716,402, 718,365, 716,356, 716,279, 5
Line 689,402, 692,364, 690,356, 689,278, 5
Line 664,402, 666,363, 666,356, 665,221, 666,213, 666,120, 662,94, 5
Line 645,401, 646,366, 646,357, 644,222, 5
Line 620,400, 622,366, 624,357, 623,221, 5
Line 583,276, 582,220, 5
Line 562,276, 562,220, 5
Line 554,210, 554,166, 5
Line 543,167, 544,120, 5
Line 774,168, 780,152, 778,135, 776,108, 775,100, 770,77, 5
Line 796,246, 795,221, 794,211, 795,194, 798,180, 807,161, 818,146, 820,139, 822,130, 822,119, 820,104, 818,96, 818,84, 816,68, 814,55, 812,45, 805,25, 5
Line 842,94, 832,12, 5
Line 832,296, 847,284, 5
Line 783,306, 820,306, 5
Line 734,330, 783,330, 5
Line 624,296, 782,297, 5
Line 758,278, 758,248, 5
Line 704,278, 704,219, 5
Line 536,251, 600,251, 5
Line 602,244, 852,246, 5
Line 602,164, 666,161, 5
Line 520,188, 689,182, 695,180, 718,165, 730,161, 742,161, 760,164, 774,170, 798,182, 5
Line 782,62, 860,50, 5
Line 746,79, 762,78, 770,76, 777,72, 780,66, 781,58, 779,52, 775,40, 5
Line 366,120, 369,199, 5
Line 310,154, 397,152, 5
Line 400,206, 398,142, 414,120, 5
Line 366,141, 402,142, 429,142, 5
Line 368,173, 400,173, 460,174, 5
Line 460,208, 460,135, 5
Line 492,196, 489,130, 5
Line 461,158, 544,156, 5
Line 623,132, 618,114, 5
Line 382,120, 384,204, 386,212, 387,220, 386,224, 382,228, 5
Line 365,228, 303,230, 5

; река
BrushColor 5060C0
PenColor 5060C0
Polygon 0,73, 34,44, 78,19, 124,0, 232,0, 295,17, 379,15, 429,0, 594,0, 526,37, 500,48, 426,70, 378,74, 216,72, 178,71, 146,74, 102,86, 37,110, 14,120, 0,130
Polygon 0,200, 66,247, 73,254, 76,260, 96,296, 118,328, 126,338, 208,420, 220,430, 247,442, 266,445, 286,450, 314,458, 390,548, 534,548, 532,543, 532,540, 530,530, 528,525, 524,522, 520,521, 514,522, 508,518, 502,514, 498,512, 494,512, 492,514, 490,518, 484,536, 482,540, 481,540, 480,540, 478,524, 477,520, 480,515, 480,513, 478,510, 474,503, 472,496, 474,492, 478,485, 478,478, 478,474, 475,470, 466,470, 454,473, 438,474, 425,474, 401,472, 372,464, 338,452, 302,431, 274,412, 252,394, 240,382, 234,367, 230,360, 224,354, 216,350, 209,346, 205,342, 204,336, 203,330, 201,325, 197,316, 192,309, 186,300, 185,297, 184,294, 184,290, 186,290, 189,290, 192,298, 197,304, 204,312, 208,312, 211,312, 212,308, 212,304, 208,298, 204,294, 198,289, 195,284, 190,280, 188,278, 184,278, 178,285, 173,284, 171,284, 171,287, 172,290, 174,293, 178,312, 175,315, 172,316, 169,314, 168,308, 169,304, 168,294, 168,286, 164,277, 162,272, 154,270, 146,270, 142,270, 140,274, 134,276, 130,276, 127,274, 127,270, 128,267, 134,266, 140,266, 142,263, 146,260, 144,256, 142,254, 136,252, 126,252, 123,250, 125,246, 132,242, 126,231, 118,221, 113,218, 108,216, 104,216, 98,218, 94,216, 91,212, 90,208, 93,202, 95,202, 96,194, 92,191, 87,188, 78,186, 74,188, 57,186, 49,186, 38,184, 26,178, 17,174, 14,170, 13,168, 18,170, 28,173, 43,178, 59,182, 67,180, 67,179, 58,174, 44,170, 28,166, 10,162, 0,160

; зелень
PenColor 338010
BrushColor 338010
Polygon 468,58, 476,99, 524,84, 526,88, 540,84, 608,82, 766,0, 594,0, 526,37, 500,48
Polygon 866,524, 870,472, 896,470, 898,414, 999,488, 999,518, 986,518, 982,504, 920,522, 926,536, 900,534, 894,528, 876,547, 865,540, 860,544, 857,540, 842,538, 838,536, 834,533, 834,531, 832,524
Polygon 318,334, 315,311, 310,282, 309,266, 310,250, 317,246, 322,244, 325,240, 336,240, 336,248, 340,259, 340,276, 334,277, 334,309
Polygon 802,276, 802,249, 848,249, 843,256, 850,267, 848,282, 846,278, 846,275
Polygon 463,159, 487,158, 489,196, 473,204, 463,204
Polygon 238,73, 237,90, 216,90, 216,72

Polygon 961,216, 869,214, 883,181, 803,177, 810,162, 822,144, 835,147, 844,144, 849,134, 845,103, 961,93
Polygon 961,82, 870,90, 858,3, 865,0, 961,0

; жд
PenColor 000000
Spline 94,210, 121,196, 144,192, 180,211, 213,252, 232,298, 240,322, 258,357, 264,369, 269,384, 290,400, 306,404, 326,408, 372,420, 404,427, 437,427, 496,415, 555,404, 573,401, 588,400, 602,400, 631,402, 836,412, 998,422, 5
Spline 761,407, 817,374, 888,330, 918,311, 937,300, 999,274, 5

; мосты
BrushColor FFFFFF
PenColor FFFFFF
Line 366,408, 356,426, 5
Line 728,394, 728,422, 5
Line 1001,305, 968,230, 5
PenColor 000000
Polygon 166,206, 172,198, 186,208, 180,216, 3
Line 358,401, 361,408, 354,422, 348,424, 4
Line 374,409, 368,411, 361,426, 363,431, 4
Line 718,392, 724,398, 724,418, 719,423, 4
Line 737,393, 732,398, 732,418, 737,423, 4
Line 977,270, 983,272, 990,287, 988,294, 4
Line 992,262, 990,269, 996,284, 1000,286, 4

BrushColor -1
PenColor FFFFFF
AngleTextOut 7, Arial, 25, 349, 30, р.Волга
AngleTextOut -48, Arial, 25, 141, 288, р.Самара
PenColor 000000
AngleTextOut 30, Arial, 9, 102, 162, ул. Самарская
AngleTextOut -59, Arial, 9, 182, 72, ул.Ульяновская
AngleTextOut -92, Arial, 9, 319, 84, ул.Осипенко
AngleTextOut 1, Arial, 9, 288, 148, ул.Мичурина
AngleTextOut -90, Arial, 9, 388, 132, пр.Масленникова
AngleTextOut 0, Arial, 9, 276, 187, ул.Чернореченская
AngleTextOut 2, Arial, 9, 306, 224, ул.Тухачевская
AngleTextOut 56, Arial, 9, 336, 305, ул.Мяги
AngleTextOut 56, Arial, 9, 374, 304, ул.Революционная
AngleTextOut 56, Arial, 9, 450, 276, ул.Авроры
AngleTextOut -36, Arial, 9, 392, 310, ул.Аэродромная
AngleTextOut -36, Arial, 9, 363, 322, ул.Партизанская
AngleTextOut 12, Arial, 9, 463, 126, ул.Ново-Садовая
AngleTextOut -34, Arial, 9, 501, 230, ул.Антонова-Овсеенко
AngleTextOut -34, Arial, 9, 537, 302, ул.Дыбенко
AngleTextOut -35, Arial, 9, 444, 305, ул.М.Тореза
AngleTextOut 13, Arial, 9, 429, 384, ул.Промышленности
AngleTextOut -2, Arial, 9, 575, 210, пр.К.Маркса
AngleTextOut -90, Arial, 9, 608, 236, ул.XXII партсъезда
AngleTextOut -90, Arial, 9, 670, 213, ул.Ново-Вокзальная
AngleTextOut 0, Arial, 9, 618, 309, пр.Металлургов
AngleTextOut 0, Arial, 9, 629, 332, ул.Свободы
AngleTextOut 5, Arial, 9, 698, 106, Московское шоссе
AngleTextOut -92, Arial, 9, 736, 323, пр.Кирова
AngleTextOut 0, Arial, 9, 738, 356, ул.Победы
AngleTextOut -3, Arial, 9, 608, 443, Заводское шоссе
AngleTextOut -34, Arial, 9, 424, 262, пр.Гагарина
BrushColor FFFFFF
