Size 1020x440

; пути

BrushColor E1361E
Polygon 281,144, 731,144, 731,174, 281,174
Polygon 281,284, 281,254, 731,254, 731,284

PenColor E1361E
BrushColor -1
AngleTextOut 0, Arial, 20, 281, 121, << Спортивная
AngleTextOut 0, Arial, 20, 642, 284, Победа >>
AngleTextOut 0, Arial, 25, 452, 201, Советская, 1

; левый вестибюль

PenColor 000000
Line 281,174, 281,184, 231,184, 231,148, 147,148, 147,152, 142,152, 142,89, 192,89
Line 192,71, 118,71, 118,431, 170,431, 170,381
Line 146,381, 146,407, 142,407, 142,276, 147,276, 147,280, 231,280, 231,244, 281,244, 281,254
Stairs 233,184, 233,244, 279,184
Stairs 190,89, 190,71, 144,89
Stairs 142,405, 118,405, 142,383
Stairs 146,383, 170,383, 146,405

BrushColor D0D0D0
Polygon 142,256, 147,256, 147,172, 142,172


; правый вестибюль

Line 731,174, 731,184, 781,184, 781,148, 865,148, 865,155, 873,155, 873,89, 823,89
Line 823,71, 947,71
Line 947,89, 897,89, 897,363, 947,363
Line 947,381, 823,381
Line 823,363, 873,363, 873,273, 865,273, 865,280, 781,280, 781,244, 731,244, 731,254
Stairs 779,184, 779,244, 733,184
Stairs 945,89, 945,71, 899,89
Stairs 825,89, 825,71, 871,89
Stairs 945,363, 945,381, 899,363
Stairs 825,363, 825,381, 871,363

BrushColor D0D0D0
Polygon 865,175, 873,175, 873,253, 865,253

; кассы
BrushColor -1
Line 791,148, 791,177, 781,177
AngleTextOut 90, Arial, 10, 780, 175, кассы

; турникеты
BrushColor -1
Line 791,177, 800,177, 0.5
Polygon 843,233, 838,236, 841,241, 846,238
PenColor 009900
Stairs 802,176, 799,178, 840,230
PenColor FF0000
Stairs 846,245, 842,245, 846,279

; стрелки
PenColor FF0000
Arrow 804,258, 814,258
PenColor 009900
Arrow 847,169, 837,176

; Названия улиц голубым
PenColor 00AFAF
BrushColor -1
AngleTextOut 90, Arial, 15, 710, 136, улица Запорожская
AngleTextOut 0, Arial, 15, 12, 209, улица Гагарина
AngleTextOut 0, Arial, 15, 905, 208, улица Гагарина

; "закрыто"
Opaque 70
PenColor FFD0D0
BrushColor FFD0D0
Polygon 116,69, 233,69, 233,182, 283,182, 283,246, 233,246, 233,433, 116,433
PenColor FF4040

Opaque 100
PenColor FF4040
BrushColor -1
AngleTextOut 0, Arial, 17, 161, 205, Закрыто
Dashed 116,69, 233,69, 233,182, 283,182, 283,246, 233,246, 233,433, 116,433, 116,69
