Size 1030x340

; пути

BrushColor E1361E
Polygon 235,87, 685,87, 685,117, 235,117
Polygon 235,227, 235,197, 685,197, 685,227

PenColor E1361E
BrushColor -1
AngleTextOut 0, Arial, 20, 235, 64, << Гагаринская
AngleTextOut 0, Arial, 20, 571, 227, Советская >>
AngleTextOut 0, Arial, 25, 408, 143, Спортивная, 1

; левый вестибюль

PenColor 000000
Line 235,117, 235,127, 185,127, 185,91, 101,91, 101,95, 96,95, 96,14, 22,14
Line 22,32, 72,32, 72,306, 10,306
Line 10,324, 96,324, 96,219, 101,219, 101,223, 185,223, 185,187, 235,187, 235,197
Stairs 187,127, 187,187, 233,127
Stairs 24,32, 24,14, 70,32
Stairs 12,306, 12,324, 58,306

BrushColor D0D0D0
Polygon 96,199, 101,199, 101,115, 96,115


; правый вестибюль

Line 685,117, 685,127, 735,127, 735,91, 819,91, 819,98, 827,98, 827,32, 777,32
Line 777,14, 901,14
Line 901,32, 851,32, 851,306, 901,306
Line 901,324, 760,324
Line 760,306, 827,306, 827,216, 819,216, 819,223, 735,223, 735,187, 685,187, 685,197
Stairs 733,127, 733,187, 687,127
Stairs 899,32, 899,14, 853,32
Stairs 779,32, 779,14, 825,32
Stairs 899,306, 899,324, 853,306
Stairs 762,306, 762,324, 808,306

BrushColor D0D0D0
Polygon 819,118, 827,118, 827,196, 819,196

; кассы
BrushColor -1
Line 745,91, 745,120, 735,120
AngleTextOut 90, Arial, 10, 734, 118, кассы

; турникеты
BrushColor -1
Line 745,120, 754,120, 0.5
Polygon 797,176, 792,179, 795,184, 800,181
PenColor 009900
Stairs 756,119, 753,121, 794,173
PenColor FF0000
Stairs 800,188, 796,188, 800,222

; стрелки
PenColor FF0000
Arrow 758,201, 768,201
PenColor 009900
Arrow 801,112, 791,119


; Названия улиц голубым
PenColor 00AFAF
BrushColor -1
AngleTextOut 90, Arial, 15, 1009, 206, улица Карбышева
AngleTextOut 0, Arial, 15, 864, 152, улица Гагарина
PenColor 000000

; "закрыто"
Opaque 70
PenColor FFD0D0
BrushColor FFD0D0
Polygon 8,12, 187,12, 187,125, 237,125, 237,189, 187,189, 187,326, 8,326
PenColor FF4040

Opaque 100
PenColor FF4040
BrushColor -1
AngleTextOut 0, Arial, 17, 115, 148, Закрыто
Dashed 8,12, 187,12, 187,125, 237,125, 237,189, 187,189, 187,326, 8,326, 8,12
