Size 1410x1050

PenColor 040464
TextOut Arial, 30, 27, 1, СХЕМА ЛИНИЙ ХАРЬКОВСКОГО МЕТРОПОЛИТЕНА, 1
TextOut Arial, 20, 923, 973, Холодногорско-Заводская линия
TextOut Arial, 20, 924, 999, Салтовская линия
TextOut Arial, 20, 924, 1025, Алексеевская линия

PenColor 505050
BrushColor CCBCCC
Polygon 554,151, 622,161, 670,120, 742,103, 777,151, 806,124, 827,134, 928,55, 975,91, 823,393, 779,418, 729,531, 708,606, 585,461, 458,437, 422,433, 446,365, 456,314, 555,169

BrushColor CCBCBC
Polygon 391,438, 335,453, 258,518, 261,524, 111,633, 119,694, 67,697, 110,802, 195,805, 134,871, 170,889, 238,858, 258,858, 260,806, 299,770, 391,558, 362,497

BrushColor EC9C8C
Polygon 975,91, 1058,160, 1017,270, 1058,307, 1067,354, 1127,396, 1103,517, 1131,516, 940,575, 915,574, 810,520, 803,522, 758,666, 708,606, 729,531, 779,418, 823,393

BrushColor ECBC2C
Polygon 803,522, 810,520, 915,574, 940,575, 1131,516, 1166,511, 1175,616, 1236,665, 1264,638, 1312,681, 758,679, 758,666

BrushColor ECDC2C
Polygon 585,461, 758,666, 746,703, 953,738, 948,765, 938,890, 912,852, 762,844, 792,895, 785,946, 727,965, 747,1036, 718,1035, 669,868, 638,694, 534,543

BrushColor ECCC9C
Polygon 758,679, 1312,681, 1402,760, 1346,878, 1278,870, 1199,935, 1166,886, 1062,874, 953,910, 938,890, 948,765, 953,738, 746,703

BrushColor 5C8C7C
Polygon 398,424, 422,433, 458,437, 585,461, 534,543, 638,694, 669,868, 718,1035, 591,1033, 581,995, 513,1011, 331,955, 322,863, 258,858, 260,806, 299,770, 391,558, 362,497

BrushColor 6C6C9C
Polygon 163,162, 227,221, 277,273, 325,327, 339,331, 362,338, 382,349, 394,361, 401,377, 406,381, 444,375, 422,433, 398,424, 391,438, 335,453, 258,518, 261,524, 111,633, 119,694, 67,697, 63,690, 101,621, 14,472, 40,448, 62,472, 139,415, 147,303, 113,307, 72,236

BrushColor 7C6C8C
Polygon 163,162, 227,221, 277,273, 325,327, 339,331, 362,338, 382,349, 394,361, 401,377, 406,381, 444,375, 446,365, 456,314, 555,169, 554,151, 455,139, 399,104, 367,125, 261,99, 236,63, 205,71, 203,132

PenColor 000000
Line 585,461, 647,335, 761,222, 738,104, 9
Line 488,442, 545,345, 583,270, 661,189, 9
Line 458,437, 475,404, 7
Line 478,404, 538,292, 7
Line 487,265, 539,291, 565,304, 7
Line 446,365, 475,404, 504,413, 9
Line 554,150, 555,169, 487,265, 456,314, 444,375, 424,429, 9
Line 749,235, 802,290, 876,292, 7
Line 398,424, 458,437, 585,461, 708,606, 756,670, 9
Line 975,91, 823,393, 779,418, 729,531, 708,606, 9
Line 901,246, 1029,320, 1051,540, 1134,677, 9
Line 876,292, 1033,358, 9
Line 856,333, 1037,407, 9
Line 830,387, 1046,500, 9
Line 977,292, 903,424, 924,573, 9
Line 1144,512, 940,575, 915,574, 810,520, 823,393, 9
Line 729,531, 810,520, 7
Line 779,599, 927,633, 1089,606, 7
Line 909,571, 894,624, 9
Line 940,575, 954,628, 7
Line 803,522, 730,768, 709,825, 669,868, 324,893, 9
Line 1312,681, 758,679, 9
Line 1274,873, 1063,766, 653,766, 9
Line 1063,766, 1081,683, 9
Line 958,682, 948,765, 9
Line 869,681, 844,766, 9
Line 742,650, 534,543, 7
Line 718,1035, 669,868, 670,860, 653,766, 638,694, 534,543, 586,466, 9
Line 640,703, 484,769, 299,770, 219,690, 7
Line 258,858, 260,806, 299,770, 391,558, 7
Line 569,598, 391,558, 362,497, 391,438, 417,325, 9
Line 206,874, 133,697, 9
Line 67,697, 213,694, 276,585, 333,540, 355,496, 335,453, 334,329, 382,297, 9
Line 73,463, 121,692, 9
Line 111,633, 261,524, 258,518, 335,453, 392,434, 9
Line 298,565, 261,524, 258,518, 188,375, 232,328, 235,283, 7
Line 181,577, 171,439, 277,380, 240,479, 7
Line 232,328, 275,378, 332,378, 7
Line 144,176, 313,377, 7
Line 338,381, 406,381, 444,375, 429,336, 418,323, 384,296, 278,202, 199,135, 7
Line 536,192, 459,160, 400,140, 295,129, 252,109, 7
Line 278,202, 400,140, 7
Line 489,141, 417,188, 462,246, 489,261, 7
Line 462,246, 446,291, 7
Line 461,306, 320,183, 324,178, 296,130, 7
Line 226,157, 282,125, 7
Line 269,135, 305,147, 7
Line 387,242, 389,277, 7
Line 375,285, 414,269, 7

PenColor FFFFFF
Line 585,461, 647,335, 761,222, 738,104, 8
Line 488,442, 545,345, 583,270, 661,189, 8
Line 458,437, 475,404, 6
Line 478,404, 538,292, 6
Line 487,265, 539,291, 565,304, 6
Line 446,365, 475,404, 504,413, 8
Line 554,150, 555,169, 487,265, 456,314, 444,375, 424,429, 8
Line 749,235, 802,290, 876,292, 6
Line 398,424, 458,437, 585,461, 708,606, 756,670, 8
Line 975,91, 823,393, 779,418, 729,531, 708,606, 8
Line 901,246, 1029,320, 1051,540, 1134,677, 8
Line 876,292, 1033,358, 8
Line 856,333, 1037,407, 8
Line 830,387, 1046,500, 8
Line 977,292, 903,424, 924,573, 8
Line 1144,512, 940,575, 915,574, 810,520, 823,393, 8
Line 729,531, 810,520, 6
Line 779,599, 927,633, 1089,606, 6
Line 909,571, 894,624, 8
Line 940,575, 954,628, 6
Line 803,522, 730,768, 709,825, 669,868, 324,893, 8
Line 1312,681, 758,679, 8
Line 1274,873, 1063,766, 653,766, 8
Line 1063,766, 1081,683, 8
Line 958,682, 948,765, 8
Line 869,681, 844,766, 8
Line 742,650, 534,543, 6
Line 718,1035, 669,868, 670,860, 653,766, 638,694, 534,543, 586,466, 8
Line 640,703, 484,769, 299,770, 219,690, 6
Line 258,858, 260,806, 299,770, 391,558, 6
Line 569,598, 391,558, 362,497, 391,438, 417,325, 8
Line 206,874, 133,697, 8
Line 67,697, 213,694, 276,585, 333,540, 355,496, 335,453, 334,329, 382,297, 8
Line 73,463, 121,692, 8
Line 111,633, 261,524, 258,518, 335,453, 392,434, 8
Line 298,565, 261,524, 258,518, 188,375, 232,328, 235,283, 6
Line 181,577, 171,439, 277,380, 240,479, 6
Line 232,328, 275,378, 332,378, 6
Line 144,176, 313,377, 6
Line 338,381, 406,381, 444,375, 429,336, 418,323, 384,296, 278,202, 199,135, 6
Line 536,192, 459,160, 400,140, 295,129, 252,109, 6
Line 278,202, 400,140, 6
Line 489,141, 417,188, 462,246, 489,261, 6
Line 462,246, 446,291, 6
Line 461,306, 320,183, 324,178, 296,130, 6
Line 226,157, 282,125, 6
Line 269,135, 305,147, 6
Line 387,242, 389,277, 6
Line 375,285, 414,269, 6

PenColor 000000
BrushColor -1
AngleTextOut 64, Arial, 9, 611, 396, ул.ШЕВЧЕНКО
AngleTextOut 46, Arial, 9, 590, 256, ул.ПУШКИНСКАЯ
AngleTextOut -19, Arial, 9, 406, 136, ул.ДЕРЕВЯНКО
AngleTextOut -40, Arial, 9, 223, 148, ул.КЛОЧКОВСКАЯ
AngleTextOut -50, Arial, 9, 190, 222, ул.КОТЛОВА
AngleTextOut 55, Arial, 9, 495, 245, ул.СУМСКАЯ
AngleTextOut -41, Arial, 9, 348, 200, просп.ЛЕНИНА
AngleTextOut -64, Arial, 9, 197, 380, ул.ЕЛИЗАРОВА
AngleTextOut -78, Arial, 9, 87, 502, ОКРУЖНАЯ ДОРОГА
AngleTextOut 36, Arial, 9, 167, 586, ПОЛТАВСКИЙ ШЛЯХ
AngleTextOut 60, Arial, 9, 224, 665, просп.ПОСТЫШЕВА
AngleTextOut 4, Arial, 9, 383, 883, СИМФЕРОПОЛЬСКОЕ ШОССЕ
AngleTextOut -74, Arial, 9, 683, 894, просп.ГАГАРИНА
AngleTextOut -30, Arial, 9, 955, 271, ул.УБОРЕВИЧА
AngleTextOut -23, Arial, 9, 940, 313, ул.ГЕРОЕВ ТРУДА
AngleTextOut -22, Arial, 9, 919, 353, ул.БЛЮХЕРА
AngleTextOut -27, Arial, 9, 876, 405, ул.ТИМУРОВЦЕВ
AngleTextOut -85, Arial, 9, 1041, 373, просп.ТРАКТОРОСТРОИТЕЛЕЙ
AngleTextOut -50, Arial, 9, 606, 476, МОСКОВСКИЙ ПРОСПЕКТ
AngleTextOut 66, Arial, 9, 730, 515, ул.АКАДЕМИКА ПАВЛОВА
AngleTextOut -82, Arial, 9, 917, 479, ул.Гв.ШИРОНИНЦЕВ
AngleTextOut 18, Arial, 9, 970, 561, САЛТОВСКОЕ ШОССЕ
AngleTextOut 73, Arial, 9, 768, 619, просп.50-ЛЕТИЯ СССР
AngleTextOut 0, Arial, 9, 767, 762, просп.ГЕРОЕВ СТАЛИНГРАДА

AngleTextOut 0, Arial, 17, 775, 449, МОСКОВСКИЙ РАЙОН, 1
AngleTextOut 0, Arial, 17, 852, 589, ФРУНЗЕНСКИЙ РАЙОН, 1
AngleTextOut 0, Arial, 17, 697, 799, КОМИНТЕРНОВСКИЙ РАЙОН, 1
AngleTextOut 0, Arial, 17, 964, 817, ОРДЖОНИКИДЗЕВСКИЙ РАЙОН, 1
AngleTextOut 0, Arial, 17, 319, 820, ЧЕРВОНОЗАВОДСКИЙ РАЙОН, 1
AngleTextOut 0, Arial, 17, 93, 742, ОКТЯБРЬСКИЙ РАЙОН, 1
AngleTextOut 0, Arial, 17, 117, 273, ЛЕНИНСКИЙ РАЙОН, 1
AngleTextOut 0, Arial, 17, 356, 169, ДЗЕРЖИНСКИЙ РАЙОН, 1
AngleTextOut 0, Arial, 17, 604, 164, КИЕВСКИЙ РАЙОН, 1

PenColor 4C6C6C
BrushColor 4C6C6C
Polygon 236,63, 261,99, 367,125, 399,104, 455,139, 622,161, 670,120, 742,103, 777,151, 806,124, 827,134, 928,55, 1058,160, 1017,270, 1058,307, 1067,354, 1127,396, 1103,517, 1166,511, 1175,616, 1236,665, 1264,638, 1402,760, 1346,878, 1278,870, 1199,935, 1166,886, 1062,874, 953,910, 912,852, 762,844, 792,895, 785,946, 727,965, 747,1036, 591,1033, 581,995, 513,1011, 331,955, 322,863, 238,858, 170,889, 134,871, 195,805, 110,802, 63,690, 101,621, 14,472, 40,448, 62,472, 139,415, 147,303, 113,307, 72,236, 203,132, 205,71, 236,63, 244,46, 270,85, 364,108, 400,86, 460,123, 617,145, 667,103, 750,85, 779,127, 802,105, 825,115, 929,38, 1077,155, 1035,266, 1071,298, 1080,344, 1144,389, 1122,500, 1178,497, 1190,608, 1235,644, 1265,618, 1422,756, 1354,897, 1284,888, 1195,957, 1157,901, 1062,889, 944,930, 903,868, 790,861, 810,894, 799,959, 746,975, 765,1051, 580,1048, 570,1014, 516,1028, 316,967, 306,877, 238,875, 170,908, 107,877, 158,818, 98,817, 47,691, 83,622, -6,470, 42,424, 61,449, 122,404, 129,320, 102,321, 50,232, 187,123, 191,57, 244,46

BrushColor -1
PenColor 0033CC
SpotRect 10, 85, 106, 22, LoadMap Railways_Symu.map
TextOut Arial, 12, 10, 85, Схема движения, 2
TextOut Arial, 12, 10, 95, Сумского дизель-поезда, 2
SpotRect 10, 115, 110, 22, LoadMap Railways_Zolochev.map
TextOut Arial, 12, 10, 115, Схема движения, 2
TextOut Arial, 12, 10, 125, Золочевской электрички, 2
SpotRect 440, 74, 110, 22, LoadMap Railways_Belgorod.map
TextOut Arial, 12, 440, 74, Схема движения, 2
TextOut Arial, 12, 440, 84, Белгородской электрички, 2
SpotRect 1040, 910, 97, 22, LoadMap Railways_Zmiev.map
TextOut Arial, 12, 1040, 910, Схема движения, 2
TextOut Arial, 12, 1040, 920, Змиевской электрички, 2
SpotRect 350, 1010, 112, 22, LoadMap Railways_Meref.map
TextOut Arial, 12, 350, 1010, Схема движения, 2
TextOut Arial, 12, 350, 1020, Мерефянской электрички, 2
SpotRect 1190, 500, 100, 22, LoadMap Railways_Chygyev.map
TextOut Arial, 12, 1190, 500, Схема движения, 2
TextOut Arial, 12, 1190, 510, Чугуевской электрички, 2
SpotRect 10, 308, 72, 32, LoadMap Railways_Ljubotin.map
TextOut Arial, 12, 10, 308, Схема движения, 2
TextOut Arial, 12, 10, 318, Люботинской, 2
TextOut Arial, 12, 10, 328, электрички, 2
SpotRect 10, 368, 73, 32, LoadMap Railways_Poltava.map
TextOut Arial, 12, 10, 368, Схема движения, 2
TextOut Arial, 12, 10, 378, Полтавского, 2
TextOut Arial, 12, 10, 388, дизель-поезда, 2
