size 500x506
;Общий городской фон
BrushColor FFC344
PenColor FFC344
Polygon 0,0, 0,506, 500,506, 500,0

;Зеленые насаждения
PenColor 338010
BrushColor 338010
;Парк в Казачьем Поселке
Polygon 399,49, 414,54, 407,67, 397,65,
;Центральное кладбище
Polygon 231,180, 244,176, 246,151, 240,140, 233,129, 234,123, 230,115, 227,100, 222,96, 213,93, 205,100, 204,108, 213,108, 216,120, 217,131, 231,139, 233,147, 229,158, 232,162, 230,171,
;Сайран
Polygon 82,267, 115,257, 117,270, 123,278, 118,290, 123,304, 134,317, 122,328, 111,317, 104,307, 94,299, 87,287, 86,277,
;Роща Баума
Polygon 382,43, 367,48, 355,48, 353,41, 335,41, 332,35, 360,33, 359,22, 370,5, 395,1,
;Гульдер
Polygon 331,41, 322,41, 313,46, 293,46, 281,44, 278,20, 281,10, 305,11, 318,7, 319,22,
;Парк Панфиловцев
Polygon 386,204, 411,201, 413,216, 389,217,
;Парк Горького
Polygon 434,214, 436,197, 439,179, 451,171, 464,174, 474,179, 481,169, 496,179, 496,191, 479,196, 477,209, 449,212,
;Новая Площадь
Polygon 361,307, 384,307, 386,326, 361,327,
;Прилавки
Polygon 266,506, 273,466, 270,459, 271,446, 275,441, 303,416, 315,409, 338,426, 358,448, 370,444, 385,441, 401,438, 410,436, 428,436, 460,431, 465,409, 453,384, 443,369, 443,359, 433,336, 428,321, 440,311, 458,299, 470,281, 478,261, 483,234, 485,216, 498,201, 500,506,
;Полтинник
Polygon 76,372, 62,364, 54,352, 54,339, 69,344, 74,339, 81,344, 74,351, 81,366,
;Большая Алматинка
Polygon 62,0, 57,19, 57,31, 67,44, 69,56, 64,69, 71,86, 64,94, 79,101, 79,114, 79,129, 87,139, 96,149, 99,142, 101,132, 99,124, 101,114, 106,107, 106,94, 99,87, 99,84, 99,72, 101,57, 109,44, 104,39, 92,27, 92,0,
;ВДНХ
Polygon 241,364, 284,359, 317,356, 327,369, 324,374, 332,384, 271,441, 259,427, 249,417, 229,419, 226,392, 234,392, 231,364,

;Водные поверхности
BrushColor 5060C0
PenColor 5060C0
Polygon 89,265, 101,261, 109,265, 106,270, 115,275, 115,288, 113,300, 103,291, 95,291, 91,285, 87,276,

;Реки
;Большая Алматинка
SpLine 191,506, 186,484, 187,458, 177,441, 172,422, 169,406, 170,387, 160,374, 156,358, 149,349, 141,340, 130,330, 122,318, 119,310, 114,300, 97,267, 98,230, 97,215, 94,196, 91,177, 89,165, 91,156, 95,148, 95,139, 92,135, 92,128, 95,115, 94,101, 89,95, 86,85, 86,76, 85,63, 83,56, 82,46, 75,32, 72,20, 76,10, 75,0, 2
;Весновка
SpLine 498,495, 487,481, 464,476, 451,462, 445,450, 440,444, 421,443, 413,440, 403,431, 393,429, 385,426, 375,420, 369,411, 357,406, 347,398, 341,396, 336,394, 330,382, 322,374, 317,367, 311,363, 301,348, 295,338, 292,325, 291,315, 287,305, 287,276, 285,268, 282,253, 279,244, 276,228, 276,217, 275,204, 274,195, 264,186, 261,182, 256,166, 253,160, 249,155, 243,144, 238,133, 236,125, 229,113, 227,102, 223,94, 219,75, 214,69, 206,63, 205,56, 203,44, 205,26, 206,18, 215,14, 218,7, 220,0, 2
;Малая Алматинка
SpLine 496,466, 486,454, 476,444, 468,432, 463,414, 458,401, 453,392, 453,382, 441,369, 441,359, 436,349, 431,334, 428,317, 423,307, 423,289, 428,262, 428,234, 433,224, 435,214, 435,202, 438,177, 445,169, 448,159, 446,134, 448,124, 443,107, 450,97, 455,74, 458,57, 465,42, 470,27, 478,12, 480,2, 2
;БАК
SpLine 496,34, 486,36, 473,41, 436,39, 418,51, 391,41, 380,37, 321,36, 313,24, 283,21, 260,14, 238,16, 228,9, 216,11, 196,11, 143,0, 2

;Железная дорога
PenColor 0
Spline 352,139, 358,137, 364,129, 373,117, 375,103, 373,68, 375,50, 379,34, 387,16, 392,0, 5

;Ж/д станция
BrushColor FFFFFF
PenColor 0
Polygon 336,137, 351,137, 351,144, 336,144, 3

;Улицы
PenColor FFFFFF
;Ташкентская
Line 0,272, 11,268, 46,251, 73,241, 105,217, 115,212, 158,213, 170,210, 229,182, 241,177, 256,176, 275,165, 304,160, 324,160, 393,152, 440,146, 460,144, 487,100, 500,94, 8
;Шемякина
Line 426,148, 425,138, 431,116, 443,92, 436,72, 427,64, 423,52, 422,41, 423,34, 432,24, 440,1, 2
;Жарокова
Line 211,244, 226,394, 233,459, 238,476, 2
;Абая
Line 411,282, 172,304, 159,306, 142,311, 129,319, 117,334, 79,374, 49,394, 1,405, 8
;Фурманова
Line 372,154, 387,354, 5
;Гоголя
Line 431,197, 223,217, 239,362, 5
;Толе би
Line 406,224, 226,244, 131,252, 114,254, 81,264, 56,271, 44,279, 0,294, 5
;Аль-Фараби
Line 424,352, 366,355, 269,442, 266,459, 254,477, 239,477, 221,490, 208,506, 8
;Саина-Рыскулова
Line 138,506, 121,489, 111,464, 98,444, 78,417, 58,387, 39,366, 21,309, 14,289, 11,267, 9,254, 21,217, 48,206, 211,126, 226,117, 266,104, 313,59, 346,49, 366,49, 393,42, 416,52, 426,52, 438,49, 473,49, 496,42, 8
;Достык
Line 406,224, 414,312, 444,427, 500,477, 5
;Жандосова
Line 266,214, 271,294, 267,304, 259,314, 234,327, 204,339, 182,356, 154,386, 97,444, 76,451, 62,469, 37,474, 17,499, 0,502, 5
;Розыбакиева
Line 172,143, 172,186, 176,208, 199,448, 199,506, 5
;Северное Кольцо
Line 173,145, 176,87, 183,64, 206,0, 8
;Бокейханова
Line 265,169, 260,147, 248,135, 241,109, 226,72, 213,19, 206,0, 5
;Жансугурова
Line 322,1, 324,19, 344,59, 346,86, 322,139, 337,304, 346,324, 346,344, 359,361, 8
;Тимирязева
Line 171,369, 288,357, 318,356, 334,339, 346,329, 359,321, 359,329, 381,327, 388,321, 416,321, 5
;Желтоксан
Line 359,320, 343,157, 5
;Шаляпина
Line 259,312, 152,324, 139,329, 127,342, 137,352, 129,370, 99,402, 76,417, 0,442, 5
;Отеген батыра
Line 118,332, 88,311, 73,267, 63,244, 5
;Сейыуллина
Line 347,90, 355,74, 353,2, 5
;Семипалатинская
Line 347,88, 361,128, 328,126, 2
;Суюмбая
Line 393,152, 385,137, 381,60, 389,32, 400,3, 8
;Пушкина
Line 395,151, 400,200, 2
;Сатпаева
Line 413,302, 277,310, 266,305, 5
;Тлендиева
Line 147,326, 135,294, 131,211, 127,167, 5
;Навои
Line 154,388, 179,506, 5
;Алтынсарина
Line 139,402, 68,331, 61,312, 5
;Рыскулбекова
Line 168,448, 111,464, 2
;Мустафина
Line 146,455, 159,506, 2
;Маречека
Line 84,300, 26,324, 2
;Жубанова
Line 89,312, 0,344, 2
;Байтурсынова
Line 336,337, 310,309, 296,210, 2
;Емцова
Line 92,223, 77,191, 64,160, 57,155, 45,155, 44,142, 35,141, 35,127, 28,124, 23,104, 21,71, 8,51, 22,28, 37,1, 5

;Подписи улиц и объектов: горизонталь,вертикаль
PenColor 0
BrushColor -1
;AngleTextOut 7, Arial, 25,349,30, р.Волга
;AngleTextOut -48, Arial, 25,141,288, р.Самара
AngleTextOut 26.5, Arial, 12,156,209, просп. Райымбека
AngleTextOut 6, Arial, 12,321,283, просп.Абая
AngleTextOut -85, Arial, 12,334,178, просп.Сейфуллина
AngleTextOut -85, Arial, 9,379,158, ул.Фурманова
AngleTextOut 6, Arial, 9,234,211, ул.Гоголя

PenColor FFD384
TextOut Arial,24,19,19, МЕТРОПОЛИТЕН АЛМАТЫ, 1
PenColor 040464
TextOut Arial,24,20,20, МЕТРОПОЛИТЕН АЛМАТЫ, 1
