Size 400x600
PenColor 0404A4
BrushColor -1
TextOut Arial, 28, 232, -1, Kitakyushu, 1
TextOut Arial, 10, 164, 29, (Attention! All time intervals in this version equal 2 minutes)

PenColor 808080
Railway 4, 6, 3, 0,10, 32,8, 70,9, 96,15, 125,37, 146,44, 177,64, 204,78, 242,86, 274,92, 298,104, 325,114, 348,103, 375,81, 400,63
Railway 4, 6, 3, -2,160, 31,139, 67,117, 106,93, 146,75, 180,74, 208,79
Railway 4, 6, 3, 404,112, 377,129, 355,133, 320,127, 293,114, 276,101, 247,91, 219,91, 202,91, 184,107, 175,124, 161,149, 151,163, 155,184, 162,204, 179,219, 203,222, 223,230, 235,247, 253,265, 280,286, 303,303, 327,320, 342,336, 355,361, 363,377, 377,387, 400,389
Railway 4, 6, 3, 308,306, 322,324, 329,346, 333,383, 336,417, 330,447, 321,463, 302,484, 281,507, 268,536, 258,566, 249,602
