Size 720x640
Angle 30

;пути
BrushColor CF0000
Polygon -28,310, 422,310, 422,340, -28,340
Polygon -28,420, 422,420, 422,450, -28,450

BrushColor -1
PenColor CF0000
AngleTextOut 0, Arial, 20, -28, 289, << Комсомольская
AngleTextOut 0, Arial, 20, 273, 450, Пролетарская >>
AngleTextOut 0, Arial, 25, 119, 361, Автозаводская, 1

; левый торец
PenColor 000000
Line -28,340, -28,420

; правый вестибюль

PenColor 000000
Line 422,340, 422,351, 488,351, 488,318, 556,318, 556,323, 563,323, 563,244, 481,244
Line 481,226, 569,226, 569,145
Line 422,420, 422,410, 488,410, 488,442, 556,442, 556,438, 563,438, 563,518, 513,518
Line 637,518, 587,518, 587,145
Line 513,536, 637,536
Stairs 427,351, 427,410, 449,351
Stairs 461,351, 461,410, 483,351
Stairs 483,226, 483,244, 529,226
Stairs 569,147, 587,147, 569,193
Stairs 515,518, 515,536, 561,518
Stairs 635,518, 635,536, 589,518

BrushColor D0D0D0
Polygon 556,365, 556,396, 563,396, 563,365

; турникеты
PenColor 009900
Stairs 515,382, 519,381, 508,362
Stairs 507,359, 511,358, 504,342
Stairs 504,339, 508,339, 502,318
PenColor FF0000
Stairs 552,441, 555,439, 539,424
Stairs 538,422, 541,420, 526,404
Stairs 525,402, 528,400, 516,384

; кассы
PenColor 000000
BrushColor FFFFFF
Line 519,318, 519,310, 548,310, 548,318
BrushColor -1
AngleTextOut 0, Arial, 10, 521, 307, кассы

; стрелки
PenColor FF0000
Arrow 494,398, 508,398
PenColor 009900
Arrow 546,346, 531,348

;названия улиц голубым
BrushColor -1
PenColor 00AFAF
AngleTextOut 0, Arial, 15, 615, 367, проспект Ленина
AngleTextOut -90, Arial, 15, 562, 72, проспект Бусыгина
