Size 910x900
Angle -40

;пути
PenColor 000000
BrushColor 085888
Polygon 601,403, 151,403, 151,373, 601,373
Polygon 151,513, 151,483, 601,483, 601,513

BrushColor -1
PenColor 085888
AngleTextOut 0, Arial, 20, 151, 513, << Буревестник
AngleTextOut 0, Arial, 20, 467, 350, Канавинская >>
AngleTextOut 0, Arial, 25, 287, 425, Бурнаковская, 1

; правый вестибюль

PenColor 000000
Line 683,322, 733,322, 733,399, 719,399, 719,392, 653,392, 653,413, 601,413, 601,403
Line 880,324, 855,281, 756,338, 756,564, 806,564
Line 806,581, 733,581, 733,486, 719,486, 719,494, 653,494, 653,472, 601,472, 601,483
Line 683,305, 755,305, 755,319, 861,258, 895,316
Stairs 605,472, 605,413, 651,472
Stairs 879,322, 894,314, 856,283
Stairs 804,564, 804,581, 758,564
Stairs 685,322, 685,305, 731,322

BrushColor D0D0D0
Polygon 733,421, 719,421, 719,464, 733,464

; кассы
BrushColor FFFFFF
Line 683,392, 683,384, 712,384, 712,392
BrushColor -1
AngleTextOut 0, Arial, 10, 685, 381, кассы

; турникеты
BrushColor -1
Polygon 673,394, 679,394, 679,400, 673,400
PenColor 009900
Stairs 678,404, 674,404, 678,441
PenColor FF0000
Stairs 678,444, 674,444, 678,494

; левый вестибюль

PenColor 000000
Line -54,305, 19,305, 19,399, 33,399, 33,392, 99,392, 99,413, 151,413, 151,403
Line -54,322, -4,322, -4,494, 19,494, 19,487, 33,487, 33,494, 99,494, 99,472, 151,472, 151,483
Stairs 147,472, 147,413, 101,472
Stairs -52,322, -52,305, -6,322

BrushColor D0D0D0
Polygon 19,464, 33,464, 33,421, 19,421

; кассы
BrushColor FFFFFF
Line 70,494, 70,502, 41,502, 41,494
BrushColor -1
AngleTextOut 0, Arial, 10, 44, 491, кассы

; турникеты
BrushColor -1
Polygon 80,492, 74,492, 74,486, 80,486
PenColor 009900
Stairs 75,482, 79,482, 75,445
PenColor FF0000
Stairs 75,442, 79,442, 75,393

;названия улиц голубым

PenColor 00AFAF
BrushColor -1
AngleTextOut 0, Arial, 15, 797, 426, Сормовское шоссе
AngleTextOut 0, Arial, 15, -142, 422, Сормовское шоссе
AngleTextOut 120, Arial, 15, 777, 255, улица Куйбышева
AngleTextOut 90, Arial, 15, 836, 689, Бурнаковский проезд
