Size 480x970
Angle 80

;пути
PenColor 000000
BrushColor CF0000
Polygon 7,508, 457,508, 457,538, 7,538
Polygon 457,398, 457,428, 7,428, 7,398

BrushColor -1
PenColor CF0000
AngleTextOut 0, Arial, 20, 7, 375, << Ленинская
AngleTextOut 0, Arial, 20, 329, 538, Московская >>
AngleTextOut 0, Arial, 25, 181, 450, Чкаловская, 1

; левый вестибюль

PenColor 000000
Line -117,564, -117,614, -125,614, -125,512, -111,512, -111,519, -45,519, -45,498, 7,498, 7,508
Line -199,329, -125,329, -125,425, -111,425, -111,417, -45,417, -45,439, 7,439, 7,428
Line -99,564, -99,632, -149,632, -149,347, -199,347
Stairs 3,439, 3,498, -43,439
Stairs -197,347, -197,329, -151,347
Stairs -117,566, -99,566, -117,612

BrushColor D0D0D0
Polygon -125,490, -111,490, -111,447, -125,447

; кассы
BrushColor FFFFFF
Line -75,519, -75,527, -104,527, -104,519
BrushColor -1
AngleTextOut 0, Arial, 10, -102, 516, кассы

; турникеты
BrushColor -1
Polygon -47,500, -51,503, -54,499, -50,496
PenColor 009900
Stairs -56,495, -53,493, -89,447
PenColor FF0000
Stairs -89,444, -85,444, -88,417

; правый вестибюль

PenColor 000000
Line 663,606, 607,606, 607,656
Line 589,656, 589,512, 575,512, 575,519, 509,519, 509,498, 457,498, 457,508
Line 663,589, 613,589, 613,351, 661,329
Line 654,314, 611,333, 589,333, 589,424, 575,424, 575,417, 509,417, 509,439, 457,439, 457,428
Stairs 461,439, 461,498, 507,439
Stairs 661,589, 661,606, 615,589
Stairs 607,654, 589,654, 607,608
Stairs 659,330, 652,315, 617,349

BrushColor D0D0D0
Polygon 589,447, 575,447, 575,490, 589,490

; кассы
BrushColor FFFFFF
Line 528,519, 528,527, 557,527, 557,519
BrushColor -1
AngleTextOut 0, Arial, 10, 530, 516, кассы

; турникеты
BrushColor -1
Polygon 512,500, 516,503, 519,499, 515,496
PenColor 009900
Stairs 521,495, 518,493, 554,447
PenColor FF0000
Stairs 554,444, 550,444, 553,417


;названия улиц голубым

PenColor 00AFAF
BrushColor -1
AngleTextOut 0, Arial, 15, -250, 434, улица\nОктябрьской\nреволюции
AngleTextOut -155, Arial, 15, 716, 425, улица\nОктябрьской\nреволюции
