Size 600x960
Angle 65

;пути
BrushColor CF0000
Polygon 73,407, 523,407, 523,437, 73,437
Polygon 73,517, 523,517, 523,547, 73,547

BrushColor -1
PenColor CF0000
AngleTextOut 0, Arial, 20, 73, 382, << Пролетарская
AngleTextOut 0, Arial, 20, 416, 547, Заречная >>
AngleTextOut 0, Arial, 25, 169, 462, Двигатель Революции, 1

; правый вестибюль

PenColor 000000
Line 523,437, 523,447, 593,447, 593,426, 656,426, 656,431, 668,431, 668,394, 603,394
Line 757,394, 692,394, 692,561, 757,561
Line 603,376, 757,376
Line 523,517, 523,507, 593,507, 593,528, 656,528, 656,523, 668,523, 668,561, 603,561
Line 603,579, 757,579
Stairs 530,447, 530,507, 552,447
Stairs 566,447, 566,507, 588,447
Stairs 619,394, 619,376, 605,394
Stairs 641,394, 641,376, 627,394
Stairs 663,394, 663,376, 649,394
Stairs 697,394, 697,376, 711,394
Stairs 719,394, 719,376, 733,394
Stairs 741,394, 741,376, 755,394
Stairs 697,561, 697,579, 711,561
Stairs 719,561, 719,579, 733,561
Stairs 741,561, 741,579, 755,561
Stairs 663,561, 663,579, 649,561
Stairs 641,561, 641,579, 627,561
Stairs 619,561, 619,579, 605,561

BrushColor D0D0D0
Polygon 656,455, 656,498, 668,498, 668,455

; кассы
BrushColor FFFFFF
Line 612,426, 612,418, 641,418, 641,426
BrushColor -1
AngleTextOut 0, Arial, 10, 614, 416, кассы

; турникеты
BrushColor -1
Polygon 629,492, 633,489, 636,493, 632,496
PenColor 009900
Stairs 598,440, 595,442, 631,488
PenColor FF0000
Stairs 638,500, 634,500, 637,527


; левый вестибюль

PenColor 000000
Line 73,437, 73,447, 5,447, 5,426, -57,426, -57,431, -71,431, -71,394, -6,394
Line -6,376, -160,376
Line -160,394, -95,394, -95,561, -159,561
Line -159,579, -6,579
Line -6,561, -71,561, -71,523, -57,523, -57,528, 5,528, 5,507, 73,507, 73,517
Stairs 32,447, 32,507, 10,447
Stairs 68,447, 68,507, 46,447
Stairs -100,394, -100,376, -114,394
Stairs -122,394, -122,376, -136,394
Stairs -144,394, -144,376, -158,394
Stairs -66,394, -66,376, -52,394
Stairs -44,394, -44,376, -30,394
Stairs -22,394, -22,376, -8,394
Stairs -66,561, -66,579, -52,561
Stairs -44,561, -44,579, -30,561
Stairs -22,561, -22,579, -8,561
Stairs -100,561, -100,579, -114,561
Stairs -121,561, -121,579, -135,561
Stairs -143,561, -143,579, -157,561

BrushColor D0D0D0
Polygon -71,498, -57,498, -57,455, -71,455

; кассы
BrushColor FFFFFF
Line -15,528, -15,536, -44,536, -44,528
BrushColor -1
AngleTextOut 0, Arial, 10, -42, 525, кассы

; турникеты
BrushColor -1
Polygon -32,461, -36,464, -39,460, -35,457
PenColor 009900
Stairs -1,513, 2,511, -34,465
PenColor FF0000
Stairs -40,453, -36,453, -39,426


;названия улиц голубым
BrushColor -1
PenColor 00AFAF
AngleTextOut 0, Arial, 15, -219, 471, проспект Ленина
AngleTextOut 0, Arial, 15, 706, 461, проспект Ленина
