Size 1070x560
Angle 20
;пути

BrushColor CF0000
Polygon 275,219, 725,219, 725,249, 275,249
Polygon 275,329, 725,329, 725,359, 275,359

BrushColor -1
PenColor CF0000
AngleTextOut 0, Arial, 20, 275, 196, << Московская
AngleTextOut 0, Arial, 20, 651, 359, тупик >>
AngleTextOut 0, Arial, 25, 414, 270, Горьковская, 1

; левый вестибюль

;Здания беж
PenColor DDDDDD
BrushColor FEFBF1
Ellipse 161,109, 208,156
PenColor D0D0D0
BrushColor D0D0D0
Polygon 206,142, 180,116, 187,109, 194,111, 201,116, 206,123, 208,133
Polygon 194,154, 168,128, 161,135, 163,142, 168,149, 175,154, 185,156
PenColor 000000
Spline 187,109, 194,111, 201,116, 206,123, 208,133, 206,142
Spline 161,135, 163,142, 168,149, 175,154, 185,156, 194,154


PenColor 000000
Line 275,249, 275,261, 273,261
Line 273,319, 275,319, 275,329

; эскалатор 3
PenColor 7F7F7F
Stairs 267,314, 267,266, 212,314
PenColor 000000
BrushColor 9B5509
Polygon 273,266, 207,266, 207,261, 273,261
Polygon 273,277, 273,285, 207,285, 207,277
Polygon 273,295, 273,303, 207,303, 207,295
Polygon 273,314, 207,314, 207,319, 273,319

Opaque 85
PenColor FFFFFF
BrushColor FFFFFF
Polygon 247,259, 265,259, 265,282, 276,282, 276,298, 265,298, 265,321, 247,321
PenColor 000000
BrushColor D0D0D0
Polygon 207,319, 207,324, 247,324, 247,256, 207,256, 207,261, 241,261, 241,319
Opaque 100

PenColor 000000
Line 161,135, 168,128, 213,173, 247,197, 247,238, 141,238, 141,342, 247,342, 247,462, 327,462, 327,418
Line 187,109, 180,116, 226,162, 265,190, 265,282, 286,282
Line 286,298, 265,298, 265,444, 309,444, 309,418
Stairs 309,420, 327,420, 309,442
Stairs 265,420, 247,420, 265,442
Stairs 188,124, 176,136, 221,157

; кассы
BrushColor FFFFFF
Line 141,263, 133,263, 133,291, 141,291
BrushColor -1
AngleTextOut -90, Arial, 10, 144, 265, кассы

; турникеты
Line 207,256, 166,256, 0.5
BrushColor -1
Polygon 168,309, 168,313, 165,316, 161,316, 158,313, 158,309, 161,306, 165,306
PenColor 009900
Stairs 164,301, 169,301, 164,256
PenColor FF0000
Stairs 202,319, 202,314, 168,319

;лифты
PenColor 000000
BrushColor D0EFFF
Polygon 286,282, 302,282, 302,298, 286,298
BrushColor -1
AngleTextOut -90, Arial, 6, 298, 283, лифт

; стрелки
PenColor FF0000
Arrow 223,333, 244,333
PenColor 009900
Arrow 244,247, 223,247


; правый вестибюль

PenColor 000000
Line 725,249, 725,260, 795,260, 795,223, 882,223, 882,244, 945,244, 945,165, 995,165
Line 995,183, 969,183, 969,365, 1025,365, 1025,339
Line 725,329, 725,320, 795,320, 795,357, 882,357, 882,336, 945,336, 945,383, 1043,383, 1043,339
Stairs 732,260, 732,320, 754,260
Stairs 768,260, 768,320, 790,260
Stairs 993,183, 993,170, 971,183
Line 995,170, 971,170
Stairs 969,207, 950,207, 969,185
Line 950,209, 950,185
Stairs 1023,365, 1023,378, 1001,365
Line 1025,378, 1001,378
Stairs 1025,341, 1038,341, 1025,363
Line 1038,339, 1038,363

BrushColor D0D0D0
Polygon 882,262, 882,318, 945,318, 945,262

; кассы
BrushColor FFFFFF
Line 795,255, 787,255, 787,228, 795,228
BrushColor -1
AngleTextOut -90, Arial, 10, 798, 229, кассы

; турникеты
Line 861,309, 861,318, 882,318, 0.5
Line 795,260, 827,260, 0.5
BrushColor -1
Polygon 855,305, 859,302, 862,306, 858,309
PenColor 009900
Stairs 829,260, 826,262, 857,301
PenColor FF0000
Stairs 864,321, 860,321, 863,356

; стрелки
PenColor FF0000
Arrow 921,327, 942,327
PenColor 009900
Arrow 942,253, 921,253


;названия улиц голубым
BrushColor -1
PenColor 00AFAF
AngleTextOut 0, Arial, 15, 14, 271, улица
AngleTextOut 0, Arial, 15, -28, 286, Максима Горького
AngleTextOut 0, Arial, 15, 1008, 269, улица
AngleTextOut 0, Arial, 15, 982, 286, Максима Горького
AngleTextOut 45, Arial, 15, 43, 165, площадь Максима Горького
AngleTextOut -90, Arial, 15, 1008, 404, улица Короленко
