Size 900x900
Angle -33

;пути
BrushColor 085888
Polygon 208,259, 658,259, 658,289, 208,289
Polygon 208,369, 658,369, 658,399, 208,399

BrushColor -1
PenColor 085888
AngleTextOut 0, Arial, 20, 208, 399, << Бурнаковская
AngleTextOut 0, Arial, 20, 532, 235, Московская >>
AngleTextOut 0, Arial, 25, 361, 311, Канавинская, 1

; правый вестибюль
PenColor 000000
Stairs 758,622, 857,622, 758,673
PenColor FFFFFF
Ellipse 755,593, 861,699, 8

PenColor 000000
Line 658,289, 658,297, 712,297, 712,271, 779,271, 779,286, 795,286, 795,251, 745,251
Line 745,230, 820,230, 820,599
Line 658,369, 658,361, 709,361, 709,387, 779,387, 779,374, 795,374, 795,599
Line 722,271, 722,297, 712,297
Spline 795,599, 771,614, 759,642, 766,671, 788,690
Spline 820,599, 844,614, 856,642, 849,671, 827,690
Line 808,697, 808,694
Line 827,690, 827,693
Line 788,690, 788,693

Stairs 747,251, 747,230, 793,251
Stairs 706,297, 706,361, 660,297

Stairs 795,580, 820,580, 795,589

BrushColor D0D0D0
Ellipse 786,623, 831,668
Polygon 779,308, 795,308, 795,350, 779,350

; кассы
PenColor 000000
BrushColor -1
AngleTextOut 90, Arial, 10, 710, 295, касса

; турникеты
BrushColor -1
Polygon 740,296, 745,293, 748,298, 743,301
Line 724,297, 738,297, 0.5
PenColor 009900
Stairs 754,350, 758,349, 738,303
PenColor FF0000
Stairs 754,353, 758,353, 754,386

PenColor FF0000
Arrow 767,363, 789,363
PenColor 009900
Arrow 786,295, 765,295

; левый вестибюль
PenColor 000000
Line 208,289, 208,297, 144,297, 144,271, 84,271, 84,276, 68,276, 68,246, 118,246
Line 118,225, -7,225
Line -7,247, 43,247, 43,618, 118,618
Line 118,596, 68,596, 68,382, 84,382, 84,387, 144,387, 144,361, 208,361, 208,369
Stairs 205,297, 205,361, 147,297
Stairs 116,246, 116,225, 70,246
Stairs -5,247, -5,225, 41,247
Stairs 116,596, 116,618, 70,596

BrushColor D0D0D0
Polygon 84,360, 68,360, 68,300, 84,300

; кассы
PenColor 000000
Line 144,361, 135,361, 135,386
BrushColor -1
AngleTextOut 90, Arial, 10, 133, 386, касса

; турникеты
BrushColor -1
Polygon 114,333, 109,336, 106,331, 111,328
Line 111,327, 111,301, 84,301, 0.5
PenColor 009900
Stairs 115,337, 112,339, 131,360
PenColor FF0000
Stairs 113,298, 109,298, 113,273


;названия улиц голубым

PenColor 000000

BrushColor -1
PenColor 00AFAF
AngleTextOut 0, Arial, 15, 84, 472, Сормовское шоссе
AngleTextOut 0, Arial, 15, 839, 462, Сормовское шоссе
AngleTextOut 50, Arial, 15, 925, 656, Московское шоссе
AngleTextOut -40, Arial, 15, 642, 666, 'ТЦ "Новая Эра"'
AngleTextOut 0, Arial, 15, 652, 141, М-Видео
PenColor 000000
AngleTextOut 90, Arial, 10, 49, 400, Время работы: 7-00 - 19-00
AngleTextOut 90, Arial, 10, 803, 386, Время работы: 5-15 - 0-00

