Size 1030x880
Angle 40

;пути

BrushColor CF0000
Polygon 318,261, 768,261, 768,291, 318,291
Polygon 318,371, 768,371, 768,401, 318,401

BrushColor -1
PenColor CF0000
AngleTextOut 0, Arial, 20, 318, 236, << Парк Культуры
AngleTextOut 0, Arial, 20, 607, 401, Комсомольская >>
AngleTextOut 0, Arial, 25, 480, 314, Кировская, 1

; левый вестибюль
PenColor 000000
Line 318,291, 318,302, 248,302, 248,281, 186,281, 186,286, 172,286, 172,240, 127,195
Line 112,210, 148,246, 148,439, 51,439, -5,383
Line -17,395, 38,450, 1,487
Line 11,497, 51,457, 148,457, 148,634, 98,634
Line 98,652, 222,652
Line 222,634, 172,634, 172,378, 186,378, 186,383, 248,383, 248,362, 318,362, 318,371
Stairs 275,302, 275,362, 253,302
Stairs 311,302, 311,362, 289,302
Stairs -3,385, -15,397, 29,417
Stairs 3,485, 13,495, 36,452
Stairs 114,212, 129,197, 146,244
Stairs 220,634, 220,652, 174,634
Stairs 100,634, 100,652, 146,634

BrushColor D0D0D0
Polygon 172,353, 186,353, 186,310, 172,310

; кассы
BrushColor FFFFFF
Line 228,383, 228,391, 199,391, 199,383
BrushColor -1
AngleTextOut 0, Arial, 10, 201, 380, кассы

; турникеты
BrushColor -1
Polygon 245,364, 241,367, 238,363, 242,360
PenColor 009900
Stairs 236,359, 239,357, 203,311
PenColor FF0000
Stairs 203,308, 207,308, 204,281

; правый вестибюль

PenColor 000000
Line 768,291, 768,302, 838,302, 838,281, 901,281, 901,286, 914,286, 914,248, 864,248
Line 864,229, 937,229, 937,633, 987,633
Line 768,371, 768,362, 838,362, 838,378, 901,378, 901,373, 913,373, 913,416, 863,416
Line 987,651, 913,651, 913,434, 863,434
Stairs 775,302, 775,362, 797,302
Stairs 811,302, 811,362, 833,302
Stairs 865,434, 865,416, 911,434
Stairs 866,248, 866,229, 912,248
Stairs 985,633, 985,651, 939,633

BrushColor D0D0D0
Polygon 901,310, 901,353, 913,353, 913,310

; кассы
BrushColor FFFFFF
Line 857,281, 857,273, 886,273, 886,281
BrushColor -1
AngleTextOut 0, Arial, 10, 859, 271, кассы

; турникеты
BrushColor -1
Polygon 841,294, 845,291, 848,295, 844,298
PenColor 009900
Stairs 850,299, 847,301, 883,347
PenColor FF0000
Stairs 883,350, 879,350, 882,377

;названия улиц голубым
BrushColor -1
PenColor 00AFAF
AngleTextOut 0, Arial, 15, 22, 541, проспект Ленина
AngleTextOut 0, Arial, 15, 965, 530, проспект Ленина
AngleTextOut -45, Arial, 15, 21, 244, проспект Кирова
