Size 850x870
Angle 38

;пути

BrushColor CF0000
Polygon 234,278, 684,278, 684,308, 234,308
Polygon 234,388, 684,388, 684,418, 234,418

BrushColor -1
PenColor CF0000
AngleTextOut 0, Arial, 20, 234, 253, << Кировская
AngleTextOut 0, Arial, 20, 532, 418, Автозаводская >>
AngleTextOut 0, Arial, 25, 369, 330, Комсомольская, 1

; левый вестибюль
PenColor 000000
Line 234,308, 234,319, 108,319, 108,298, 46,298, 46,303, 32,303, 32,298, 8,298, 8,456, -57,456
Line 97,474, 32,474, 32,571, 97,571
Line -57,474, 8,474, 8,571, -56,571
Line -56,589, 97,589
Line 97,456, 32,456, 32,395, 46,395, 46,400, 108,400, 108,379, 234,379, 234,388
Stairs 135,319, 135,379, 113,319
Stairs 171,319, 171,379, 149,319
Stairs 3,474, 3,456, -11,474
Stairs -19,474, -19,456, -33,474
Stairs -41,474, -41,456, -55,474
Stairs 37,474, 37,456, 51,474
Stairs 59,474, 59,456, 73,474
Stairs 81,474, 81,456, 95,474
Stairs 37,571, 37,589, 51,571
Stairs 59,571, 59,589, 73,571
Stairs 81,571, 81,589, 95,571
Stairs 3,571, 3,589, -11,571
Stairs -18,571, -18,589, -32,571
Stairs -40,571, -40,589, -54,571

BrushColor D0D0D0
Polygon 32,370, 46,370, 46,327, 32,327

; кассы
BrushColor FFFFFF
Line 88,400, 88,408, 59,408, 59,400
BrushColor -1
AngleTextOut 0, Arial, 10, 61, 397, кассы

; турникеты
BrushColor -1
Polygon 105,381, 101,384, 98,380, 102,377
PenColor 009900
Stairs 96,376, 99,374, 63,328
PenColor FF0000
Stairs 63,325, 67,325, 64,298

; правый вестибюль

PenColor 000000
Line 684,308, 684,319, 754,319, 754,286, 817,286, 817,291, 830,291, 830,286, 853,286, 853,456, 918,456
Line 684,388, 684,379, 754,379, 754,410, 817,410, 817,405, 829,405, 829,456, 764,456
Line 918,474, 764,474
Stairs 691,319, 691,379, 713,319
Stairs 727,319, 727,379, 749,319
Stairs 824,474, 824,456, 810,474
Stairs 802,474, 802,456, 788,474
Stairs 780,474, 780,456, 766,474
Stairs 858,474, 858,456, 872,474
Stairs 880,474, 880,456, 894,474
Stairs 902,474, 902,456, 916,474

BrushColor D0D0D0
Polygon 817,327, 817,370, 829,370, 829,327


;названия улиц голубым
BrushColor -1
PenColor 00AFAF
AngleTextOut 0, Arial, 15, 120, 514, проспект Ленина

Opaque 70
; "закрыто"
PenColor FFD0D0
BrushColor FFD0D0
Polygon 687,283, 921,283, 921,476, 687,476
PenColor FF4040

Opaque 100
PenColor FF4040
BrushColor -1
AngleTextOut 0, Arial, 15, 802, 372, закрыто
Dashed 687,283, 921,283, 921,476, 687,476, 687,283
BrushColor 000000
