Size 670x1030
Angle 70

;пути
PenColor 000000
BrushColor CF0000
Polygon 144,565, 594,565, 594,595, 144,595
Polygon 594,455, 594,485, 144,485, 144,455

BrushColor -1
PenColor CF0000
AngleTextOut 0, Arial, 20, 144, 432, << Заречная
AngleTextOut 0, Arial, 20, 466, 595, Чкаловская >>
AngleTextOut 0, Arial, 25, 318, 507, Ленинская, 1

; левый вестибюль

PenColor 000000
Line -13,667, -13,612, -67,498, -4,498, -4,576, 12,576, 12,572, 26,572, 26,576, 92,576, 92,555, 144,555, 144,565
Line -98,380, -98,430, -78,474, 12,474, 12,478, 26,478, 26,474, 92,474, 92,496, 144,496, 144,485
Line -31,667, -31,617, -116,435, -116,380
Stairs 140,496, 140,555, 94,496
Stairs -31,665, -13,665, -31,619
Stairs -98,382, -116,382, -98,428

BrushColor D0D0D0
Polygon 12,550, 26,550, 26,500, 12,500

; кассы
BrushColor FFFFFF
Polygon 26,511, 18,511, 18,539, 26,539
BrushColor -1
AngleTextOut -90, Arial, 10, 29, 513, кассы

; турникеты
BrushColor -1
Polygon 50,476, 45,476, 45,481, 50,481
PenColor 009900
Stairs 45,485, 49,485, 45,526
PenColor FF0000
Stairs 45,529, 49,529, 45,576

; правый вестибюль

PenColor 000000
Line 774,618, 774,688, 726,688, 726,569, 712,569, 712,576, 646,576, 646,555, 594,555, 594,565
Line 756,618, 756,668, 744,668, 744,618, 750,618, 750,364, 705,364, 705,431
Line 723,431, 723,381, 732,381, 732,431, 726,431, 726,481, 712,481, 712,474, 646,474, 646,496, 594,496, 594,485
Stairs 598,496, 598,555, 644,496
Stairs 756,620, 774,620, 756,666
Stairs 723,429, 705,429, 723,383

BrushColor D0D0D0
Polygon 726,504, 712,504, 712,547, 726,547

; кассы
BrushColor FFFFFF
Line 664,474, 664,466, 693,466, 693,474
BrushColor -1
AngleTextOut 0, Arial, 10, 666, 464, кассы

; турникеты
BrushColor -1
Polygon 648,493, 652,490, 655,494, 651,497
PenColor 009900
Stairs 657,498, 654,500, 690,546
PenColor FF0000
Stairs 690,549, 686,549, 689,576


;названия улиц голубым

PenColor 00AFAF
BrushColor -1
AngleTextOut 0, Arial, 15, -198, 522, проспект Ленина
AngleTextOut 0, Arial, 15, 772, 522, проспект Ленина
AngleTextOut -90, Arial, 15, -60, 315, улица Рубо
AngleTextOut -90, Arial, 15, 369, 640, улица Искры
