Size 1720x1220
Angle 20

;Здания беж
BrushColor FEFBF1
PenColor CCCCCC
Polygon -1,586, 218,586, 218,667, 348,667, 348,566, 511,566, 511,643, 811,643, 811,498, -1,498
Polygon 293,78, 293,172, 408,172, 408,78

PenColor 000000
BrushColor -1
AngleTextOut 0, Arial, 15, 591, 591, Московский вокзал
AngleTextOut 0, Arial, 15, 300, 85, пригородный\nвокзал
AngleTextOut 0, Arial, 15, 116, 558, пригородные кассы

;пути

BrushColor 085888
Polygon 754,886, 1204,886, 1204,916, 754,916
Polygon 754,1139, 1204,1139, 1204,1169, 754,1169

BrushColor CF0000
Polygon 754,1029, 1204,1029, 1204,1059, 754,1059
Polygon 754,996, 1204,996, 1204,1026, 754,1026

PenColor CF0000
BrushColor CF0000
Polygon 917,1142, 997,1142, 997,1153, 917,1153
Polygon 769,893, 769,910, 895,910, 895,893

BrushColor -1
PenColor 000000
AngleTextOut 0, Arial, 25, 774, 1081, Московская, 1
AngleTextOut 0, Arial, 25, 774, 939, Московская, 1

PenColor 000000
AngleTextOut 0, Arial, 20, 770, 890, << Чкаловская
AngleTextOut 0, Arial, 20, 770, 999, << Чкаловская
AngleTextOut 0, Arial, 20, 1067, 1032, Горьковская >>
AngleTextOut 0, Arial, 20, 769, 1142, << Канавинская
;AngleTextOut 0, Arial, 20, 1129, 862, тупик >>
PenColor FFFFFF
AngleTextOut 0, Arial, 20, 769, 889, << Чкаловская
AngleTextOut 0, Arial, 20, 769, 998, << Чкаловская
AngleTextOut 0, Arial, 20, 1066, 1031, Горьковская >>
AngleTextOut 0, Arial, 20, 768, 1141, << Канавинская
;AngleTextOut 0, Arial, 20, 1129, 862, тупик >>

PenColor 000000
AngleTextOut 0, Arial, 12, 919, 1141, от Чкаловской

PenColor FFFFFF
AngleTextOut 0, Arial, 12, 918, 1140, от Чкаловской
AngleTextOut 0, Arial, 12, 917, 887, от Канавинской
AngleTextOut 0, Arial, 12, 886, 1035, от Чкаловской
AngleTextOut 0, Arial, 12, 1057, 1003, от Горьковской

PenColor CF0000
AngleTextOut -20, Arial, 15, 978, 1200, "Внимание! Часть поездов, прибывающих\nот Чкаловской, идёт в сторону Горьковской, \nчасть - в сторону Канавинской"

; оборотные стрелки

PenColor FFFFFF
Line 1004,893, 1038,893
Spline 1038,893, 1044,897, 1044,905, 1038,909
Arrow 1038,909, 1004,909

Line 1004,1146, 1038,1146
Spline 1038,1146, 1044,1150, 1044,1158, 1038,1162
Arrow 1038,1162, 1004,1162

Arrow 1008,1044, 1048,1044
Arrow 1046,1011, 1008,1011


; мостик
Opaque 85
PenColor FFFFFF
BrushColor FFFFFF
Polygon 969,994, 987,994, 987,1061, 969,1061
Opaque 100

PenColor 000000
Line 919,1089, 969,1089, 969,965, 919,965
Line 1037,1089, 987,1089, 987,965, 1037,965
Line 919,947, 1037,947
Line 919,1107, 1037,1107
Stairs 1035,965, 1035,947, 989,965
Stairs 921,965, 921,947, 967,965
Stairs 1035,1089, 1035,1107, 989,1089
Stairs 921,1089, 921,1107, 967,1089

; правый вестибюль

PenColor 000000
Line 1204,916, 1204,921, 1268,921, 1268,915, 1375,915, 1375,921, 1394,921, 1394,915, 1427,915, 1427,1271, 1509,1310, 1446,1446, 1378,1414
Line 1204,1139, 1204,1134, 1268,1134, 1268,1139, 1375,1139, 1375,1133, 1394,1133, 1394,1283, 1477,1322, 1432,1421, 1385,1399
Stairs 1259,948, 1259,990, 1213,948
Stairs 1259,1107, 1259,1065, 1213,1107
Stairs 1387,1400, 1380,1415, 1428,1419

BrushColor D0D0D0
Polygon 1375,954, 1394,954, 1394,1012, 1375,1012
Polygon 1375,1045, 1394,1045, 1394,1100, 1375,1100
Polygon 1204,990, 1265,990, 1265,1065, 1204,1065

; эскалатор 2 гор
PenColor 7F7F7F
Stairs 1257,945, 1257,924, 1214,945
PenColor 000000
BrushColor 9B5509
Polygon 1264,924, 1209,924, 1209,921, 1264,921
Polygon 1264,932, 1264,937, 1209,937, 1209,932
Polygon 1264,945, 1209,945, 1209,948, 1264,948

; эскалатор 2 гор
PenColor 7F7F7F
Stairs 1257,1131, 1257,1110, 1214,1131
PenColor 000000
BrushColor 9B5509
Polygon 1264,1110, 1209,1110, 1209,1107, 1264,1107
Polygon 1264,1118, 1264,1123, 1209,1123, 1209,1118
Polygon 1264,1131, 1209,1131, 1209,1134, 1264,1134

; кассы
BrushColor FFFFFF
Polygon 1375,969, 1383,969, 1383,996, 1375,996
BrushColor -1
AngleTextOut -90, Arial, 10, 1386, 970, кассы

; закрыто
PenColor FF0000
Line 1382,925, 1388,950
Line 1388,925, 1382,950

; турникеты
PenColor 000000
BrushColor -1
Polygon 1323,980, 1323,974, 1329,974, 1329,980
Polygon 1323,1078, 1323,1072, 1329,1072, 1329,1078
PenColor 009900
Stairs 1324,1068, 1328,1068, 1324,982
PenColor FF0000
Stairs 1324,1134, 1328,1134, 1324,1081
Stairs 1324,970, 1328,970, 1324,915

; левый вестибюль

PenColor 000000
Line 754,916, 754,921, 690,921, 690,915, 583,915, 583,921, 564,921, 564,703, 1056,703, 1056,811, 1006,811
Line 458,683, 544,683, 544,1139, 564,1139, 564,1133, 583,1133, 583,1139, 690,1139, 690,1134, 754,1134, 754,1139
Line 458,663, 564,663, 564,683, 651,683, 651,664, 601,664
Line 602,648, 721,648
Line 721,664, 671,664, 671,683, 1056,683, 1056,632, 1006,632
Line 1006,827, 1126,827
Line 1126,811, 1076,811, 1076,632, 1126,632
Line 1126,616, 1076,616, 1076,231, 1126,231
Line 1006,616, 1056,616, 1056,422, 1006,422
Line 1006,406, 1056,406, 1056,329, 1006,329
Line 1006,313, 1056,313, 1056,231, 1006,231
Line 1006,215, 1056,215, 1056,48
Line 1126,215, 1076,215, 1076,48
Line 671,545, 671,422, 721,422
Line 721,406, 671,406, 671,329, 721,329
Line 721,313, 671,313, 671,202, 601,202
Line 601,218, 651,218, 651,246, 601,246
Line 601,262, 651,262, 651,313, 601,313
Line 601,329, 651,329, 651,406, 601,406
Line 601,422, 651,422, 651,545
Line 289,545, 289,422, 339,422
Line 339,406, 289,406, 289,329, 339,329
Line 339,313, 289,313, 289,262, 339,262
Line 339,246, 289,246, 289,218, 339,218
Line 339,202, 289,202, 289,147, 339,147
Line 339,131, 269,131, 269,202, 219,202
Line 219,218, 269,218, 269,246, 219,246
Line 219,262, 269,262, 269,313, 219,313
Line 219,329, 269,329, 269,406, 219,406
Line 219,422, 269,422, 269,545
Stairs 699,948, 699,990, 745,948
Stairs 699,1107, 699,1065, 745,1107
Stairs 460,663, 460,683, 506,663
Stairs 603,664, 603,648, 649,664
Stairs 719,664, 719,648, 673,664
Stairs 1008,811, 1008,827, 1054,811
Stairs 1124,811, 1124,827, 1078,811
Stairs 1008,616, 1008,632, 1054,616
Stairs 1124,616, 1124,632, 1078,616
Stairs 1008,406, 1008,422, 1054,406
Stairs 1008,313, 1008,329, 1054,313
Stairs 1008,215, 1008,231, 1054,215
Stairs 1124,215, 1124,231, 1078,215
Stairs 719,406, 719,422, 673,406
Stairs 719,313, 719,329, 673,313
Stairs 603,422, 603,406, 649,422
Stairs 603,329, 603,313, 649,329
Stairs 603,262, 603,246, 649,262
Stairs 603,218, 603,202, 649,218
Stairs 337,147, 337,131, 291,147
Stairs 337,218, 337,202, 291,218
Stairs 337,262, 337,246, 291,262
Stairs 337,329, 337,313, 291,329
Stairs 337,422, 337,406, 291,422
Stairs 221,406, 221,422, 267,406
Stairs 221,313, 221,329, 267,313
Stairs 221,246, 221,262, 267,246
Stairs 221,202, 221,218, 267,202
Stairs 269,543, 289,543, 269,497
Stairs 671,543, 651,543, 671,497
Stairs 1056,50, 1076,50, 1056,96



BrushColor D0D0D0
Polygon 583,954, 564,954, 564,1012, 583,1012
Polygon 583,1045, 564,1045, 564,1100, 583,1100
Polygon 754,990, 693,990, 693,1065, 754,1065

; эскалатор 2 гор
PenColor 7F7F7F
Stairs 701,945, 701,924, 744,945
PenColor 000000
BrushColor 9B5509
Polygon 694,924, 749,924, 749,921, 694,921
Polygon 694,932, 694,937, 749,937, 749,932
Polygon 694,945, 749,945, 749,948, 694,948

; эскалатор 2 гор
PenColor 7F7F7F
Stairs 701,1131, 701,1110, 744,1131
PenColor 000000
BrushColor 9B5509
Polygon 694,1110, 749,1110, 749,1107, 694,1107
Polygon 694,1118, 694,1123, 749,1123, 749,1118
Polygon 694,1131, 749,1131, 749,1134, 694,1134

; кассы
BrushColor FFFFFF
Polygon 583,969, 575,969, 575,996, 583,996
BrushColor -1
AngleTextOut -90, Arial, 10, 586, 971, кассы

; закрыто
PenColor FF0000
Line 576,925, 570,950
Line 570,925, 576,950

; турникеты
PenColor 000000
BrushColor -1
Polygon 635,980, 635,974, 629,974, 629,980
Polygon 635,1078, 635,1072, 629,1072, 629,1078
PenColor 009900
Stairs 634,1068, 630,1068, 634,982
PenColor FF0000
Stairs 634,1134, 630,1134, 634,1081
Stairs 634,970, 630,970, 634,915


; Названия улиц голубым
PenColor 00AFAF
BrushColor -1
AngleTextOut -10, Arial, 15, 805, 72, Московское шоссе
AngleTextOut 0, Arial, 15, 739, 739, улица Фильченкова
