Size 490x750

; река
PenColor CCF8FD
BrushColor CCF8FD
Polygon 0,46, 107,66, 192,80, 194,72, 204,66, 212,73, 209,80, 245,78, 246,72, 260,68, 320,86, 326,104, 314,106, 314,108, 338,115, 342,112, 336,107, 350,96, 356,99, 355,112, 475,98, 480,145, 442,141, 408,146, 386,154, 362,166, 322,154, 284,136, 254,130, 244,121, 220,123, 176,104, 112,98, 52,86, 1,65
Polygon 324,154, 361,164, 325,214, 318,238, 318,292, 328,351, 342,445, 360,536, 354,578, 256,742, 210,742, 275,652, 283,624, 327,546, 334,494, 328,458, 325,454, 322,462, 326,500, 320,496, 316,415, 296,328, 286,287, 286,232, 296,197, 306,176
Polygon 254,157, 248,154, 242,155, 226,158, 212,152, 210,154, 209,158, 218,166, 248,165, 250,163
PenColor FFFFFF
BrushColor FFFFFF
Polygon 294,282, 292,276, 292,265, 292,234, 298,209, 305,192, 312,178, 318,174, 313,185, 310,197, 305,210, 303,236, 297,262, 296,276
BrushColor -1
AngleTextOut -10, Arial, 15, 199, 87, ВОЛГА, 1
AngleTextOut 10, Arial, 15, 394, 125, ВОЛГА, 1
AngleTextOut 90, Arial, 16, 300, 309, ОКА, 1
AngleTextOut 90, Arial, 16, 336, 539, ОКА, 1


; улицы
PenColor D6D6D7
BrushColor D6D6D7
Spline 158,68, 152,104, 153,132, 162,162, 196,196, 236,211, 276,221, 5
Line 42,271, 64,290, 112,315, 140,256, 154,168, 180,154, 242,178, 5
Line 31,188, 68,218, 145,258, 193,277, 5
Line 32,336, 138,311, 232,252, 236,238, 282,219, 297,186, 340,202, 342,220, 360,249, 367,248, 401,256, 432,242, 482,222, 5
Line 145,232, 170,244, 173,254, 168,266, 5
Line 231,208, 244,176, 254,172, 269,170, 298,180, 299,185, 5
Line 12,297, 29,336, 51,387, 106,450, 125,480, 153,492, 199,536, 370,645, 443,657, 484,674, 7
Line 110,318, 122,344, 135,358, 162,366, 180,366, 228,390, 278,364, 332,356, 5
Spline 332,356, 340,355, 346,356, 348,350, 343,343, 339,340, 340,330, 346,326, 354,326, 357,320, 5
Line 196,538, 116,620, 5
Line 160,574, 133,550, 5
Line 152,547, 80,615, 80,692, 33,692, 5
Line 39,674, 100,674, 5
Line 36,654, 92,654, 116,658, 5
Line 74,698, 150,626, 184,588, 202,560, 248,360, 7
Line 224,450, 186,443, 189,433, 285,448, 5
Line 212,372, 244,374, 5
Spline 248,360, 232,344, 224,318, 229,286, 252,258, 271,248, 301,248, 328,250, 334,246, 338,244, 346,244, 355,242, 7
Line 250,361, 277,364, 284,376, 290,398, 294,432, 285,446, 285,455, 279,474, 268,486, 224,552, 5
Line 214,518, 236,532, 5
Line 192,488, 228,493, 5
Line 222,522, 231,483, 224,482, 5
Line 232,483, 246,474, 5
Line 230,451, 262,493, 5
Line 216,549, 204,589, 193,578, 5
Line 76,701, 82,706, 92,704, 119,731, 5
Line 92,684, 100,692, 105,702, 134,731, 5
Line 105,702, 78,728, 5
Spline 324,726, 364,661, 376,602, 382,548, 376,489, 380,464, 378,381, 374,295, 5
Line 358,318, 372,299, 372,291, 437,160, 480,153, 5
Line 362,311, 356,304, 357,290, 380,294, 486,234, 5
Line 473,240, 433,172, 5
Line 364,290, 382,202, 402,198, 5
Line 414,204, 403,198, 404,184, 397,174, 396,164, 392,156, 5
Spline 414,190, 434,190, 452,180, 462,163, 5
Spline 336,200, 360,174, 391,156, 414,150, 456,148, 484,155, 5
Spline 341,201, 364,179, 399,162, 5
Line 405,185, 417,183, 434,177, 5
Line 439,160, 462,162, 482,168, 5
Line 436,166, 459,168, 482,174, 5
Line 458,175, 484,182, 5
Line 272,246, 258,230, 250,225, 5
Line 238,237, 240,232, 261,218, 281,176, 5
Line 272,220, 290,178, 5
Line 246,356, 254,320, 253,300, 248,262, 5
Line 228,328, 252,329, 272,295, 271,250, 5
Line 235,327, 235,304, 5


; Эмблема города
PenColor 085288
Ellipse 383,3, 476,96, 2
PenColor FFFFFF
BrushColor 085288
Ellipse 386,6, 473,93, 2
Line 390,108, 411,108, 418,90, 430,110, 440,90, 447,108, 469,108, 452,46, 430,76, 408,47, 390,108, 2
PenColor 085288
Line 396,82, 387,110, 412,110, 418,94, 430,112, 440,94, 446,110, 472,110, 464,82, 2
PenColor CF0000
BrushColor CF0000
Polygon 391,107, 411,107, 418,89, 430,108, 440,89, 447,107, 468,107, 451,49, 430,78, 408,50

; конь
PenColor 085288
BrushColor FFFFFF
;Polygon 810,192, 810,182, 810,174, 802,166, 804,170, 806,170, 806,174, 808,174, 806,174, 804,174, 798,166, 802,164, 802,164, 804,164, 806,166, 806,166, 810,166, 810,164, 810,162, 810,158, 810,158, 814,156, 814,154, 814,152, 812,154, 810,152, 810,152, 808,150, 808,150, 810,150, 810,150, 814,148, 814,146, 812,146, 810,146, 810,146, 806,144, 806,142, 806,140, 806,138, 806,138, 806,138, 808,142, 810,142, 810,140, 808,138, 810,138, 810,138, 810,138, 810,138, 810,142, 812,142, 814,146, 814,144, 814,144, 814,142, 814,142, 812,142, 814,138, 814,140, 816,142, 816,144, 816,146, 818,146, 818,146, 820,146, 824,142, 826,142, 826,144, 826,144, 830,142, 832,142, 830,142, 830,144, 830,146, 832,146, 834,142, 836,142, 838,142, 838,142, 838,142, 834,146, 832,146, 826,146, 822,146, 822,148, 824,148, 826,150, 826,150, 826,150, 822,150, 822,150, 820,150, 820,154, 822,154, 822,156, 820,156, 820,158, 818,158, 818,162, 822,164, 822,164, 822,166, 824,166, 824,166, 826,166, 830,166, 830,164, 834,164, 834,164, 834,166, 836,166, 838,166, 842,170, 838,172, 838,174, 838,176, 838,178, 836,178, 836,182, 838,182, 838,186, 838,186, 834,186, 834,188, 834,190, 834,192, 830,194, 832,194, 830,194, 828,194, 826,194, 826,194, 830,192, 830,190, 834,186, 834,186, 834,182, 834,182, 832,180, 832,178, 830,178, 830,178, 832,182, 830,186, 830,186, 830,186, 826,188, 826,190, 826,190, 824,190, 824,192, 824,194, 822,192, 820,192, 822,188, 826,184, 826,182, 826,182, 826,180, 826,178, 826,178, 826,174, 824,176, 822,178, 820,176, 818,174, 816,174, 816,174, 814,174, 814,178, 814,178, 814,186, 814,186, 814,190, 814,190, 814,192, 810,192, 810,192, 0.5
;Polygon 862,17, 869,10, 871,10, 871,13, 872,15, 875,15, 879,10, 882,10, 882,13, 880,15, 881,17, 885,16, 891,10, 893,12, 887,20, 879,21, 870,20, 863,20, 863,22, 865,23, 870,23, 873,25, 872,28, 866,28, 864,26, 860,24, 859,26, 860,30, 863,35, 861,40, 860,46, 861,50, 863,54, 869,56, 879,54, 884,52, 894,57, 899,62, 898,65, 896,69, 895,75, 892,80, 892,87, 894,91, 883,106, 881,111, 876,109, 876,105, 882,98, 887,90, 884,85, 883,79, 881,78, 880,86, 882,90, 877,96, 868,104, 868,107, 864,107, 863,104, 865,99, 875,90, 875,87, 872,82, 874,79, 873,76, 868,75, 862,75, 854,72, 851,72, 849,92, 847,106, 843,105, 842,102, 845,95, 844,89, 843,80, 843,68, 841,66, 836,65, 830,59, 828,60, 833,68, 838,70, 838,73, 832,72, 829,70, 823,58, 823,54, 826,52, 831,55, 841,57, 841,50, 844,41, 848,37, 851,32, 851,29, 847,31, 842,31, 840,28, 840,25, 847,23, 850,21, 850,19, 844,17, 838,15, 834,11, 832,7, 832,3, 834,3, 837,8, 839,12, 841,12, 841,9, 840,4, 842,4, 845,12, 846,16, 849,16, 848,11, 846,7, 848,7, 851,12, 852,16, 855,19, 861,19
;Polygon 860,37, 864,33, 864,33, 864,35, 865,36, 866,36, 868,33, 870,33, 870,35, 869,36, 870,37, 872,37, 874,33, 876,35, 872,39, 868,39, 864,39, 860,39, 860,39, 862,40, 864,40, 866,41, 865,43, 862,43, 861,41, 859,41, 858,41, 859,43, 860,46, 860,49, 859,51, 860,53, 860,55, 864,57, 868,55, 871,55, 876,57, 878,59, 878,61, 877,63, 876,66, 875,69, 875,72, 876,74, 870,81, 870,84, 867,83, 867,81, 870,77, 872,73, 871,71, 870,68, 870,67, 869,71, 870,73, 868,77, 863,81, 863,82, 861,82, 860,81, 862,78, 866,73, 866,72, 865,70, 866,68, 866,67, 863,66, 860,66, 856,65, 854,65, 854,75, 852,81, 850,81, 850,79, 852,76, 851,73, 850,69, 850,63, 850,61, 847,61, 844,58, 843,59, 846,63, 848,63, 848,65, 845,65, 844,63, 840,57, 840,55, 842,55, 844,56, 850,57, 850,53, 851,49, 853,47, 854,45, 854,43, 852,44, 850,44, 849,43, 849,41, 852,40, 854,39, 854,38, 851,37, 848,36, 846,34, 845,32, 845,30, 846,30, 848,33, 848,35, 850,35, 850,33, 849,31, 850,31, 852,35, 852,37, 854,37, 853,34, 852,32, 853,32, 854,35, 855,37, 856,38, 860,38, 0.1
;Polygon 33,11, 36,11, 42,18, 48,24, 50,24, 48,18, 46,10, 48,10, 51,18, 55,24, 58,25, 58,15, 60,15, 61,28, 64,31, 69,32, 76,30, 80,26, 81,16, 84,16, 84,22, 84,28, 91,24, 96,20, 97,14, 99,13, 98,18, 98,22, 103,18, 108,13, 111,8, 113,8, 110,14, 102,23, 92,28, 82,32, 75,35, 70,39, 76,39, 81,40, 81,42, 74,43, 73,52, 71,63, 68,74, 69,82, 82,85, 92,83, 106,83, 116,85, 122,91, 125,99, 120,97, 117,103, 115,113, 113,121, 116,126, 122,129, 122,136, 120,144, 121,160, 123,165, 120,170, 121,178, 111,177, 112,173, 116,166, 114,160, 115,155, 115,145, 112,139, 93,126, 91,134, 91,141, 86,142, 81,149, 77,160, 77,167, 74,167, 73,171, 74,177, 64,177, 63,173, 69,168, 69,162, 79,139, 79,126, 79,113, 66,114, 54,113, 51,120, 44,136, 44,143, 42,148, 42,160, 43,164, 42,168, 43,175, 42,177, 32,177, 32,174, 37,167, 35,163, 36,157, 37,145, 35,140, 37,136, 36,113, 27,108, 14,98, 11,102, 11,119, 9,122, 13,124, 13,131, 10,132, 3,123, 6,117, 6,93, 10,89, 15,91, 23,94, 34,94, 34,87, 36,82, 49,67, 56,56, 56,52, 49,49, 43,49, 41,46, 41,43, 53,42, 56,39, 63,38, 55,32, 37,28, 37,26, 47,28, 38,18
Polygon 421,10, 422,10, 425,13, 426,13, 425,12, 424,10, 425,10, 426,12, 427,13, 428,13, 428,11, 428,11, 428,14, 429,15, 430,15, 432,14, 433,14, 433,11, 434,11, 434,14, 436,13, 437,12, 437,10, 438,10, 438,12, 438,12, 439,12, 440,10, 441,10, 439,13, 434,15, 430,17, 432,17, 433,17, 433,18, 432,18, 431,20, 431,23, 430,26, 430,28, 442,28, 444,30, 444,32, 443,31, 442,33, 442,35, 441,37, 444,40, 444,41, 444,43, 443,47, 444,48, 443,50, 443,51, 441,51, 441,50, 442,48, 442,44, 441,42, 436,38, 436,41, 435,42, 433,44, 432,47, 431,49, 431,49, 432,51, 429,51, 429,50, 430,49, 430,48, 433,42, 433,35, 430,36, 426,35, 426,37, 424,41, 424,51, 421,51, 421,50, 423,49, 423,45, 422,41, 422,35, 416,32, 416,32, 416,36, 415,38, 416,38, 416,40, 416,40, 414,38, 414,30, 416,29, 417,30, 422,30, 422,28, 427,21, 427,20, 425,19, 423,19, 423,18, 423,18, 425,18, 426,17, 427,17, 429,16, 427,15, 422,15, 422,14, 425,14, 0.01

; названия районов
BrushColor -1
PenColor 00306F
AngleTextOut 0, Arial, 35, 95, 10, СХЕМА ЛИНИЙ, 1
AngleTextOut 0, Arial, 20, 32, 50, НИЖЕГОРОДСКОГО МЕТРОПОЛИТЕНА
PenColor 202020
AngleTextOut 0, Arial, 10, 21, 134, СОРМОВСКИЙ РАЙОН
AngleTextOut 0, Arial, 10, 17, 275, МОСКОВСКИЙ РАЙОН
AngleTextOut 0, Arial, 10, 158, 196, КАНАВИНСКИЙ РАЙОН
AngleTextOut 0, Arial, 10, 118, 406, ЛЕНИНСКИЙ РАЙОН
AngleTextOut 0, Arial, 10, 6, 568, АВТОЗАВОДСКИЙ РАЙОН
AngleTextOut 0, Arial, 10, 390, 325, СОВЕТСКИЙ РАЙОН
AngleTextOut 0, Arial, 10, 394, 566, ПРИОКСКИЙ РАЙОН
AngleTextOut 0, Arial, 10, 356, 704, ЩЕРБИНКИ
AngleTextOut 0, Arial, 10, 348, 194, НИЖЕГОРОДСКИЙ РАЙОН

; названия площадей
AngleTextOut 0, Arial, 7, 420, 166, площадь
AngleTextOut 0, Arial, 7, 402, 172, Минина и Пожарского
AngleTextOut 0, Arial, 7, 463, 208, площадь\nСвободы
AngleTextOut 0, Arial, 7, 371, 260, площадь\nМаксима\nГорького
AngleTextOut 0, Arial, 7, 377, 296, площадь\nЛядова
AngleTextOut 0, Arial, 7, 250, 204, площадь\nЛенина
AngleTextOut 0, Arial, 7, 202, 224, площадь\nРеволюции
AngleTextOut 0, Arial, 7, 258, 343, Комсомольская\nплощадь

; названия улиц
AngleTextOut 65, Arial, 7, 104, 308, Бурнаковский проезд
AngleTextOut 80, Arial, 7, 133, 236, ул. Куйбышева
AngleTextOut -27, Arial, 7, 150, 224, ул. Шаляпина
AngleTextOut 0, Arial, 7, 198, 242, Московский\nвокзал
AngleTextOut -27, Arial, 7, 71, 221, Сормовское шоссе
AngleTextOut 30, Arial, 7, 143, 310, Московское шоссе
AngleTextOut 30, Arial, 7, 244, 230, ул. Советская
AngleTextOut 70, Arial, 7, 214, 292, ул. Чкалова
AngleTextOut -70, Arial, 7, 208, 287, ул. Октябрьской революции
AngleTextOut 90, Arial, 7, 236, 336, ул. Витебская
AngleTextOut 78, Arial, 7, 247, 354, ул. Июльских дней
AngleTextOut -5, Arial, 7, 214, 372, ул. Рубо
AngleTextOut 77, Arial, 7, 235, 430, проспект Ленина
AngleTextOut -8, Arial, 7, 185, 423, ул. Самочкина
AngleTextOut -11, Arial, 7, 192, 434, ул. Дружбы
AngleTextOut -9, Arial, 7, 233, 440, Заречный бульвар
AngleTextOut -52, Arial, 7, 240, 448, ул. Космонавта Комарова
AngleTextOut 30, Arial, 7, 217, 491, ул. Чугунова
AngleTextOut -8, Arial, 7, 170, 475, ул. Норильская
AngleTextOut 55, Arial, 7, 228, 547, ул. Глеба Успенского
AngleTextOut -44, Arial, 7, 163, 486, ул. Новикова-Прибоя
AngleTextOut 75, Arial, 7, 207, 586, ул. Райниса
AngleTextOut 45, Arial, 7, 121, 634, проспект Ленина
AngleTextOut 46, Arial, 7, 141, 596, ул. Переходникова
AngleTextOut 0, Arial, 7, 28, 645, проспект Кирова
AngleTextOut 0, Arial, 7, 27, 665, проспект Ильича
AngleTextOut 0, Arial, 7, 11, 683, проспект Молодёжный
AngleTextOut -45, Arial, 7, 111, 693, ул. Юлиуса Фучика
AngleTextOut -45, Arial, 7, 100, 712, ул. Венедяпина

AngleTextOut 0, Arial, 7, 216, 148, озеро Мещерское

