Size 780x970
Angle 55

;пути
BrushColor CF0000
Polygon 140,442, 590,442, 590,472, 140,472
Polygon 140,552, 590,552, 590,582, 140,582

BrushColor -1
PenColor CF0000
AngleTextOut 0, Arial, 20, 140, 418, << Автозаводская
AngleTextOut 0, Arial, 20, 373, 582, Двигатель Революции >>
AngleTextOut 0, Arial, 25, 290, 494, Пролетарская, 1

; правый вестибюль

PenColor 000000
Line 590,472, 590,482, 654,482, 654,450, 718,450, 718,455, 729,455, 729,354
Line 753,354, 753,621, 803,621
Line 803,639, 679,639
Line 590,552, 590,542, 654,542, 654,574, 718,574, 718,569, 729,569, 729,621, 679,621
Stairs 597,482, 597,542, 619,482
Stairs 627,482, 627,542, 649,482
Stairs 729,356, 753,356, 729,402
Stairs 681,621, 681,639, 727,621
Stairs 801,621, 801,639, 755,621

BrushColor D0D0D0
Polygon 718,497, 729,497, 729,528, 718,528

; турникеты
Line 654,482, 681,482, 0.5
PenColor 009900
Stairs 694,539, 698,538, 682,490
PenColor FF0000
Stairs 695,542, 699,542, 695,573

; кассы
PenColor 000000
BrushColor -1
Polygon 680,484, 685,483, 686,488, 681,489
PenColor 000000
Line 654,452, 662,452, 666,456, 666,476, 662,480, 654,480
BrushColor -1
AngleTextOut -90, Arial, 10, 667, 454, кассы

; стрелки
PenColor FF0000
Arrow 670,552, 683,552
PenColor 009900
Arrow 721,485, 709,487

; левый вестибюль

PenColor 000000
Line 140,472, 140,482, 78,482, 78,450, 13,450, 13,456, 2,456, 2,385, -120,385
Line -120,403, -22,403, -22,623, -72,623
Line 52,623, 2,623, 2,569, 13,569, 13,575, 78,575, 78,542, 140,542, 140,552
Line 52,641, -72,641
Stairs 105,482, 105,542, 83,482
Stairs 135,482, 135,542, 113,482
Stairs -118,403, -118,385, -72,403
Stairs -70,623, -70,641, -24,623
Stairs 50,623, 50,641, 4,623

BrushColor D0D0D0
Polygon 13,527, 2,527, 2,496, 13,496

; турникеты
Line 78,542, 51,542, 0.5
PenColor 009900
Stairs 38,485, 34,486, 50,534
PenColor FF0000
Stairs 37,482, 33,482, 37,451

; кассы
PenColor 000000
BrushColor -1
Polygon 52,540, 47,541, 46,536, 51,535
PenColor 000000
Line 78,572, 70,572, 66,568, 66,548, 70,544, 78,544
BrushColor -1
AngleTextOut -90, Arial, 10, 79, 546, кассы

; стрелки
PenColor FF0000
Arrow 62,472, 49,472
PenColor 009900
Arrow 11,539, 23,537

;названия улиц голубым
BrushColor -1
PenColor 00AFAF
AngleTextOut 0, Arial, 15, -146, 506, проспект Ленина
AngleTextOut 0, Arial, 15, 768, 499, проспект Ленина
AngleTextOut -90, Arial, 15, 920, 422, улица Новикова-Прибоя
