Size 612x700

PenColor 0404A4
BrushColor -1
TextOut Arial, 35, 161, 22, Chennai, 1
TextOut Arial, 10, 153, 53, (Attention! All time intervals in this version equal 2 minutes)

PenColor B4E3EB
BrushColor B4E3EB
Polygon 544,-40, 541,40, 573,38, 583,45, 573,151, 553,169, 562,202, 551,254, 550,282, 544,320, 544,346, 563,409, 582,426, 612,476, 612,-40
Spline 562,165, 544,166, 527,159, 509,135, 493,124, 471,127, 449,124, 434,116, 404,118, 366,126, 12
Spline 561,174, 544,169, 523,171, 498,174, 471,166, 456,155, 442,135, 429,124, 416,118, 12
Spline 543,-39, 542,-27, 541,-2, 540,9, 541,20, 538,30, 540,40, 558,43, 576,38, 582,43, 583,62, 583,74, 580,90, 573,116, 574,136, 571,155, 562,162, 557,170, 557,177, 561,193, 559,213, 554,236, 548,253, 550,271, 550,291, 544,317, 546,332, 545,345, 548,362, 554,381, 559,400, 569,415, 574,421, 584,427, 596,448, 609,465, 7
