Size 1050x840
Angle 30

PenColor 000000
BrushColor 00009F
Polygon 265,314, 265,284, 715,284, 715,314
Polygon 265,424, 265,394, 715,394, 715,424

BrushColor -1
PenColor 00009F
AngleTextOut 0, Arial, 20, 265, 259, << Площадь Якуба Коласа
AngleTextOut 0, Arial, 20, 525, 424, Парк Челюскинцев >>
AngleTextOut 0, Arial, 25, 404, 336, Академия Наук, 1

; эскалатор 3 гор
PenColor 7F7F7F
Stairs 760,369, 760,335, 723,369
PenColor 000000
BrushColor 9B5509
Polygon 767,335, 718,335, 718,332, 767,332
Polygon 767,343, 767,348, 718,348, 718,343
Polygon 767,356, 767,361, 718,361, 718,356
Polygon 767,369, 718,369, 718,372, 767,372

BrushColor D0D0D0
Polygon 838,211, 838,220, 822,228, 815,228, 815,211
Polygon 815,480, 822,480, 838,488, 838,497, 815,497
Polygon 181,343, 181,364, 193,364, 193,343
Polygon 802,365, 815,365, 815,343, 802,343

Line 716,314, 726,314, 726,332
Line 758,332, 758,323, 802,323, 802,329, 815,329, 815,211, 906,211
Line 906,231, 858,231, 858,477, 906,477
Line 906,497, 815,497, 815,379, 802,379, 802,385, 758,385, 758,372
Line 726,372, 726,394, 716,394

Line 265,394, 265,385
Line 265,314, 265,323
Line 273,385, 193,385, 193,379, 181,379, 181,477
Line 273,323, 193,323, 193,329, 181,329, 181,228
Line 145,211, 117,211
Line 145,497, 117,497
Line 117,231, 141,231, 141,477, 117,477

Spline 181,477, 176,491, 163,496, 145,497
Spline 181,228, 176,216, 163,212, 145,211

Stairs 904,231, 904,211, 858,231
Stairs 904,477, 904,497, 858,477
Stairs 271,323, 271,385, 225,323
Stairs 141,269, 181,269, 141,247
Stairs 181,427, 141,427, 181,449
Stairs 119,231, 119,211, 141,231
Stairs 119,477, 119,497, 141,477

PenColor FF0000
Arrow 206,336, 170,336
Arrow 754,365, 777,365
PenColor 009900
Arrow 171,371, 206,371
Arrow 730,339, 707,339

BrushColor -1
PenColor 00AFAF
AngleTextOut 0, Arial, 15, -19, 343, проспект Независимости
AngleTextOut 0, Arial, 15, 996, 333, проспект Независимости
AngleTextOut -90, Arial, 15, 247, -6, ул. Богдана\nХмельницкого
AngleTextOut -90, Arial, 15, 960, 198, ул. Сурганова
AngleTextOut -90, Arial, 15, 960, 600, ул. Сурганова
AngleTextOut -90, Arial, 15, -32, 445, ул. Академическая

