Size 1200x750
Angle -20

BrushColor BF0050
Polygon 412,248, 412,216, 862,216, 862,248
Polygon 412,359, 412,327, 862,327, 862,359

BrushColor -1
PenColor BF0050
AngleTextOut 0, Arial, 20, 412, 191, << Партизанская
AngleTextOut 0, Arial, 20, 724, 359, Могилевская >>
AngleTextOut 0, Arial, 25, 546, 270, Автозаводская, 1

PenColor 000000
Line 862,262, 862,248
Line 862,312, 862,327
Line 412,248, 412,262
Line 412,312, 412,327
Line 830,262, 866,262, 866,212, 934,212, 934,237, 961,237, 961,139, 921,139
Line 1100,139, 1020,139, 1020,447, 1082,509
Line 1100,118, 921,118
Line 1064,527, 1010,473, 921,473
Line 921,452, 961,452, 961,337, 934,337, 934,363, 866,363, 866,312, 830,312
Line 456,312, 408,312, 408,363, 340,363, 340,337, 313,337, 313,363, 298,363, 298,475
Line 277,475, 277,435, 169,435, 136,468
Line 120,452, 149,423, 149,297, 107,297
Line 107,276, 263,276, 263,212, 277,212, 277,161
Line 298,161, 298,212, 313,212, 313,237, 340,237, 340,212, 408,212, 408,262, 456,262

Stairs 832,312, 832,262, 866,312
Stairs 454,262, 454,312, 408,262
Stairs 277,163, 298,163, 277,200
Stairs 109,297, 109,276, 147,297
Stairs 138,466, 122,450, 165,439
Stairs 277,473, 298,473, 277,435
Stairs 923,452, 923,473, 961,452
Stairs 923,139, 923,118, 961,139
Stairs 1081,508, 1063,526, 1054,481
Stairs 1098,118, 1098,139, 1060,118

BrushColor D0D0D0
Polygon 933,312, 933,262, 961,262, 961,312
Polygon 313,312, 313,262, 340,262, 340,312
Polygon 171,416, 171,297, 263,297, 263,363, 277,363, 277,416

BrushColor -1
PenColor 00AFAF
AngleTextOut 0, Arial, 15, 440, 380, Партизанский проспект
AngleTextOut 0, Arial, 15, 1091, 419, Партизанский проспект
AngleTextOut 0, Arial, 15, -19, 385, Партизанский проспект
AngleTextOut 90, Arial, 15, 213, 544, ул. Кабушкина
AngleTextOut 90, Arial, 15, 216, 227, ул. Радиальная
AngleTextOut 90, Arial, 15, 1110, 216, ул. Центральная
AngleTextOut 315, Arial, 15, 1096, 469, ул. Центральная
