Size 960x730
Angle 23

BrushColor 00009F
Polygon 263,237, 263,207, 713,207, 713,237
Polygon 263,347, 263,317, 713,317, 713,347

BrushColor -1
PenColor 00009F
AngleTextOut 0, Arial, 20, 263, 185, << Восток
AngleTextOut 0, Arial, 20, 622, 347, Уручье >>
AngleTextOut 0, Arial, 25, 378, 258, Борисовский тракт, 1

PenColor 000000
BrushColor D0D0D0
Polygon 180,269, 180,285, 191,285, 191,269

Line 713,237, 725,237, 725,253, 713,253, 713,300, 725,300, 725,317, 713,317
Line 263,237, 263,248
Line 263,317, 263,306
Line 271,248, 191,248, 191,253, 180,253, 180,202, 159,202, 136,225, 57,225
Line 271,306, 191,306, 191,301, 181,301, 181,571, 221,571
Line 221,592, 142,592, 142,301, 135,301, 135,265, 128,246, 57,246
Stairs 269,248, 269,306, 223,248
Stairs 59,225, 59,246, 97,225
Stairs 219,571, 219,592, 181,571

PenColor FF0000
Arrow 189,261, 167,261
PenColor 009900
Arrow 181,294, 201,294

BrushColor -1
PenColor 00AFAF
AngleTextOut 0, Arial, 15, -24, 394, проспект Независимости
AngleTextOut 0, Arial, 15, 740, 393, проспект Независимости
AngleTextOut 0, Arial, 15, 250, 578, 15-й корпус БНТУ
AngleTextOut -90, Arial, 15, 940, 187, Минская кольцевая автодорога (МКАД)
Arrow 289,601, 361,601

