Size 1350x740
Angle -5

BrushColor BF0050
Polygon 472,316, 472,286, 922,286, 922,316
Polygon 472,396, 472,426, 922,426, 922,396

BrushColor -1
PenColor BF0050
AngleTextOut 0, Arial, 25, 604, 341, Фрунзенская, 1
AngleTextOut 0, Arial, 20, 831, 426, Немига >>
AngleTextOut 0, Arial, 20, 473, 264, << Молодежная

PenColor 000000
BrushColor D0D0D0
Polygon 995,340, 1009,340, 1009,372, 995,372
Polygon 1044,347, 1061,347, 1061,365, 1044,365
Polygon 369,344, 400,344, 400,368, 369,368

; эскалатор 3 гор
PenColor 7F7F7F
Stairs 952,373, 952,339, 919,373
PenColor 000000
BrushColor 9B5509
Polygon 959,339, 914,339, 914,336, 959,336
Polygon 959,347, 959,352, 914,352, 914,347
Polygon 959,360, 959,365, 914,365, 914,360
Polygon 959,373, 914,373, 914,376, 959,376

Line 922,316, 922,336
Line 950,336, 950,306, 995,306, 995,316, 1009,316, 1009,309, 1067,309, 1067,279, 1027,279
Line 1027,259, 1152,259
Line 1152,279, 1112,279, 1112,500
Line 1091,500, 1091,468, 1048,468
Line 1048,447, 1080,447, 1080,403, 1009,403, 1009,397, 995,397, 995,406, 950,406, 950,376
Line 922,396, 922,376

Line 472,316, 472,323, 400,323, 400,328, 369,328, 369,270, 409,270
Line 409,250, 290,250
Line 290,270, 330,270, 330,457, 290,457
Line 290,477, 409,477
Line 409,457, 369,457, 369,384, 400,384, 400,389, 472,389, 472,396

Stairs 1044,309, 1044,403, 1033,309
Stairs 1029,279, 1029,259, 1067,279
Stairs 1150,279, 1150,259, 1112,279
Stairs 1091,498, 1112,498, 1091,468
Stairs 1050,447, 1050,468, 1080,447
Stairs 1080,431, 1112,431, 1080,422

Stairs 470,323, 470,389, 424,323
Stairs 407,457, 407,477, 369,457
Stairs 292,457, 292,477, 330,457
Stairs 407,270, 407,250, 369,270
Stairs 292,270, 292,250, 330,270


PenColor FF0000
Arrow 987,385, 1016,385
Arrow 380,336, 357,336
PenColor 009900
Arrow 1015,327, 987,327
Arrow 388,376, 411,376

BrushColor -1
PenColor 00AFAF
AngleTextOut 0, Arial, 15, 383, 51, улица Максима Танка
AngleTextOut 0, Arial, 15, 158, 341, улица Кальварийская
AngleTextOut 0, Arial, 15, 1143, 350, улица Романовская Слобода
AngleTextOut 0, Arial, 15, 264, 690, улица Короля
AngleTextOut 0, Arial, 15, 936, 684, улица Короля
AngleTextOut 90, Arial, 15, 1080, 218, улица Мельникайте
AngleTextOut 90, Arial, 15, 1095, 639, улица Сухая
AngleTextOut 0, Arial, 15, 1151, 65, улица Раковская
AngleTextOut 0, Arial, 15, 1204, 142, Юбилейная\nплощадь
AngleTextOut 90, Arial, 15, 31, 602, улица Клары Цеткин
