Size 610x430
Angle 30

;пути
BrushColor 00009F
Polygon 17,168, 17,138, 467,138, 467,168
Polygon 17,248, 17,278, 467,278, 467,248

BrushColor -1
PenColor 00009F
AngleTextOut 0, Arial, 25, 159, 190, Грушевка, 1
AngleTextOut 0, Arial, 20, 204, 278, Институт культуры >>
AngleTextOut 0, Arial, 20, 19, 114, << Михалово

; правый вестибюль

Opaque 85
PenColor FFFFFF
BrushColor FFFFFF
Polygon 397,136, 469,136, 469,164, 420,164, 420,252, 469,252, 469,280, 397,280
Opaque 100

PenColor 000000
Line 467,164, 420,164, 420,252, 467,252
Line 309,94, 397,94, 397,323, 309,323
Line 309,76, 470,76
Line 470,94, 420,94, 420,128, 545,128, 545,292, 420,292, 420,323, 470,323
Line 470,341, 309,341

Stairs 469,178, 469,238, 515,178
Stairs 312,94, 312,76, 357,94
Stairs 468,94, 468,76, 422,94
Stairs 312,323, 312,341, 357,323
Stairs 468,323, 468,341, 422,323

BrushColor D0D0D0
Polygon 467,164, 515,164, 515,178, 467,178
Polygon 467,238, 515,238, 515,252, 467,252

; турникеты

; стрелки

; левый вестибюль

PenColor 000000
Line 17,248, 17,230, 33,230, 33,186, 17,186, 17,168

;названия улиц голубым
BrushColor -1
PenColor 00AFAF
AngleTextOut 0, Arial, 15, 559, 188, проспект\nДзержинского
AngleTextOut -90, Arial, 15, 429, 367, улица Щорса

