Size 990x790
Angle 27

;пути
BrushColor 00009F
Polygon 320,390, 320,360, 770,360, 770,390
Polygon 320,500, 320,470, 770,470, 770,500

BrushColor -1
PenColor 00009F
AngleTextOut 0, Arial, 25, 463, 412, Институт Культуры, 1
AngleTextOut 0, Arial, 20, 591, 500, Площадь Ленина >>
AngleTextOut 0, Arial, 20, 323, 336, << Грушевка

; правый вестибюль
PenColor 000000
Line 770,390, 770,400, 843,400, 843,409, 853,409, 853,330, 805,330
Line 805,310, 940,310
Line 940,330, 892,330, 892,451, 843,451, 843,460, 770,460, 770,470
Stairs 807,330, 807,310, 853,330
Stairs 938,330, 938,310, 892,330
Stairs 772,460, 772,400, 818,460

BrushColor D0D0D0
Polygon 843,422, 853,422, 853,435, 843,435

; левый вестибюль
PenColor 000000
Line 286,638, 238,638, 238,451, 248,451, 248,460, 320,460, 320,470
Line 320,390, 320,400, 248,400, 248,409, 238,409, 238,339, 244,333, 279,368
Line 293,354, 242,303, 220,325, 170,275, 204,241
Line 190,227, 156,261, 95,200, 129,166
Line 115,152, 29,238
Line 43,252, 77,218, 138,279, 68,349
Line 137,322, 120,339, 113,332, 152,293, 212,353, 212,551, 164,551
Line 151,336, 120,367, 99,346, 82,363
Line 164,571, 212,571, 212,637, 164,637
Line 164,657, 286,657
Stairs 166,637, 166,657, 212,637
Stairs 284,638, 284,657, 238,638
Stairs 278,367, 292,353, 245,334
Stairs 166,571, 166,551, 212,571
Stairs 318,460, 318,400, 272,460
Stairs 189,228, 203,242, 156,261
Stairs 128,167, 114,153, 95,200
Stairs 44,251, 30,237, 77,218
Stairs 114,331, 100,317, 130,315
Stairs 83,362, 69,348, 99,346
Stairs 121,338, 135,352, 137,322

BrushColor D0D0D0
Polygon 238,422, 249,422, 249,435, 238,435

; ж/д
PenColor FFFFFF
BrushColor FFFFFF
Polygon 210,519, 240,519, 240,536, 210,536
Polygon 210,583, 240,583, 240,601, 210,601
PenColor D0D0D0
Railway 10, 14, 4, 981,533, -106,533
Railway 10, 14, 4, 950,597, 24,597

BrushColor D0D0D0
Polygon -88,541, 164,541, 164,581, -9,581
PenColor 000000
Line -88,541, 164,541, 164,551
Line 164,571, 164,581, -9,581
BrushColor -1
AngleTextOut 0, Arial, 15, -18, 551, 'ж/д пл. "Иститут культуры"'

;названия улиц голубым
BrushColor -1
PenColor 00AFAF
AngleTextOut 0, Arial, 15, 914, 413, Суражская улица
AngleTextOut 0, Arial, 15, 84, 427, Суражская улица
AngleTextOut 45, Arial, 15, 176, 169, Московская улица

PenColor 000000
AngleTextOut 0, Arial, 15, 754, 237, Белорусский Государственный университет\nКультуры и Искусств (БГУКИ) УО
AngleTextOut 45, Arial, 15, 333, 168, Академия Управления
