Size 1250x630
Angle -5

BrushColor BF0050
Polygon 514,315, 514,285, 964,285, 964,315
Polygon 514,395, 514,425, 964,425, 964,395

BrushColor -1
PenColor BF0050
AngleTextOut 0, Arial, 25, 644, 336, Каменная Горка, 1
AngleTextOut 0, Arial, 20, 833, 425, Кунцевщина >>
AngleTextOut 0, Arial, 20, 514, 260, << тупик

;лифт
PenColor 000000
BrushColor D0EFFF
Polygon 493,340, 493,322, 511,322, 511,340
BrushColor -1
AngleTextOut 0, Arial, 7, 494, 326, лифт

AngleTextOut 0, Arial, 15, 178, 441, 'ТЦ "Каменная Горка"'

BrushColor D0D0D0
Polygon 1065,321, 1078,321, 1078,389, 1065,389
Polygon 367,303, 384,303, 384,409, 367,409
Polygon 167,219, 320,219, 320,405, 167,405
Polygon 320,405, 320,432, 167,432, 167,405
Polygon 167,493, 167,461, 320,461, 320,493
Polygon 439,309, 494,309, 494,322, 439,322

Line 185,405, 185,432
Line 207,405, 207,432
Line 229,405, 229,432
Line 251,405, 251,432
Line 274,405, 274,432
Line 297,405, 297,432
Line 198,461, 198,493
Line 228,461, 228,493
Line 257,461, 257,493
Line 288,461, 288,493

Line 964,315, 964,321, 1020,321, 1020,283, 1065,283, 1065,296, 1078,296, 1078,239, 1009,239
Line 1009,220, 1192,220
Line 1192,239, 1119,239, 1119,473, 1191,473
Line 1191,492, 1004,492
Line 1004,473, 1078,473, 1078,414, 1065,414, 1065,430, 1020,430, 1020,389, 964,389, 964,395

Line 514,315, 514,322, 439,322
Line 510,322, 510,309, 511,309, 511,288, 439,288, 439,262, 384,262, 384,278, 367,278, 367,275, 352,275, 352,213, 395,213
Line 395,194, 339,194, 339,145
Line 320,145, 320,194, 150,194, 111,155
Line 96,170, 135,209, 135,502, 92,502
Line 92,521, 148,521, 148,569
Line 167,569, 167,520, 320,520, 320,568
Line 339,568, 339,521, 394,521
Line 394,502, 352,502, 352,437, 367,437, 367,434, 384,434, 384,450, 439,450, 439,388, 514,388, 514,395

Stairs 1190,239, 1190,220, 1152,239
Stairs 1011,239, 1011,220, 1049,239
Stairs 1189,473, 1189,492, 1151,473
Stairs 1006,492, 1006,473, 1044,492
Stairs 1078,431, 1119,431, 1078,424
Stairs 1018,321, 1018,389, 972,321

Stairs 441,388, 441,322, 487,388
Stairs 392,502, 392,521, 354,502
Stairs 339,566, 320,566, 339,528
Stairs 167,567, 148,567, 167,529
Stairs 94,521, 94,502, 132,521
Stairs 97,171, 112,156, 124,198
Stairs 320,147, 339,147, 320,185
Stairs 393,213, 393,194, 355,213

PenColor FF0000
Arrow 1053,401, 1090,401
Arrow 379,290, 355,290
PenColor 009900
Arrow 372,421, 395,421
Arrow 1088,309, 1051,309

BrushColor -1
PenColor 00AFAF
AngleTextOut 0, Arial, 15, 1132, 349, улица Притыцкого
AngleTextOut 0, Arial, 15, 297, 110, Посадка на автобусы
AngleTextOut 0, Arial, 15, 297, 125, 'к ТД "Ждановичи"'
AngleTextOut 0, Arial, 15, 13, 344, Раковское шоссе
AngleTextOut 0, Arial, 15, 42, 570, Посадка на транспорт
AngleTextOut 0, Arial, 15, 42, 584, 'в "Сухарево"'
AngleTextOut 90, Arial, 15, 237, 167, улица Кунцевщина
AngleTextOut 90, Arial, 15, 244, 640, улица Лобанка
