Size 750x430

; перекресток
PenColor F5F5F5
BrushColor F5F5F5
Polygon 292,0, 292,224, 0,224, 0,264, 292,264, 293,430, 333,430, 332,264, 750,264, 750,224, 332,224, 332,0


;пути
PenColor 000000
BrushColor BF0050
Polygon 88,204, 88,174, 538,174, 538,204
Polygon 88,284, 88,314, 538,314, 538,284

; торцы
PenColor 000000
Line 88,204, 88,221, 77,221
Line 77,267, 88,267, 88,284
Line 538,204, 538,221, 546,221
Line 538,284, 538,267, 546,267

Stairs 543,267, 543,221, 589,267
Stairs 83,221, 83,267, 37,221

Opaque 85
PenColor FFFFFF
BrushColor FFFFFF
Polygon 469,192, 548,192, 548,296, 470,296, 470,316, 452,316, 452,172, 469,172
Polygon 77,192, 156,192, 156,172, 174,172, 174,315, 156,316, 156,296, 77,296
Opaque 100

; правый вестибюль

PenColor 000000
Line 519,129, 469,129, 469,192, 613,192, 613,296, 470,296, 470,358, 520,358
Line 519,111, 402,111
Line 402,129, 452,129, 452,376, 520,376
Stairs 553,218, 553,192, 575,218
Stairs 553,270, 553,296, 575,270
Stairs 518,358, 518,376, 472,358
Stairs 517,129, 517,111, 471,129
Stairs 404,129, 404,111, 450,129

BrushColor D0D0D0
Polygon 589,218, 589,221, 549,221, 549,267, 589,267, 589,270, 546,270, 546,218

;кассы
PenColor 000000
BrushColor FFFFFF
Polygon 475,192, 475,184, 503,184, 503,192
BrushColor -1
AngleTextOut 0, Arial, 10, 477, 182, кассы

; турникеты
Polygon 510,238, 517,238, 517,245, 510,245
PenColor 009900
Stairs 516,234, 511,234, 516,192
PenColor FF0000
Stairs 516,249, 511,249, 516,296

; стрелки
PenColor FF0000
Arrow 577,253, 595,253, 595,281, 578,281
PenColor 009900
Arrow 577,212, 595,212, 595,236, 577,236


; левый вестибюль

PenColor 000000
Line 106,358, 156,358, 156,296, 13,296, 13,192, 156,192, 156,129, 106,129
Line 106,111, 174,111, 174,376, 106,376
Stairs 73,218, 73,192, 51,218
Stairs 73,270, 73,296, 51,270
Stairs 108,129, 108,111, 154,129
Stairs 108,358, 108,376, 154,358

BrushColor D0D0D0
Polygon 37,221, 37,218, 80,218, 80,270, 37,270, 37,267, 77,267, 77,221

;кассы
PenColor 000000
BrushColor FFFFFF
Polygon 122,192, 122,184, 150,184, 150,192
BrushColor -1
AngleTextOut 0, Arial, 10, 124, 182, кассы

; турникеты
Polygon 109,239, 116,239, 116,246, 109,246
PenColor 009900
Stairs 110,235, 115,235, 110,192
PenColor FF0000
Stairs 110,250, 115,250, 110,296

; стрелки
PenColor FF0000
Arrow 49,253, 31,253, 31,281, 48,281
PenColor 009900
Arrow 49,212, 31,212, 31,236, 49,236

;названия улиц голубым
BrushColor -1
PenColor 00AFAF
AngleTextOut 0, Arial, 15, 626, 231, улица Притыцкого
AngleTextOut 90, Arial, 15, 302, 146, улица Лещинского

BrushColor -1
PenColor BF0050
AngleTextOut 0, Arial, 25, 251, 227, Кунцевщина, 1
AngleTextOut 0, Arial, 20, 409, 313, Спортивная >>
AngleTextOut 0, Arial, 20, 89, 150, << Каменная Горка

