Size 480x620
Angle 70

;пути
BrushColor 00009F
Polygon 25,296, 25,266, 475,266, 475,296
Polygon 25,376, 25,406, 475,406, 475,376

BrushColor -1
PenColor 00009F
AngleTextOut 0, Arial, 25, 293, 227, Михалово, 1
AngleTextOut 0, Arial, 20, 365, 406, Грушевка >>
AngleTextOut 0, Arial, 20, -29, 241, << Петровщина

; вестибюль

Opaque 85
PenColor FFFFFF
BrushColor FFFFFF
Polygon 289,374, 289,396, 139,396, 139,408, 115,408, 115,374
Polygon 289,298, 289,276, 139,276, 139,264, 115,264, 115,298
Opaque 100

PenColor D0D0D0
Line 289,361, 284,361, 284,311, 289,311
Line 215,361, 220,361, 220,311, 215,311
PenColor 000000
Line 264,474, 65,474
Line 65,456, 115,456, 115,227, 65,227
Line 65,209, 264,209
Line 165,311, 215,311, 215,305, 139,305, 139,367, 215,367, 215,361, 165,361
Line 264,456, 139,456, 139,396, 289,396, 289,361, 344,361
Line 264,227, 139,227, 139,276, 289,276, 289,311, 344,311
Stairs 167,361, 167,311, 213,361
Stairs 298,361, 298,311, 344,361
Stairs 197,367, 197,396, 211,367
Stairs 197,305, 197,276, 211,305
Stairs 262,456, 262,474, 216,456
Stairs 67,456, 67,474, 113,456
Stairs 262,227, 262,209, 216,227
Stairs 67,227, 67,209, 113,227

;лифт
PenColor 000000
BrushColor D0EFFF
Polygon 243,344, 243,326, 261,326, 261,344
BrushColor -1
AngleTextOut 0, Arial, 7, 244, 330, лифт

; турникеты
PenColor FF0000
Stairs 178,394, 184,394, 178,369
PenColor 009900
Stairs 178,278, 183,278, 178,304

; правый вестибюль
PenColor 000000
Line 475,296, 475,311, 425,311, 425,361, 475,361, 475,376

; левый вестибюль

PenColor 000000
Line 25,376, 25,361, 75,361, 75,311, 25,311, 25,296

;названия улиц голубым
BrushColor -1
PenColor 00AFAF
AngleTextOut 0, Arial, 15, -72, 313, проспект\nДзержинского
AngleTextOut 0, Arial, 15, 489, 321, проспект\nДзержинского
AngleTextOut -90, Arial, 15, 181, 88, улица Гурского
AngleTextOut -90, Arial, 15, 171, 487, Уманская улица

