Size 630x620
PenColor 040464
BrushColor -1
TextOut Arial, 26, 7, -1, Внимание! Схема неточная.
TextOut Arial, 26, 9, 23, Ждём Ваших уточнений.

Angle -25

; перекресток
PenColor F5F5F5
BrushColor F5F5F5
;PenColor FF9999
Polygon 372,-56, 372,271, -41,271, -23,311, 372,311, 372,494, 412,494, 412,311, 673,311, 654,271, 412,271, 412,-75
Polygon 61,491, 665,491, 611,516, 73,516


;пути
PenColor 000000
BrushColor BF0050
Polygon 22,251, 22,221, 472,221, 472,251
Polygon 22,331, 22,361, 472,361, 472,331

; торцы
PenColor 000000
Line 22,251, 22,268, 46,268
Line 46,314, 22,314, 22,331
Line 472,251, 472,268, 446,268
Line 472,331, 472,314, 446,314

Opaque 85
PenColor FFFFFF
BrushColor FFFFFF
Polygon 30,228, 130,228, 130,219, 159,219, 159,228, 216,228, 216,208, 263,208, 263,228, 447,228, 447,219, 458,219, 460,228, 467,228, 467,354, 463,354, 463,363, 449,363, 448,354, 263,354, 263,375, 216,375, 216,354, 30,354
Opaque 100

; правый вестибюль

PenColor 000000
Line 481,176, 455,176, 460,228, 467,228, 467,354, 463,354, 467,398, 506,398
Line 506,412, 468,412, 468,427, 457,546, 483,546
Line 481,162, 335,162
Line 373,191, 387,191, 387,176, 442,176, 447,228, 263,228, 263,208, 216,208, 216,228, 159,228
Line 216,354, 216,375, 263,375, 263,354, 448,354, 454,428, 442,560, 483,560
Line 358,176, 335,176
Line 388,268, 446,268, 446,255, 263,255, 263,327, 446,327, 446,314, 388,314
Stairs 390,314, 390,268, 436,314
Stairs 481,546, 481,560, 459,546
Stairs 504,398, 504,412, 482,398
Stairs 479,176, 479,162, 457,176
Stairs 337,176, 337,162, 360,176

;лифты
PenColor 000000
BrushColor D0EFFF
Polygon 358,176, 373,176, 373,191, 358,191
BrushColor -1
AngleTextOut 270, Arial, 6, 370, 177, лифт


;лифты
PenColor 000000
BrushColor D0EFFF
Polygon 468,412, 483,412, 483,427, 468,427
BrushColor -1
AngleTextOut 270, Arial, 6, 480, 413, лифт



; левый вестибюль

PenColor 000000
Line 185,189, 159,189, 159,228
Line 216,354, 30,354, 30,228, 130,228, 130,175, 185,175
Line 106,268, 46,268, 46,255, 216,255, 216,327, 46,327, 46,314, 106,314
Stairs 104,268, 104,314, 58,268
Stairs 183,189, 183,175, 161,189

; закрыто
PenColor FF0000
Line 49,325, 52,356
Line 52,325, 49,356

;названия улиц голубым
BrushColor -1
PenColor 00AFAF
AngleTextOut 0, Arial, 15, 484, 280, Партизанский проспект
AngleTextOut 90, Arial, 15, 383, 130, улица Машиностроителей

BrushColor -1
PenColor BF0050
AngleTextOut 0, Arial, 25, 167, 273, Могилевская, 1
AngleTextOut 0, Arial, 20, 400, 361, тупик >>
AngleTextOut 0, Arial, 20, 23, 197, << Автозаводская

