Size 1680x940
Angle -8

;Пути
BrushColor BF0050
Polygon 455,241, 455,211, 905,211, 905,241
Polygon 455,351, 455,321, 905,321, 905,351

BrushColor -1
PenColor BF0050
AngleTextOut 0, Arial, 20, 455, 187, << Пушкинская
AngleTextOut 0, Arial, 20, 764, 351, Фрунзенская >>
AngleTextOut 0, Arial, 25, 605, 261, Молодежная, 1


; левый вестибюль

PenColor 000000
BrushColor D0D0D0
Polygon 296,265, 308,265, 308,298, 296,298

Line 463,241, 463,251, 410,251, 410,218, 364,218, 364,237, 252,237, 252,434, 184,515, 147,515
Line 463,321, 463,311, 410,311, 410,345, 364,345, 364,329, 296,329, 296,435, 217,529, 236,548
Line 223,561, 193,531, 147,531

Stairs 149,515, 149,531, 171,515
Stairs 221,559, 234,546, 205,543
Stairs 252,434, 278,456, 238,451
Stairs 412,251, 412,311, 461,251

; стрелки
PenColor FF0000
Arrow 314,251, 287,251
PenColor 009900
Arrow 293,313, 319,313


; правый вестибюль

PenColor 000000
Line 905,241, 905,260
Line 905,300, 905,321
Line 965,260, 965,245, 982,245, 982,252, 1104,252, 1152,204, 1193,245
Line 1141,297, 1132,288, 1104,316, 1071,316, 1071,328, 1057,328, 1057,324, 1053,324, 1053,316, 1045,316, 1045,528, 1063,546
Line 1049,560, 1021,532, 987,532
Line 987,515, 1014,515, 1014,316, 965,316, 965,300
Line 1071,263, 1079,263

Stairs 1014,328, 1045,328, 1014,347
Stairs 989,515, 989,532, 1011,515
Stairs 1047,558, 1061,544, 1031,542
Stairs 1073,263, 1073,271, 1078,263
Stairs 1073,294, 1073,316, 1078,294
Stairs 1134,290, 1146,278, 1139,295
Stairs 1174,250, 1186,238, 1179,255

BrushColor D0D0D0
Polygon 1014,271, 1014,294, 1007,294, 1007,271
Polygon 1071,271, 1079,271, 1079,294, 1071,294

; эскалатор 3 гор
PenColor 7F7F7F
Stairs 967,297, 967,263, 898,297
PenColor 000000
BrushColor 9B5509
Polygon 974,263, 893,263, 893,260, 974,260
Polygon 974,271, 974,276, 893,276, 893,271
Polygon 974,284, 974,289, 893,289, 893,284
Polygon 974,297, 893,297, 893,300, 974,300

; стрелки
PenColor FF0000
Arrow 1006,304, 1018,304
PenColor 009900
Arrow 1015,262, 1003,262


; ж/д
PenColor C0C0C0
BrushColor C0C0C0
Polygon 1175,263, 1199,239, 1701,741, 1677,765
Polygon 1135,303, 1159,279, 1661,781, 1637,805
PenColor 000000
Line 1193,245, 1199,239, 1701,741, 1677,765, 1175,263, 1181,257, 1172,248, 1144,276, 1153,285, 1159,279, 1661,781, 1637,805, 1135,303, 1141,297

PenColor 000000
Railway 10, 14, 4, 1215,230, 1732,747
Railway 10, 14, 4, 1174,271, 1724,821
Railway 10, 14, 4, 1134,311, 1652,829
Railway 10, 14, 4, 1119,326, 1626,833

BrushColor -1
AngleTextOut -45, Arial, 25, 1313, 353, 'платформа "Минск-Северный"'
AngleTextOut -45, Arial, 25, 1274, 394, 'платформа "Минск-Северный"'
AngleTextOut -45, Arial, 20, 1201, 237, << Масюковщина
AngleTextOut -45, Arial, 20, 1509, 647, Минск-пассажирский >>


; кассы
BrushColor D0D0D0
Polygon 1053,320, 1057,320, 1057,324, 1053,324
Polygon 1057,324, 1061,324, 1061,328, 1057,328
BrushColor -1
Line 1057,367, 1135,367
Arrow 1057,367, 1057,328
AngleTextOut 0, Arial, 15, 1053, 365, пригородные
AngleTextOut 0, Arial, 15, 1073, 377, кассы


;названия улиц голубым
PenColor 00AFAF
BrushColor -1
AngleTextOut 0, Arial, 15, 44, 118, ул. Кальварийская
AngleTextOut 0, Arial, 15, 450, 155, ул. Кальварийская
AngleTextOut 0, Arial, 15, 778, 155, ул. Кальварийская
AngleTextOut 0, Arial, 15, 12, 558, 1-й Загородный пер.
AngleTextOut 310, Arial, 15, 188, 574, 1-й Загородный пер.
AngleTextOut 90, Arial, 15, 1067, 586, 1-е кольцо
AngleTextOut 90, Arial, 15, 1083, 609, (ул.Домашевская)

