Size 1010x650
Angle 25

BrushColor 00009F
Polygon 284,203, 284,173, 734,173, 734,203
Polygon 284,313, 284,283, 734,283, 734,313

BrushColor -1
PenColor 00009F
AngleTextOut 0, Arial, 20, 284, 148, << Парк Челюскинцев
AngleTextOut 0, Arial, 20, 644, 313, Восток >>
AngleTextOut 0, Arial, 25, 437, 224, Московская, 1

PenColor 000000
BrushColor D0D0D0
Polygon 202,232, 213,232, 213,254, 202,254
Polygon 798,232, 809,232, 809,254, 798,254

Line 284,203, 284,210
Line 293,210, 212,210, 212,217, 202,217, 202,133, 260,133
Line 260,113, 59,113
Line 59,133, 166,133, 166,367, 59,367
Line 59,387, 260,387
Line 260,367, 202,367, 202,269, 212,269, 212,276, 293,276
Line 284,276, 284,283

Line 734,203, 734,210
Line 726,210, 798,210, 798,217, 809,217, 809,158, 884,158
Line 884,178, 844,178, 844,406, 884,406
Line 884,426, 809,426, 809,269, 798,269, 798,276, 726,276
Line 734,276, 734,283

Stairs 61,133, 61,113, 99,133
Stairs 258,133, 258,113, 220,133
Stairs 258,367, 258,387, 220,367
Stairs 61,367, 61,387, 99,367
Stairs 291,276, 291,210, 245,276

Stairs 882,406, 882,426, 844,406
Stairs 882,178, 882,158, 844,178
Stairs 728,210, 728,276, 774,210

PenColor FF0000
Arrow 210,261, 197,261
Arrow 802,261, 818,261
PenColor 009900
Arrow 804,225, 789,225
Arrow 208,224, 221,224

BrushColor -1
PenColor 00AFAF
AngleTextOut 0, Arial, 15, 874, 256, пр.Независимости
AngleTextOut 0, Arial, 15, 37, 234, пр.Независимости
AngleTextOut -90, Arial, 15, 181, -41, ул.Волгоградская
AngleTextOut -90, Arial, 15, 183, 436, ул.Макаёнка
AngleTextOut 0, Arial, 15, 818, 436, 'Автовокзал "Московский"'
Arrow 886,461, 987,461
