Size 580x560
Angle -50

; перекресток
PenColor F5F5F5
BrushColor F5F5F5
Polygon 342,-55, 342,525, 430,549, 402,582, 342,566, 342,653, 318,682, 302,669, 302,556, 106,504, 32,442, 302,514, 302,-89

;пути
PenColor 000000
BrushColor BF0050
Polygon 88,204, 88,174, 538,174, 538,204
Polygon 88,284, 88,314, 538,314, 538,284

; торцы
PenColor 000000
Line 88,204, 88,221, 80,221
Line 80,267, 88,267, 88,284
Line 538,204, 538,221, 546,221
Line 538,284, 538,267, 546,267

Stairs 83,221, 83,267, 37,221
Stairs 543,267, 543,221, 589,267

Opaque 85
PenColor FFFFFF
BrushColor FFFFFF
Polygon 469,192, 546,192, 546,296, 470,296, 470,316, 422,316, 422,231, 469,231
Polygon 80,192, 156,192, 156,235, 204,235, 204,315, 156,315, 156,296, 80,296
Opaque 100

; правый вестибюль

PenColor 000000
Line 438,448, 438,376
Line 204,340, 422,340, 422,231, 469,231, 469,192, 613,192, 613,296, 470,296, 470,340, 502,340, 502,422, 456,422, 456,448
Stairs 456,446, 438,446, 456,424
Stairs 456,378, 438,378, 456,400
Stairs 458,402, 458,422, 480,402

BrushColor D0D0D0
Polygon 589,218, 589,221, 549,221, 549,267, 589,267, 589,270, 546,270, 546,218


; турникеты
Line 546,244, 495,244, 495,263, 449,263, 449,296, 0.5
PenColor 009900
Stairs 516,243, 511,243, 516,192
PenColor FF0000
Stairs 516,245, 511,245, 516,296

; стрелки
PenColor FF0000
Arrow 577,253, 600,253, 600,282, 578,282
Arrow 459,281, 459,301
PenColor 009900
Arrow 577,206, 600,206, 600,236, 577,236
Arrow 436,301, 436,281


; левый вестибюль

PenColor 000000
Line 456,376, 456,402, 481,402, 481,365, 136,365, 120,425, 76,413
Line 117,435, 73,423, 68,441
Line 47,435, 52,417
Line 83,392, 104,398, 120,340, 156,340, 156,296, 13,296, 13,192, 156,192, 156,235, 204,235, 204,340
Stairs 69,438, 48,432, 72,426
Stairs 94,418, 100,397, 77,413
Stairs 111,374, 132,380, 105,396

BrushColor D0D0D0
Polygon 37,221, 37,218, 80,218, 80,270, 37,270, 37,267, 77,267, 77,221

; турникеты
Line 80,244, 131,244, 131,263, 177,263, 177,296, 0.5
PenColor 009900
Stairs 110,243, 115,243, 110,192
PenColor FF0000
Stairs 110,245, 115,245, 110,296

; стрелки
PenColor FF0000
Arrow 49,253, 26,253, 26,282, 48,282
Arrow 167,281, 167,301
PenColor 009900
Arrow 49,206, 26,206, 26,236, 49,236
Arrow 190,301, 190,281

;названия улиц голубым
BrushColor -1
PenColor 00AFAF
AngleTextOut -15, Arial, 15, 114, 476, проспект Победителей
AngleTextOut 90, Arial, 15, 313, 99, улица Немига

BrushColor -1
PenColor BF0050
AngleTextOut 0, Arial, 25, 275, 227, Немига, 1
AngleTextOut 0, Arial, 20, 400, 314, Купаловская >>
AngleTextOut 0, Arial, 20, 89, 150, << Фрунзенская

