Size 1160x1250
PenColor 040464
BrushColor -1
TextOut Arial, 36, 18, 1, Внимание! Схема неточная.
TextOut Arial, 36, 18, 42, Ждём Ваших уточнений.

Angle 40


; Октябрьская

;пути
BrushColor 00009F
Polygon 417,475, 417,445, 867,445, 867,475
Polygon 417,585, 417,555, 867,555, 867,585

BrushColor -1
PenColor 00009F
AngleTextOut 0, Arial, 20, 487, 421, << Площадь Ленина
AngleTextOut 0, Arial, 20, 691, 585, Площадь Победы >>
AngleTextOut 0, Arial, 25, 596, 483, Октябрьская, 1

; левый выход
PenColor 000000
Line 417,475, 417,483, 386,483, 386,488
Line 417,555, 417,546, 386,546, 386,541
Line 239,431, 239,483, 267,483, 267,488
Line 239,398, 239,369, 546,369, 546,297
Line 523,297, 523,347, 239,347, 239,297, 246,297, 246,323
Line 268,323, 268,274, 216,274, 216,347, 209,347, 209,274, 156,274, 156,323
Line 179,323, 179,297, 186,297, 186,696, 179,696, 179,670
Line 156,670, 156,710, 209,710, 209,645, 216,645, 216,710, 269,710, 269,670
Line 246,670, 246,696, 239,696, 239,608, 216,608, 216,546, 267,546, 267,541
Stairs 523,299, 546,299, 523,345
Stairs 179,321, 156,321, 179,299
Stairs 186,299, 209,299, 186,321
Stairs 246,321, 268,321, 246,299
Stairs 239,299, 216,299, 239,321
Stairs 179,672, 156,672, 179,694
Stairs 186,694, 209,694, 186,672
Stairs 246,672, 269,672, 246,694
Stairs 239,694, 216,694, 239,672

; эскалатор 4 гор
PenColor 7F7F7F
Stairs 388,538, 388,491, 264,538
PenColor 000000
BrushColor 9B5509
Polygon 395,491, 259,491, 259,488, 395,488
Polygon 395,499, 395,504, 259,504, 259,499
Polygon 395,512, 395,517, 259,517, 259,512
Polygon 395,525, 395,530, 259,530, 259,525
Polygon 395,538, 259,538, 259,541, 395,541

; правый выход

PenColor 000000
Line 867,475, 867,489, 899,489, 899,493
Line 867,555, 867,537, 899,537, 899,533
Line 995,533, 995,537, 1045,537, 1045,677, 1098,677, 1098,630
Line 1075,630, 1075,654, 1068,654, 1068,378, 1195,378
Line 1195,341, 1081,341, 1081,291
Line 1059,291, 1059,341, 1030,341, 1030,489, 995,489, 995,493
Stairs 1059,293, 1081,293, 1059,339
Stairs 1193,341, 1193,378, 1147,341
Stairs 1075,632, 1098,632, 1075,654
Stairs 1068,632, 1045,632, 1068,654

; эскалатор 3 гор
PenColor 7F7F7F
Stairs 997,530, 997,496, 895,530
PenColor 000000
BrushColor 9B5509
Polygon 1004,496, 890,496, 890,493, 1004,493
Polygon 1004,504, 1004,509, 890,509, 890,504
Polygon 1004,517, 1004,522, 890,522, 890,517
Polygon 1004,530, 890,530, 890,533, 1004,533

Opaque 85
PenColor FFFFFF
BrushColor FFFFFF
Polygon 614,553, 656,553, 656,587, 614,587
Polygon 444,442, 483,442, 483,587, 444,587
Opaque 100



; Купаловская

; пути
PenColor 000000
BrushColor BF0050
Polygon 417,612, 417,1062, 387,1062, 387,612
Polygon 537,1062, 507,1062, 507,612, 537,612

BrushColor -1
PenColor BF0050
AngleTextOut -90, Arial, 20, 561, 613, << Немига
AngleTextOut -90, Arial, 20, 387, 907, Первомайская >>
AngleTextOut -90, Arial, 25, 479, 899, Купаловская, 1

; северный выход
PenColor 000000
Line 417,612, 444,612, 444,431, 239,431
Line 507,612, 483,612, 483,398, 239,398
Stairs 483,609, 444,609, 483,563

; южный выход
PenColor 000000
Line 507,1062, 485,1062, 485,1086, 480,1086
Line 417,1062, 438,1062, 438,1086, 443,1086
Line 400,1128, 366,1162, 366,1182, 438,1182, 438,1166, 443,1166
Line 480,1166, 485,1166, 485,1221, 327,1221, 327,1151, 375,1103
Stairs 399,1129, 374,1104, 367,1161

; эскалатор 3 верт
PenColor 7F7F7F
Stairs 446,1168, 477,1168, 446,1082
PenColor 000000
BrushColor 9B5509
Polygon 443,1174, 443,1078, 446,1078, 446,1174
Polygon 453,1174, 453,1078, 458,1078, 458,1174
Polygon 465,1174, 465,1078, 470,1078, 470,1174
Polygon 477,1174, 477,1078, 480,1078, 480,1174


; переход

PenColor 000000

Line 590,515, 680,515
Line 590,530, 614,530, 614,798, 537,798
Line 680,530, 656,530, 656,840, 537,840
Line 451,750, 451,798, 474,798, 474,750
Line 474,888, 474,840, 451,840, 451,888
Stairs 678,530, 678,515, 656,530
Stairs 592,530, 592,515, 614,530
Stairs 640,532, 656,532, 640,554
Stairs 629,532, 614,532, 629,554
Stairs 451,752, 474,752, 451,798
Stairs 451,886, 474,886, 451,840

BrushColor D0D0D0
Polygon 629,530, 629,555, 640,555, 640,530

PenColor D0D0D0
Line 506,798, 475,798
Line 506,840, 475,840
Line 451,799, 451,839

; стрелки
PenColor FF0000
Arrow 257,324, 257,343
Arrow 258,666, 258,647
PenColor 009900
Arrow 168,343, 168,324
Arrow 168,647, 168,666


; Названия улиц голубым
BrushColor -1
PenColor 00AFAF
AngleTextOut 0, Arial, 15, 1109, 485, проспект Независимости
AngleTextOut 0, Arial, 15, 1, 500, проспект Независимости
AngleTextOut 0, Arial, 15, 594, 1070, улица Карла Маркса
AngleTextOut -40, Arial, 15, 637, 72, Октябрьская площадь
AngleTextOut -90, Arial, 15, 1134, 698, Красноармейская улица
AngleTextOut -90, Arial, 15, 473, 202, улица Энгельса
AngleTextOut -90, Arial, 15, 480, 1234, улица Энгельса
