Size 950x810
Angle 25

BrushColor 00009F
Polygon 239,376, 239,346, 689,346, 689,376
Polygon 239,486, 239,456, 689,456, 689,486

BrushColor -1
PenColor 00009F
AngleTextOut 0, Arial, 20, 239, 322, << Академия Наук
AngleTextOut 0, Arial, 20, 561, 486, Московская >>
AngleTextOut 0, Arial, 25, 362, 398, Парк Челюскинцев, 1

PenColor 000000
BrushColor D0D0D0
Polygon 152,427, 162,427, 162,404, 152,404
Polygon 761,427, 772,427, 772,404, 761,404

Line 689,376, 689,383, 761,383, 761,391, 772,391, 772,291, 732,291
Line 732,271, 850,271
Line 850,291, 810,291, 810,536, 850,536
Line 850,556, 732,556
Line 732,536, 772,536, 772,441, 761,441, 761,449, 689,449, 689,456

Line 239,376, 239,383, 162,383, 162,391, 152,391, 152,271, 73,271
Line 73,291, 113,291, 113,537, 73,537
Line 73,557, 152,557, 152,441, 162,441, 162,449, 239,449, 239,456

Stairs 848,291, 848,271, 810,291
Stairs 734,291, 734,271, 772,291
Stairs 848,536, 848,556, 810,536
Stairs 734,536, 734,556, 772,536
Stairs 691,383, 691,449, 737,383

Stairs 237,383, 237,449, 191,383
Stairs 75,291, 75,271, 113,291
Stairs 75,537, 75,557, 113,537

PenColor FF0000
Arrow 164,397, 148,397
Arrow 759,434, 777,434
PenColor 009900
Arrow 775,398, 756,398
Arrow 150,434, 166,434

BrushColor -1
PenColor 00AFAF
AngleTextOut 0, Arial, 15, 851, 399, пр.Независимости
AngleTextOut 0, Arial, 15, -26, 399, пр.Независимости
AngleTextOut -90, Arial, 15, 719, 155, ул.Толбухина
AngleTextOut -90, Arial, 15, 880, 157, ул.Толбухина
AngleTextOut 0, Arial, 15, 727, 581, парк имени Челюскинцев
Arrow 805,602, 805,630
AngleTextOut 0, Arial, 15, 3, 579, ботанический сад
Arrow 76,599, -23,599
