Size 1060x1400
Angle -70

;PenColor FF7777
;Line 1297,673, 1297,673, 200
;PenColor FFFFFF
;Line 1297,673, 1297,673, 198

;пути
PenColor 000000
BrushColor BF0050
Polygon 439,569, 439,537, 889,537, 889,569
Polygon 439,680, 439,648, 889,648, 889,680

BrushColor -1
PenColor BF0050
AngleTextOut 0, Arial, 20, 439, 512, << Тракторный завод
AngleTextOut 0, Arial, 20, 737, 680, Автозаводская >>
AngleTextOut 0, Arial, 25, 573, 591, Партизанская, 1

; правый вестибюль

PenColor 000000
Line 889,569, 889,583, 937,583, 937,537, 1005,537, 1005,558, 1032,558, 950,476
Line 971,455, 1051,535
Spline 1051,535, 1062,526, 1074,519
Line 1074,519, 1063,508, 1140,431
Line 1161,452, 1103,510
Spline 1103,510, 1151,514, 1192,541, 1216,589, 1212,640
Line 1212,641, 1297,556
Line 1318,577, 1094,801
Line 1073,780, 1151,702
Spline 1151,702, 1099,706, 1051,682
Line 1051,682, 968,765
Line 947,744, 1033,658, 1005,658, 1005,680, 937,680, 937,633, 889,633, 889,648
Stairs 891,633, 891,583, 937,633
Stairs 952,478, 973,457, 985,511
Stairs 1159,454, 1138,433, 1126,487
Stairs 1295,558, 1316,579, 1262,591
Stairs 1075,778, 1096,799, 1108,745
Stairs 970,763, 949,742, 1003,730

BrushColor D0D0D0
Polygon 1004,633, 1004,583, 1021,583, 1021,633

; левый вестибюль

PenColor 000000
Line 439,648, 439,634, 391,634, 391,680, 323,680, 323,659, 271,659, 271,625, 127,625, 92,720, 97,748, 137,788
Line 119,806, 72,759, 64,716, 98,623, -157,623, -178,681, -144,715, -98,669
Line -82,685, -128,731, -101,758, -138,795, -102,831
Line -118,847, -154,811, -182,839, -146,875
Line -161,890, -197,854, -219,876, -183,912
Line -198,927, -250,875, -133,758, -207,684, -156,544, -159,543
Line -128,554, -131,553, -147,597, 108,597, 152,477, 192,437, 251,496
Line 235,512, 196,473, 175,494, 137,597, 271,597, 271,559, 323,559, 323,537, 391,537, 391,584, 439,584, 439,569
Stairs 437,584, 437,634, 391,584
Stairs 233,510, 249,494, 200,477
Stairs 135,786, 117,804, 102,753
Stairs -185,910, -200,925, -218,877
Stairs -148,873, -163,888, -181,840
Stairs -104,829, -120,845, -137,796
Stairs -100,671, -84,687, -133,704


BrushColor D0D0D0
Polygon 296,634, 296,584, 323,584, 323,634

;названия улиц голубым

BrushColor -1
PenColor 00AFAF
AngleTextOut 45, Arial, 15, 785, 1002, Партизанский проспект
AngleTextOut 135, Arial, 15, 996, 433, улица Жилуновича
AngleTextOut 135, Arial, 15, 4, 872, улица Плеханова
AngleTextOut 135, Arial, 15, -44, 956, трамвайные пути
AngleTextOut 135, Arial, 15, -77, 1014, Долгобродская улица
