Size 590x440
Angle -30

; пути
BrushColor BF0050
Polygon 133,200, 133,170, 583,170, 583,200
Polygon 133,233, 133,203, 583,203, 583,233

BrushColor -1
PenColor BF0050
AngleTextOut 0, Arial, 20, 49, 118, << Купаловская
AngleTextOut 0, Arial, 20, 462, 260, Пролетарская >>
AngleTextOut 0, Arial, 25, 297, 2, Первомайская, 1

; Нижний уровень

PenColor 000000
Line 583,170, 583,145, 412,145, 412,131
Line 306,131, 306,145, 133,145, 133,170
Line 133,233, 133,258, 306,258, 306,274
Line 412,274, 412,258, 583,258, 583,233

Line 379,127, 379,131
Line 339,127, 339,131
Line 379,274, 379,278
Line 339,274, 339,278

BrushColor D0D0D0
Polygon 342,145, 342,142, 376,142, 376,145
Polygon 342,258, 342,261, 376,261, 376,258

PenColor FF0000
Line 394,153, 394,137, 366,137, 366,124
Line 324,250, 324,267, 352,267, 352,285
PenColor 009900
Arrow 350,124, 350,137, 325,137, 325,153
Arrow 365,285, 365,267, 394,267, 394,250

Opaque 85
PenColor FFFFFF
BrushColor FFFFFF
Polygon 191,143, 229,143, 229,151, 285,151, 285,131, 432,131, 432,274, 285,274, 285,252, 230,252, 230,260, 191,260

PenColor 000000
BrushColor D0D0D0
Polygon 306,79, 339,79, 339,127, 379,127, 379,79, 412,79, 412,131, 306,131
Polygon 306,274, 412,274, 412,327, 379,327, 379,278, 339,278, 339,327, 306,327
Opaque 100

; Верхний уровень

PenColor 000000
Line 277,87, 143,87
Line 143,108, 191,108, 191,277, 143,277
Line 143,298, 191,298, 191,425, 143,425
Line 143,446, 278,446
Line 278,425, 230,425, 230,252, 285,252, 285,351, 432,351, 432,57, 285,57, 285,151, 229,151, 229,108, 277,108
Line 289,232, 248,232
Line 288,171, 248,171
Line 230,210, 230,229

Stairs 145,108, 145,87, 191,108
Stairs 275,108, 275,87, 229,108
Stairs 191,264, 230,264, 191,275
Stairs 145,298, 145,277, 191,298
Stairs 145,425, 145,446, 191,425
Stairs 276,425, 276,446, 230,425
Stairs 306,120, 285,120, 306,98
Stairs 339,110, 379,110, 339,121
Stairs 412,120, 432,120, 412,98
Stairs 412,283, 432,283, 412,305
Stairs 306,283, 285,283, 306,305
Stairs 379,301, 339,301, 379,290

BrushColor D0D0D0
Polygon 230,175, 230,167, 248,167, 248,175
Polygon 230,210, 230,194, 248,194, 248,210
Polygon 264,206, 264,199, 289,199, 289,206
Polygon 230,235, 230,229, 248,229, 248,235

PenColor CCCCCC
Line 277,109, 230,109, 230,150, 284,150, 284,56, 433,56, 433,352, 284,352, 284,253, 231,253, 231,424, 278,424
Line 278,447, 143,447
Line 143,424, 190,424, 190,299, 143,299
Line 143,276, 190,276, 190,109, 143,109
Line 143,86, 277,86

; стрелки
PenColor FF0000
Arrow 366,124, 366,68, 421,68, 421,159, 396,159
Arrow 249,159, 222,159
Arrow 352,285, 352,339, 295,339, 295,267
Arrow 249,244, 222,244
PenColor 009900
Arrow 222,184, 250,184
Line 294,148, 294,68, 350,68, 350,124
Line 421,249, 421,339, 365,339, 365,285

; названия улиц голубым
BrushColor -1
PenColor 00AFAF
AngleTextOut 0, Arial, 15, 108, 357, ул. Ленина
AngleTextOut 0, Arial, 15, 155, 452, 'Стадион "Динамо"'
AngleTextOut 0, Arial, 15, 111, 470, 'Концертный зал "Минск"'
Arrow 225,490, 122,490

