Size 780x970
Angle 60

;пути
PenColor 000000
BrushColor 00009F
Polygon 234,466, 234,436, 684,436, 684,466
Polygon 234,546, 234,576, 684,576, 684,546

BrushColor -1
PenColor 00009F
AngleTextOut 0, Arial, 25, 389, 487, Петровщина, 1
AngleTextOut 0, Arial, 20, 573, 576, Михалово >>
AngleTextOut 0, Arial, 20, 235, 412, << тупик

; правый вестибюль

PenColor 000000
Line 684,466, 684,476, 732,476, 732,462, 789,462, 789,470, 797,470, 797,374, 871,374
Line 871,392, 821,392, 821,621, 871,621
Line 871,639, 797,639, 797,542, 789,542, 789,550, 732,550, 732,536, 684,536, 684,546

Stairs 686,476, 686,536, 732,476
Stairs 869,392, 869,374, 823,392
Stairs 869,621, 869,639, 823,621

BrushColor D0D0D0
Polygon 789,497, 797,497, 797,513, 789,513

;кассы
PenColor 000000
BrushColor -1
Line 774,462, 774,454, 748,454, 748,462
AngleTextOut 0, Arial, 10, 749, 451, кассы

;турникеты
Polygon 747,514, 754,514, 754,521, 747,521
PenColor 009900
Stairs 734,476, 739,474, 747,511
PenColor FF0000
Stairs 748,526, 753,526, 748,549

;стрелки
PenColor 009900
Arrow 795,484, 776,484
PenColor FF0000
Arrow 777,527, 796,527


; левый вестибюль

PenColor 000000
Line 234,546, 234,536, 186,536, 186,550, 129,550, 129,542, 121,542, 121,620, 171,620
Line 171,638, 121,638, 121,687
Line 103,687, 103,638, 0,638, 0,687
Line -18,687, -18,638, -68,638
Line -68,620, 97,620, 97,391, -68,391
Line -68,373, -18,373, -18,323
Line 0,323, 0,373, 103,373, 103,323
Line 121,323, 121,373, 171,373
Line 171,391, 121,391, 121,470, 129,470, 129,462, 186,462, 186,476, 234,476, 234,466

Stairs 232,536, 232,476, 186,536
Stairs 169,620, 169,638, 123,620
Stairs 103,685, 121,685, 103,640
Stairs -66,620, -66,638, -20,620
Stairs 0,685, -18,685, 0,640
Stairs 169,391, 169,373, 123,391
Stairs 103,325, 121,325, 103,371
Stairs -66,373, -66,391, -20,373
Stairs 0,325, -18,325, 0,371

BrushColor D0D0D0
Polygon 129,515, 121,515, 121,499, 129,499

;кассы
PenColor 000000
BrushColor -1
Line 144,550, 144,558, 170,558, 170,550
AngleTextOut 0, Arial, 10, 145, 547, кассы

;турникеты
Polygon 171,498, 164,498, 164,491, 171,491
PenColor 009900
Stairs 184,536, 179,538, 171,501
PenColor FF0000
Stairs 170,486, 165,486, 170,463

;стрелки
PenColor 009900
Arrow 123,528, 142,528
PenColor FF0000
Arrow 141,485, 122,485

;названия улиц голубым
BrushColor -1
PenColor 00AFAF
AngleTextOut 0, Arial, 15, -71, 499, проспект Дзержинского
AngleTextOut 0, Arial, 15, 839, 490, проспект\nДзержинского
AngleTextOut -90, Arial, 15, 60, 663, улица Семашко
AngleTextOut -90, Arial, 15, 62, 247, улица Голубева

