Size 1520x1040
Angle 35

PenColor 000000
BrushColor 00009F
Polygon 301,388, 301,358, 751,358, 751,388
Polygon 301,498, 301,468, 751,468, 751,498

BrushColor -1
PenColor 00009F
AngleTextOut 0, Arial, 20, 301, 333, << Институт культуры
AngleTextOut 0, Arial, 20, 610, 498, Октябрьская >>
AngleTextOut 0, Arial, 25, 429, 411, Площадь Ленина, 1

PenColor 000000
BrushColor D0D0D0
Polygon 819,406, 900,406, 900,447, 819,447
Polygon 1370,529, 1370,539, 1375,539, 1375,529
Polygon 154,466, 198,422, 216,440, 172,484
Polygon 138,482, 146,474, 164,492, 156,500

Line 751,388, 751,402, 799,402, 799,385, 920,385, 920,402, 960,402
Line 751,468, 751,454, 799,454, 799,467, 920,467, 920,451, 959,451
Spline 960,402, 997,407, 1032,418
Spline 959,451, 991,455, 1025,465
Line 1032,418, 1085,437, 1084,440
Line 1025,465, 1069,481, 1070,478

Stairs 753,402, 753,454, 799,402

;Line 1577,936, 1572,936, 1572,888, 1447,924, 1395,905, 1395,907
;Line 1388,927, 1387,929, 1411,937, 1423,953, 1481,974, 1572,974, 1572,965, 1577,965
Line 1375,513, 1370,513, 1370,429, 1201,478, 1138,455, 1137,459
Line 1123,498, 1122,502, 1168,519, 1193,551, 1243,569, 1370,569, 1370,555, 1375,555


Line 301,388, 301,402, 248,402, 248,374, 172,374, 172,390, 180,390, 180,408, 172,408, 172,420, 124,468, 7,351, 35,323
Line 21,309, -65,395
Line -51,409, -23,381, 35,439, 26,448
Line 51,473, 60,464, 202,606
Line 257,653, 285,681
Line 306,660, 278,632
Line 268,586, 268,537
Line 246,537, 246,576
Line 232,577, 169,514, 229,454, 241,466, 253,454, 301,454, 301,468

Stairs 300,402, 300,454, 254,402
Stairs 34,324, 20,310, 7,351
Stairs -50,408, -64,394, -23,381
Stairs 246,538, 268,538, 246,576
Stairs 284,680, 305,659, 258,654

Spline 202,606, 204,630, 218,648, 238,656, 257,653
Spline 278,632, 282,614, 278,598, 268,586
Spline 246,576, 239,576, 232,577

; эскалатор 3
PenColor 7F7F7F
Stairs 1126,496, 1138,463, 1066,474
PenColor 000000
BrushColor 9B5509
Polygon 1143,465, 1074,440, 1075,437, 1144,462
Polygon 1141,472, 1139,477, 1070,452, 1072,447
Polygon 1136,485, 1134,490, 1065,465, 1067,460
Polygon 1132,497, 1063,472, 1062,475, 1131,500

PenColor FF0000
Arrow 139,467, 128,478
Arrow 851,455, 869,455
Arrow 1039,459, 1053,464
Arrow 1365,547, 1380,547
PenColor 009900
Arrow 160,510, 171,499
Arrow 869,392, 851,392
Arrow 1063,439, 1049,434
Arrow 1379,521, 1363,521

BrushColor -1
PenColor 00AFAF
AngleTextOut -90, Arial, 15, 1428, 452, пр.Независимости
AngleTextOut -90, Arial, 15, 1515, 430, Площадь Независимости
Arrow 1389,547, 1397,547, 1397,707, 1415,707
Arrow 53,446, 32,467
AngleTextOut 45, Arial, 15, -81, 551, Переход к ж/д вокзалу
AngleTextOut 45, Arial, 15, -55, 550, ул.Бобруйская
AngleTextOut 45, Arial, 15, 90, 405, ул.Бобруйская
AngleTextOut -45, Arial, 15, 258, 680, ул.Ленинградская
AngleTextOut 0, Arial, 15, 1332, 712, Торгово-общественный центр
AngleTextOut 0, Arial, 15, 1379, 730, '"Столица"'

