Size 1420x1250
Angle 50

BrushColor 00009F
Polygon 738,656, 738,626, 1188,626, 1188,656
Polygon 738,766, 738,736, 1188,736, 1188,766

BrushColor -1
PenColor 00009F
AngleTextOut 0, Arial, 20, 738, 602, << Октябрьская
AngleTextOut 0, Arial, 20, 964, 766, Площадь Якуба Коласа >>
AngleTextOut 0, Arial, 25, 880, 680, Площадь Победы, 1

PenColor 000000
BrushColor D0D0D0
Polygon 633,674, 650,674, 650,717, 633,717, 623,703, 623,688
Ellipse 335,499, 597,761
Ellipse 277,586, 302,611
Ellipse 274,584, 279,589
Ellipse 290,579, 295,584
Ellipse 303,590, 308,595
Ellipse 300,608, 305,613
Ellipse 284,613, 289,618
Ellipse 271,602, 276,607
Ellipse 416,785, 421,790
Ellipse 449,791, 454,796
Ellipse 602,713, 607,718
Ellipse 611,692, 616,697
Ellipse 617,673, 622,678
Ellipse 475,460, 480,465
Ellipse 505,465, 510,470

; эскалатор 3 гор
PenColor 7F7F7F
Stairs 1250,713, 1250,679, 1181,713
PenColor 000000
BrushColor 9B5509
Polygon 1257,679, 1176,679, 1176,676, 1257,676
Polygon 1257,687, 1257,692, 1176,692, 1176,687
Polygon 1257,700, 1257,705, 1176,705, 1176,700
Polygon 1257,713, 1176,713, 1176,716, 1257,716

Opaque 80
PenColor FFFFFF
BrushColor FFFFFF
Polygon 1192,675, 1229,675, 1229,717, 1192,717
Opaque 100

Line 1188,656, 1188,676
Line 1188,736, 1188,716

Line 1152,822, 1192,822, 1192,564, 1152,564
Line 1152,545, 1270,545
Line 1270,564, 1230,564, 1230,640, 1257,640, 1257,633, 1302,633, 1302,760, 1256,760, 1256,752, 1229,752, 1229,822, 1269,822
Line 1152,841, 1269,841
Line 1257,676, 1257,657, 1229,657, 1229,736, 1257,736, 1257,716

Line 738,656, 738,664, 690,664, 690,651, 651,651, 651,658, 630,658
Line 738,736, 738,728, 690,728, 690,741, 651,741, 651,733, 596,733
Spline 630,658, 629,602, 612,552, 577,507, 526,475
Spline 596,733, 565,763, 520,787, 474,796
Line 568,499, 591,476
Line 526,475, 541,446
Line 457,465, 457,432
Line 408,475, 397,444
Spline 591,476, 568,460, 541,446, 512,437
Line 512,437, 517,409, 539,413
Spline 539,413, 555,436, 577,455
Spline 588,440, 575,427, 561,411, 552,392
Line 552,392, 559,351
Line 541,348, 533,394, 407,372
Line 404,389, 484,403, 482,432
Spline 482,432, 452,432, 425,436, 397,444
Spline 457,465, 416,472, 378,490, 346,515, 320,553
Line 320,552, 270,543, 275,516
Line 288,536, 291,518, 279,505, 256,501, 240,510, 237,527
Line 258,513, 231,667
Line 216,647, 213,664, 224,680, 248,684, 264,673, 267,656
Line 248,670, 252,646, 302,655
Spline 302,655, 313,694, 333,730, 364,761, 397,781
Line 358,756, 337,781
Line 397,781, 381,811
Spline 337,781, 359,799, 386,813, 413,822
Line 413,822, 405,866, 357,858
Line 353,876, 445,892, 436,943
Line 455,946, 461,908
Spline 461,908, 470,886, 486,871, 505,860
Spline 492,841, 476,850, 461,861, 451,875
Line 451,875, 436,872, 444,828
Spline 444,828, 478,829, 507,825, 536,817
Line 474,829, 474,796
Line 536,817, 524,785
Stairs 1154,564, 1154,545, 1192,564
Stairs 1268,564, 1268,545, 1230,564
Stairs 1267,822, 1267,841, 1229,822
Stairs 1154,822, 1154,841, 1192,822

Stairs 736,664, 736,728, 690,664
Stairs 541,350, 558,353, 534,389
Stairs 413,373, 410,390, 452,380
Stairs 541,419, 557,407, 571,451
Stairs 475,879, 461,861, 502,860
Stairs 437,939, 455,942, 442,906
Stairs 355,876, 358,858, 393,883
Stairs 258,513, 275,516, 254,536
Stairs 231,667, 248,670, 235,643
Stairs 238,522, 256,525, 240,510
Stairs 273,528, 289,531, 275,516
Stairs 250,658, 266,661, 248,670
Stairs 233,655, 215,652, 231,667

PenColor FF0000
Arrow 1261,709, 1278,709, 1278,743, 1258,743
Arrow 653,665, 614,665
PenColor 009900
Arrow 1257,649, 1277,649, 1277,683, 1260,683
Arrow 623,725, 661,725

BrushColor -1
PenColor 00AFAF
AngleTextOut 0, Arial, 15, 1317, 690, пр.Независимости
AngleTextOut 0, Arial, 15, 78, 576, пр.Независимости
AngleTextOut -90, Arial, 15, 1414, 567, пр.Машерова
AngleTextOut -90, Arial, 15, 1414, 747, ул.Козлова
AngleTextOut -90, Arial, 15, 512, 279, ул.Киселёва
AngleTextOut 0, Arial, 15, 1209, 852, Посадка на трамваи в сторону
AngleTextOut 0, Arial, 15, 1209, 869, Комсомольского озера
Arrow 1207,889, 1430,889, 1430,923
AngleTextOut 0, Arial, 15, 1199, 497, Посадка на трамваи в сторону
AngleTextOut 0, Arial, 15, 1199, 512, тракторного завода
Arrow 1204,530, 1403,530, 1403,487
AngleTextOut -90, Arial, 15, 217, 511, Монумент Победы
AngleTextOut -90, Arial, 15, 99, 249, Коммунистическая ул.
AngleTextOut 0, Arial, 15, 210, 351, парк им.Янки Купалы
Arrow 280,374, 172,374
AngleTextOut 0, Arial, 15, 156, 854, парк им.Горького
Arrow 227,879, 121,879
AngleTextOut -90, Arial, 15, 421, 936, ул. Захарова
Spline 189,525, 217,496, 257,486, 296,498, 321,527
Line 321,520, 321,527, 314,526
Spline 185,657, 207,684, 241,695, 271,691, 295,679
Line 288,678, 295,679, 293,686
