Size 1140x870
Angle 30

BrushColor 00009F
Polygon 446,471, 446,439, 896,439, 896,471
Polygon 446,584, 446,551, 896,551, 896,584

BrushColor -1
PenColor 00009F
AngleTextOut 0, Arial, 20, 446, 416, << Площадь Победы
AngleTextOut 0, Arial, 20, 730, 584, Академия Наук >>
AngleTextOut 0, Arial, 25, 541, 494, Площадь Якуба Коласа, 1

; эскалатор 3 гор
PenColor 7F7F7F
Stairs 946,528, 946,494, 889,528
PenColor 000000
BrushColor 9B5509
Polygon 953,494, 884,494, 884,491, 953,491
Polygon 953,502, 953,507, 884,507, 884,502
Polygon 953,515, 953,520, 884,520, 884,515
Polygon 953,528, 884,528, 884,531, 953,531

Opaque 80
PenColor FFFFFF
BrushColor FFFFFF
Polygon 896,490, 928,490, 928,532, 896,532
Opaque 100

BrushColor D0D0D0
Polygon 348,522, 348,504, 374,504, 374,522
Polygon 928,482, 953,482, 953,491, 928,491
Polygon 928,531, 953,531, 953,540, 928,540

PenColor 000000
Line 1079,420, 984,420, 984,425, 934,425, 934,420, 928,420, 928,466, 953,466, 953,461, 984,461, 984,561, 953,561, 953,556, 928,556, 928,604, 968,604
Line 968,624, 856,624
Line 856,604, 896,604, 896,419, 856,419
Line 856,399, 1079,399

Line 928,491, 928,531

Stairs 1077,420, 1077,399, 1039,420
Stairs 858,419, 858,399, 896,419
Stairs 966,604, 966,624, 928,604
Stairs 858,604, 858,624, 896,604

Line 446,471, 446,479, 375,479, 375,490, 348,490, 348,380, 421,380
Line 421,360, 348,360, 348,106, 421,106
Line 421,86, 348,86, 348,35, 397,35
Line 397,15, 353,15, 353,-30
Line 333,-30, 333,15, 323,25, 312,25, 302,15, 302,-30
Line 282,-30, 282,15, 239,15
Line 239,35, 288,35, 288,146, 215,146
Line 215,166, 288,166, 288,359, 215,359
Line 215,380, 288,380, 288,629, 248,629
Line 248,649, 388,649
Line 388,629, 348,629, 348,536, 375,536, 375,543, 446,543, 446,551

Stairs 444,479, 444,543, 398,479
Stairs 419,360, 419,380, 381,360
Stairs 419,86, 419,106, 381,86
Stairs 395,15, 395,35, 357,15
Stairs 333,-28, 353,-28, 333,10
Stairs 302,-28, 282,-28, 302,10
Stairs 241,35, 241,15, 279,35
Stairs 217,166, 217,146, 255,166
Stairs 217,380, 217,359, 255,380
Stairs 250,629, 250,649, 288,629
Stairs 386,629, 386,649, 348,629
Stairs 350,490, 350,504, 364,490
Stairs 350,536, 350,522, 364,536

PenColor FF0000
Arrow 951,524, 969,524, 969,547, 947,547
Arrow 365,497, 339,497
PenColor 009900
Arrow 357,529, 381,529
Arrow 950,474, 969,474, 969,498, 953,498

BrushColor -1
PenColor 00AFAF
AngleTextOut 0, Arial, 15, 391, 120, ул. Якуба Коласа
AngleTextOut 0, Arial, 15, 761, 120, ул. Якуба Коласа
AngleTextOut 0, Arial, 15, 1009, 498, проспект Независимости
AngleTextOut 0, Arial, 15, 95, 507, проспект Независимости
AngleTextOut -90, Arial, 15, 408, 666, бульвар
AngleTextOut -90, Arial, 15, 275, 666, бульвар
AngleTextOut -90, Arial, 15, 261, 665, Мулявина
AngleTextOut -90, Arial, 15, 394, 665, Мулявина
AngleTextOut 0, Arial, 15, 133, 118, ул. Красная
AngleTextOut 0, Arial, 15, 985, 606, ЦУМ
AngleTextOut 0, Arial, 15, 403, 235, Площадь Якуба Коласа
AngleTextOut 0, Arial, 15, 99, 237, Площадь Якуба Коласа
AngleTextOut -90, Arial, 15, 407, -99, Комаровский\nрынок
AngleTextOut 0, Arial, 15, 84, 149, Посадка на трамваи\nв направлении\nЗеленого Луга
Arrow 362,-42, 362,-112
Arrow 981,624, 1026,624
AngleTextOut -90, Arial, 15, 1195, 337, ул. Гикало
AngleTextOut -90, Arial, 15, 328, -113, ул. Веры Хоружей
