Size 965x600
Angle -20

BrushColor BF0050
Polygon 363,105, 363,75, 813,75, 813,105
Polygon 363,185, 363,215, 813,215, 813,185

BrushColor -1
PenColor BF0050
AngleTextOut 0, Arial, 25, 501, 128, Пролетарская, 1
AngleTextOut 0, Arial, 20, 641, 214, Тракторный завод >>
AngleTextOut 0, Arial, 20, 364, 52, << Первомайская

PenColor 000000
Line 813,105, 823,105, 823,119, 813,119, 813,169, 823,169, 823,185, 813,185
Line 363,105, 329,105, 329,112
Line 363,185, 329,185, 329,179
Line 337,112, 257,112, 257,118, 244,118, 244,112, 193,112, 193,198, 200,198, 200,335, 160,335
Line 337,179, 257,179, 257,173, 244,173, 244,355, 160,355

Stairs 335,112, 335,179, 289,112
Stairs 162,335, 162,355, 200,335

BrushColor D0D0D0
Polygon 244,133, 257,133, 257,159, 244,159

PenColor FF0000
Arrow 245,166, 228,166
PenColor 009900
Arrow 255,125, 273,125

BrushColor -1
PenColor 00AFAF
AngleTextOut 0, Arial, 15, 254, 271, ул. Судмалиса
AngleTextOut 0, Arial, 15, 887, 271, ул. Судмалиса
AngleTextOut 90, Arial, 15, 870, 437, ул. Серафимовича
AngleTextOut 0, Arial, 15, 33, 307, 'на ж/д станцию\n"Минск-Восточный"'
Arrow 147,350, 20,350, -12,326, 137,250
