Size 1100x520
Angle 5

;перекресток
PenColor F5F5F5
BrushColor F5F5F5
Line 237,-36, 237,535, 40
Line -12,285, 1109,285, 40
Spline 237,57, 314,214, 467,285, 40
Spline 467,285, 317,355, 237,515, 40
Spline 237,515, 157,352, 9,285, 40
Spline 9,285, 164,211, 237,57, 40
Spline 237,391, 312,361, 343,285, 314,213, 237,181, 164,213, 133,285, 160,356, 237,391, 40

;пути
PenColor 000000
BrushColor BF0050
Polygon 415,246, 415,216, 865,216, 865,246
Polygon 415,326, 415,356, 865,356, 865,326

BrushColor -1
PenColor BF0050
AngleTextOut 0, Arial, 25, 563, 267, Пушкинская, 1
AngleTextOut 0, Arial, 20, 727, 356, Молодежная >>
AngleTextOut 0, Arial, 20, 416, 192, << Спортивная

;правый вестибюль

PenColor 000000
Line 865,246, 865,259, 913,259, 913,242, 978,242, 978,172, 928,172
Line 928,150, 1063,150
Line 1063,172, 1013,172, 1013,401, 1063,401
Line 1063,422, 928,422
Line 928,401, 978,401, 978,330, 913,330, 913,313, 865,313, 865,326

Stairs 867,259, 867,313, 913,259
Stairs 930,172, 930,150, 976,172
Stairs 1061,172, 1061,150, 1015,172
Stairs 930,401, 930,422, 976,401
Stairs 1061,401, 1061,422, 1015,401

BrushColor D0D0D0
Polygon 970,277, 978,277, 978,293, 970,293

;турникеты

;стрелки

;левый вестибюль

PenColor 000000
Line 415,246, 415,257, 318,257
Spline 310,242, 314,248, 318,257
Line 310,242, 357,195, 391,229
Line 409,211, 313,115
Line 296,132, 330,166, 282,214
Spline 282,214, 237,201, 194,214
Line 194,214, 146,166, 180,132
Line 163,115, 67,211
Line 84,228, 118,194, 166,242
Spline 166,242, 153,285, 166,330
Line 166,330, 118,378, 84,344
Line 67,361, 163,457
Line 180,440, 146,406, 194,358
Spline 194,358, 237,371, 282,359
Line 282,359, 330,407, 296,441
Line 313,458, 410,361
Line 415,326, 415,316, 318,316
Spline 318,316, 315,323, 311,330
Line 311,330, 359,378, 393,344

Stairs 413,316, 413,257, 367,316
Stairs 297,440, 314,457, 329,408
Stairs 392,345, 409,362, 360,377
Stairs 297,133, 314,116, 329,165
Stairs 390,228, 408,210, 358,196
Stairs 179,133, 162,116, 147,165
Stairs 85,227, 68,210, 117,195
Stairs 85,345, 68,362, 117,377
Stairs 179,439, 162,456, 147,407

; турникеты

; стрелки

;названия улиц голубым
BrushColor -1
PenColor 00AFAF
AngleTextOut 0, Arial, 15, 13, 275, улица Притыцкого
AngleTextOut 90, Arial, 15, 226, 112, проспект Пушкина

