Size 940x1000
Angle -50

;пути
PenColor 000000
BrushColor BF0050
Polygon 130,545, 130,513, 580,513, 580,545
Polygon 130,656, 130,624, 580,624, 580,656

BrushColor -1
PenColor BF0050
AngleTextOut 0, Arial, 20, 130, 488, << Пролетарская
AngleTextOut 0, Arial, 20, 437, 656, Партизанская >>
AngleTextOut 0, Arial, 25, 253, 566, Тракторный завод, 1

; правый вестибюль

PenColor 000000
Line 580,545, 580,559, 628,559, 628,513, 696,513, 696,534, 723,534, 723,506, 673,506
Line 724,795, 724,634, 696,634, 696,656, 628,656, 628,609, 580,609, 580,624
Line 744,795, 744,684, 794,684
Line 794,664, 744,664, 744,423, 794,423
Line 723,157, 723,403, 673,403
Line 673,423, 723,423, 723,486, 673,486
Line 744,157, 744,403, 794,403
Stairs 582,609, 582,559, 628,609
Stairs 723,159, 744,159, 723,205
Stairs 675,506, 675,486, 721,506
Stairs 675,423, 675,403, 721,423
Stairs 792,423, 792,403, 746,423
Stairs 792,684, 792,664, 746,684
Stairs 744,793, 724,793, 744,747

BrushColor D0D0D0
Polygon 696,609, 696,559, 723,559, 723,609

; левый вестибюль

PenColor 000000
Line 130,624, 130,610, 82,610, 82,656, 14,656, 14,635, -13,635, -13,656, -45,656, -45,452, -95,452
Line -95,432, 37,432
Line 37,452, -13,452, -13,535, 14,535, 14,513, 82,513, 82,560, 130,560, 130,545
Stairs 128,560, 128,610, 82,560
Stairs 35,452, 35,432, -11,452
Stairs -93,452, -93,432, -47,452

BrushColor D0D0D0
Polygon -13,610, -13,560, 14,560, 14,610

;названия улиц голубым

BrushColor -1
PenColor 00AFAF
AngleTextOut 0, Arial, 15, 757, 709, Долгобродская улица >>
AngleTextOut 0, Arial, 15, 791, 445, << Долгобродская улица
AngleTextOut 90, Arial, 15, 691, 973, бульвар Тракторостроителей
