Size 990x700
Angle 27

;пути
BrushColor 00009F
Polygon 281,266, 281,236, 731,236, 731,266
Polygon 281,376, 281,346, 731,346, 731,376

BrushColor -1
PenColor 00009F
AngleTextOut 0, Arial, 25, 457, 288, Уручье, 1
AngleTextOut 0, Arial, 20, 660, 376, тупик >>
AngleTextOut 0, Arial, 20, 284, 212, << Борисовский тракт

; правый вестибюль
PenColor 000000
Line 731,266, 731,276, 804,276, 804,285, 814,285, 814,206, 766,206
Line 766,188, 901,188
Line 901,206, 853,206, 853,514, 901,514
Line 901,532, 719,532
Line 719,514, 814,514, 814,327, 804,327, 804,336, 731,336, 731,346
Stairs 768,206, 768,188, 814,206
Stairs 899,206, 899,188, 853,206
Stairs 899,514, 899,532, 853,514
Stairs 721,514, 721,532, 767,514
Stairs 733,336, 733,276, 779,336

BrushColor D0D0D0
Polygon 804,298, 814,298, 814,311, 804,311

; левый вестибюль
PenColor 000000
Line 293,514, 198,514, 198,327, 209,327, 209,336, 281,336, 281,346
Line 281,266, 281,276, 209,276, 209,285, 199,285, 199,206, 247,206
Line 247,188, 112,188
Line 112,206, 160,206, 160,514, 112,514
Line 112,532, 293,532
Stairs 114,514, 114,532, 160,514
Stairs 291,514, 291,532, 245,514
Stairs 245,206, 245,188, 199,206
Stairs 114,206, 114,188, 160,206
Stairs 279,336, 279,315, 233,336
Stairs 279,276, 279,297, 233,276

Line 233,297, 311,297
Spline 311,297, 316,293, 323,291, 330,293, 335,297
Spline 335,315, 330,319, 323,321, 316,319, 311,315
Line 233,315, 311,315


BrushColor D0D0D0
Polygon 199,298, 210,298, 210,311, 199,311

;лифт
PenColor 000000
BrushColor D0EFFF
Polygon 335,315, 335,297, 353,297, 353,315
BrushColor -1
AngleTextOut 0, Arial, 7, 336, 301, лифт


;названия улиц голубым
BrushColor -1
PenColor 00AFAF
AngleTextOut 0, Arial, 15, 896, 295, проспект Независимости
AngleTextOut 0, Arial, 15, -19, 292, проспект Независимости
AngleTextOut -55, Arial, 15, 607, 49, Ложинская улица
