Size 1150x870
Angle 23

;пути
BrushColor 00009F
Polygon 295,413, 295,383, 745,383, 745,413
Polygon 295,523, 295,493, 745,493, 745,523

BrushColor -1
PenColor 00009F
AngleTextOut 0, Arial, 25, 471, 435, Восток, 1
AngleTextOut 0, Arial, 20, 553, 523, Борисовский тракт >>
AngleTextOut 0, Arial, 20, 298, 359, << Московская

; правый вестибюль
PenColor 000000
Line 745,413, 745,423, 818,423, 818,432, 828,432, 828,332, 788,332
Line 788,314, 912,314
Line 912,332, 872,332, 872,437, 882,437, 882,462, 872,462, 872,577, 893,577
Line 893,595, 807,595
Line 807,577, 828,577, 828,474, 818,474, 818,483, 745,483, 745,493
Stairs 790,332, 790,314, 828,332
Stairs 910,332, 910,314, 872,332
Stairs 891,577, 891,595, 872,577
Stairs 809,577, 809,595, 828,577
Stairs 747,483, 747,423, 793,483
Stairs 828,558, 872,558, 828,540

BrushColor D0D0D0
Polygon 818,445, 828,445, 828,458, 818,458
Polygon 872,437, 882,437, 882,474, 872,474
Line 872,462, 882,462

; стрелки

PenColor FF0000
Arrow 807,466, 834,466
PenColor 009900
Arrow 833,438, 806,438

; левый вестибюль
PenColor 000000
Line 248,577, 212,577, 212,474, 223,474, 223,483, 295,483, 295,493
Line 295,413, 295,423, 223,423, 223,432, 213,432, 213,332, 253,332
Line 253,314, 129,314
Line 129,332, 169,332, 169,577, 129,577
Line 129,595, 248,595
Stairs 131,577, 131,595, 169,577
Stairs 246,577, 246,595, 212,577
Stairs 251,332, 251,314, 213,332
Stairs 131,332, 131,314, 169,332
Stairs 293,483, 293,423, 247,483

BrushColor D0D0D0
Polygon 213,445, 224,445, 224,458, 213,458

; стрелки

PenColor FF0000
Arrow 228,438, 206,438
PenColor 009900
Arrow 206,466, 230,466

;названия улиц голубым
BrushColor -1
PenColor 00AFAF
AngleTextOut 0, Arial, 15, 915, 442, проспект Независимости
AngleTextOut 0, Arial, 15, -10, 439, проспект Независимости
AngleTextOut -90, Arial, 15, 1209, 247, ул. Калиновского
AngleTextOut 0, Arial, 15, -54, 565, Национальная библиотека
AngleTextOut 0, Arial, 15, 376, 587, Посадка на транспорт в направлении\nЗеленого Луга и Уручья в т.ч. на\nпригородные и междугородные автобусы\nМосковского и Витебского направлений
Arrow 123,586, 67,586
