Size 510x286

; река
PenColor AAD6FA
BrushColor AAD6FA
Polygon 0,273, 222,201, 251,172, 295,167, 358,143, 369,103, 407,67, 430,32, 510,4, 510,20, 483,32, 473,32, 443,47, 427,78, 405,91, 402,99, 387,105, 375,139, 383,140, 394,133, 411,133, 459,106, 471,91, 491,82, 500,65, 510,60, 510,73, 492,91, 491,97, 492,101, 494,102, 503,100, 510,99, 510,109, 453,126, 441,153, 355,209, 320,244, 287,253, 252,244, 210,244, 76,286, 0,286
;Polygon 0,273, 222,201, 251,172, 295,167, 358,143, 369,103, 407,67, 430,32, 510,4, 510,109, 453,126, 441,153, 355,209, 320,244, 287,253, 252,244, 210,244, 76,286, 0,286
PenColor FFFFFF
BrushColor FFFFFF
Polygon 256,212, 267,211, 302,191, 316,190, 329,180, 334,170, 359,157, 381,158, 385,163, 373,175, 359,179, 354,182, 352,190, 330,210, 304,238, 291,239, 286,242, 277,242, 265,237, 253,225, 253,215
;Polygon 510,20, 483,32, 473,32, 443,47, 427,78, 405,91, 402,99, 387,105, 375,139, 383,140, 394,133, 411,133, 459,106, 471,91, 491,82, 500,65, 510,60
;Polygon 510,73, 492,91, 491,97, 492,101, 494,102, 503,100, 510,99
PenColor 2BAADA
Line 0,273, 222,201, 251,172, 295,167, 358,143, 369,103, 407,67, 430,32, 510,4
Line 510,20, 483,32, 473,32, 443,47, 427,78, 405,91, 402,99, 387,105, 375,139, 383,140, 394,133, 411,133, 459,106, 471,91, 491,82, 500,65, 510,60
Line 510,73, 492,91, 491,97, 492,101, 494,102, 503,100, 510,99
Line 510,109, 453,126, 441,153, 355,209, 320,244, 287,253, 252,244, 210,244, 76,286
Line 256,212, 267,211, 302,191, 316,190, 329,180, 334,170, 359,157, 381,158, 385,163, 373,175, 359,179, 354,182, 352,190, 330,210, 304,238, 291,239, 286,242, 277,242, 265,237, 253,225, 253,215, 256,212

PenColor 0404A4
BrushColor -1
TextOut Arial, 25, 198, 8, Красноярск, 1
TextOut Arial, 8, 162, 34, (Внимание! Все интервалы в этой версии равны 2 минутам)
