Size 480x560

BrushColor CBECF4
PenColor CBECF4
Polygon 0,0, 480,0, 480,560, 0,560

PenColor FFFFFF
BrushColor FFFFFF
Line 362,129, 480,109, 3
BrushColor -1
PenColor 1FB5E9
AngleTextOut 35, 10, 30, 198, 478, Lower New York Bay
PenColor 3A29DD
AngleTextOut 9, 10, 8, 373, 115, Verrazano-Narrows Bridge, 3

PenColor FFFAEA
BrushColor FFFAEA
Polygon 74,99, 76,95, 81,98, 85,99, 89,100, 93,101, 98,101, 105,102, 112,102, 118,102, 123,101, 126,99, 130,97, 134,94, 138,91, 143,88, 147,84, 151,81, 155,78, 158,76, 162,77, 165,78, 168,77, 171,74, 173,73, 185,72, 188,71, 192,68, 197,64, 202,60, 204,56, 209,54, 213,50, 217,49, 223,46, 228,44, 234,42, 239,39, 243,36, 247,32, 251,28, 255,25, 260,22, 264,21, 269,19, 273,19, 278,20, 282,21, 284,24, 284,30, 285,34, 286,39, 288,43, 291,45, 294,46, 297,46, 301,49, 303,56, 307,62, 310,68, 314,73, 317,77, 321,82, 325,85, 329,88, 333,90, 337,93, 340,96, 341,101, 345,104, 350,107, 354,111, 357,114, 360,118, 362,122, 363,128, 361,135, 359,140, 358,145, 356,150, 353,156, 350,160, 348,165, 345,171, 344,176, 341,181, 339,187, 337,192, 334,199, 331,209, 328,216, 324,223, 322,230, 319,236, 317,241, 315,247, 313,252, 312,258, 311,263, 310,270, 307,275, 304,280, 302,286, 299,292, 293,293, 291,301, 286,308, 285,312, 238,326, 233,339, 232,343, 231,348, 232,353, 231,361, 229,367, 226,373, 224,378, 221,382, 217,387, 215,391, 211,396, 207,400, 203,404, 199,408, 195,412, 192,417, 189,421, 187,424, 186,426, 185,429, 182,431, 179,433, 174,434, 171,436, 166,439, 163,444, 161,448, 160,452, 159,457, 157,463, 154,467, 151,470, 146,472, 141,473, 137,473, 132,474, 127,477, 123,481, 122,486, 120,491, 118,494, 115,498, 112,502, 108,506, 105,508, 102,511, 97,512, 94,512, 91,516, 88,520, 85,523, 83,527, 80,530, 77,532, 74,537, 67,541, 63,544, 58,547, 52,547, 45,544, 38,540, 33,535, 30,530, 28,526, 28,515, 31,508, 33,502, 36,495, 38,486, 43,483, 45,480, 44,475, 41,473, 37,468, 35,463, 33,454, 33,447, 32,439, 29,434, 23,431, 19,428, 16,423, 15,416, 16,412, 18,408, 24,408, 24,406, 25,401, 27,395, 28,392, 30,387, 33,382, 36,378, 40,376, 44,373, 50,372, 55,371, 60,369, 64,366, 68,364, 71,362, 74,360, 73,355, 71,350, 70,344, 69,338, 69,333, 69,328, 69,323, 70,319, 72,314, 75,312, 80,311, 83,308, 86,305, 87,301, 87,297, 91,295, 97,291, 93,285, 89,286, 83,287, 78,288, 73,290, 69,291, 66,287, 65,281, 64,274, 63,268, 62,263, 62,257, 62,251, 64,246, 67,244, 67,239, 68,234, 68,229, 67,224, 64,218, 61,214, 58,209, 57,205, 58,201, 58,196, 58,192, 53,189, 48,188, 44,185, 41,181, 40,175, 40,169, 38,165, 36,161, 33,157, 32,153, 33,149, 35,142, 38,136, 40,131, 41,125, 41,120, 42,117, 45,115, 50,115, 51,111, 51,107, 53,104, 56,102, 59,101, 64,103, 68,104, 72,105, 73,102

PenColor D5FFC8
BrushColor D5FFC8
Polygon 197,106, 201,110, 204,114, 208,115, 213,117, 218,117, 221,117, 226,119, 230,120, 234,121, 237,118, 241,114, 243,110, 244,106, 246,102, 244,98, 243,94, 241,89, 241,85, 244,81, 248,78, 253,76, 257,75, 263,75, 265,76, 265,80, 264,84, 262,89, 261,92, 259,96, 258,100, 257,102, 264,103, 263,107, 261,112, 260,116, 258,120, 256,122, 254,124, 252,122, 250,120, 247,120, 245,121, 243,123, 243,125, 244,130, 228,140, 224,140, 222,138, 221,135, 218,133, 215,133, 211,134, 207,129, 204,125, 201,121, 192,109
Polygon 242,294, 285,310, 254,376, 243,369, 243,366, 247,363, 250,361, 253,357, 256,354, 259,350, 261,345, 262,340, 262,335, 259,331, 254,329, 247,328, 243,328, 239,329, 236,332, 234,335, 233,337, 225,333
Polygon 188,293, 197,277, 233,288, 223,316, 217,316, 212,327, 207,323, 209,313
Polygon 95,286, 98,285, 101,283, 104,281, 105,277, 106,271, 105,265, 104,261, 102,257, 101,253, 100,248, 103,243, 105,237, 106,232, 107,226, 107,222, 111,217, 113,212, 115,208, 116,206, 130,206, 133,207, 135,211, 134,215, 133,220, 134,224, 135,226, 137,227, 139,228, 141,230, 142,232, 142,236, 142,240, 139,242, 135,243, 132,244, 129,246, 125,248, 124,252, 125,255, 126,261, 127,268, 128,274, 129,280, 131,285, 132,289, 135,293, 139,292, 143,290, 147,287, 151,285, 155,281, 159,277, 163,273, 166,269, 170,265, 173,260, 175,255, 176,250, 180,245, 182,239, 183,235, 184,229, 183,225, 178,223, 172,221, 167,219, 162,218, 159,216, 153,217, 147,219, 138,199, 146,197, 146,194, 145,192, 145,188, 147,185, 150,183, 152,184, 154,187, 155,190, 155,194, 156,199, 158,203, 160,207, 162,211, 164,212, 167,213, 171,215, 176,217, 180,218, 184,220, 187,221, 198,222, 202,223, 206,225, 209,227, 213,229, 217,231, 219,233, 220,238, 219,242, 217,245, 215,248, 213,251, 208,253, 205,255, 202,257, 200,259, 199,262, 199,266, 198,270, 196,274, 192,277, 188,280, 185,283, 181,287, 178,290, 175,293, 172,295, 169,297, 168,300, 170,302, 169,306, 167,309, 164,312, 161,316, 156,318, 151,319, 146,319, 141,318, 137,316, 134,313, 135,310, 132,308, 128,305, 122,302, 117,300, 110,299, 104,296, 99,295, 93,292

PenColor 3A29BD
;PenColor 1FB5E9
BrushColor -1
TextOut 10, 17, 162, 153, STATEN, 1
TextOut 10, 17, 164, 166, ISLAND, 1
TextOut 10, 9, 147, 223, STATEN, 1
TextOut 10, 9, 148, 231, ISLAND, 1
TextOut 10, 9, 151, 239, MALL, 1
TextOut 10, 9, 110, 292, LA TOURETTE, 1
TextOut 10, 9, 132, 301, PARK, 1
TextOut 10, 9, 241, 303, GREAT, 1
TextOut 10, 9, 244, 311, KILLS, 1
TextOut 10, 9, 244, 319, PARK, 1
TextOut 10, 9, 200, 113, CLOVE, 1
TextOut 10, 9, 201, 121, LAKES, 1
TextOut 10, 9, 203, 129, PARK, 1
TextOut 10, 9, 238, 82, SILVER, 1
TextOut 10, 9, 241, 89, LAKE, 1
TextOut 10, 9, 241, 96, PARK, 1
