Size 900x600
Angle 25

PenColor 000000
BrushColor DC004B
Polygon 541,392, 541,377, -1,377, -1,392
Polygon -1,262, -1,247, 541,247, 541,262

Line -1,262, -1,276, 81,276, 81,363, -1,363, -1,377
Line 541,262, 541,276, 448,276, 448,285, 489,285, 489,279
Line 541,377, 541,363, 448,363, 448,353, 489,353, 489,360
Dashed 489,360, 690,360, 690,279, 489,279, 489,360

;Line 637,542, 703,584
;Line 652,598, 652,609, 637,609, 637,620, 647,620, 647,634
;Line 680,598, 680,609, 694,609, 694,620, 684,620, 684,634
;Dashed 679,568, 679,490
;Line 719,558, 733,558, 733,581, 743,581, 743,563, 754,563, 754,571, 766,583, 766,590, 811,590, 818,582, 818,563, 825,563
;Line 719,532, 733,532, 733,509, 743,509, 743,525, 754,525, 754,521, 757,516, 775,516, 775,501, 810,501, 818,509, 818,527, 825,527
;Spline 628,583, 638,592, 652,598
;Spline 680,598, 703,584, 719,558
;Spline 719,532, 704,507, 680,490, 649,490, 629,501
Line 675,279, 682,258, 748,192, 814,258, 814,382, 748,448, 682,382, 675,360
Line 778,319, 690,319

PenColor FF0000
Arrow 781,358, 839,358
PenColor 009900
Arrow 839,283, 781,283
Dashed 740,319, 708,232

BrushColor -1
PenColor DC004B
AngleTextOut 0, Arial, 20, 326, 393, Гражданский проспект >>
AngleTextOut 0, Arial, 20, 20, 222, << Политехническая
AngleTextOut 0, Arial, 25, 187, 301, Академическая, 1

PenColor 00AFAF
AngleTextOut 45, Arial, 15, 754, 511, Гражданский проспект
AngleTextOut -45, Arial, 15, 795, 150, проспект Науки
