Size 850x1140
Angle -60

PenColor 000000
BrushColor EA7B16
Polygon 361,669, 361,683, -197,683, -197,669
Polygon 361,551, 361,537, -197,537, -197,551

Line -197,669, -197,650, -135,650, -135,570, -197,570, -197,551
Line -51,650, -94,650, -94,570, -51,570, -51,650
Line 361,669, 361,657, 334,657, 334,647, 376,647
Line 361,551, 361,561, 334,561, 334,572, 376,572

Dashed 376,647, 376,572, 606,572, 606,647, 376,647

Line 642,770, 736,770, 736,705, 726,705, 726,672, 712,672, 712,651, 662,651, 662,661, 544,661, 544,557, 662,557, 662,568, 736,568, 736,449, 643,449
Line 642,407, 642,392, 883,392, 883,397, 736,397, 736,407, 642,407
Line 642,379, 896,379, 896,406, 802,406
Line 896,449, 801,449, 801,770, 896,770
Line 801,813, 896,813, 896,840, 642,840
Line 642,812, 736,812, 736,822, 883,822, 883,826, 642,826, 642,812
Line 736,619, 681,619, 681,600, 736,600, 736,619
Line 753,652, 747,658, 736,658, 736,693
Line 763,641, 769,635, 769,625
Line 769,615, 769,605
Line 769,596, 769,584, 763,578
Line 753,568, 746,561, 736,561
Line 634,660, 634,641
Dashed 634,641, 634,557
Line 736,658, 736,651, 723,651

Stairs 650,812, 650,770, 684,812
Stairs 701,812, 701,771, 733,812
Stairs 887,770, 887,813, 855,771
Stairs 837,770, 837,813, 804,770
Stairs 650,449, 650,407, 683,449
Stairs 701,449, 701,407, 733,449
Stairs 886,449, 886,406, 854,449
Stairs 837,449, 837,406, 804,449
Stairs 732,651, 732,619, 723,651
Stairs 733,600, 733,568, 724,600
Stairs 710,651, 710,619, 698,651
Stairs 710,600, 710,568, 697,600

PenColor FF0000
Arrow 752,600, 766,600
Arrow 747,585, 757,575
PenColor 008000
Arrow 752,699, 739,699
Arrow 770,658, 761,649
Arrow 784,621, 771,621

BrushColor -1
PenColor EA7B16
AngleTextOut 0, Arial, 20, -192, 513, << тупик
AngleTextOut 0, Arial, 20, 193, 681, Старая деревня >>
AngleTextOut 0, Arial, 25, 30, 592, Комендантский пр., 1

PenColor 00AFAF
AngleTextOut 0, Arial, 15, 861, 603, Комендантский проспект
